                         0
                      0.25
                      0.25
                         1
        0.4849355770053048
                         1
                      2.25
         1.228906853692025
         1.228906853692025
                      2.25
                        16
                        20
                     18.25
                        17
                     16.25
                     12.25
                         9
                      6.25
                         4
         2.477100814035497
         1.969930925655221
         2.477100814035497
                         4
         12.48641371975613
                     16.25
         14.48623150230922
         13.23265526710411
         9.230856779691001
         6.478465117517861
         4.227353822357049
         3.217907241071856
         3.217907241071855
         4.227353822357048
                      6.25
         9.975149687655863
                        13
          11.2306178702837
         7.221698292884491
          4.96962479329276
         4.468256122243255
         4.969624793292758
         6.478465117517861
                         9
         8.477873992657813
                     10.25
         6.225220012021231
                     12.25
         6.225220012021232
         7.221698292884491
         9.230856779691001
                        16
                         8
         12.48641371975613
         8.477873992657811
         9.975149687655861
                     16.25
                     10.25
          13.2326552671041
         11.23061787028369
                        17
                        13
         14.48623150230922
                     18.25
                     16.25
                        20
