10 October 2014 08:37:22 AM

MEDIT_IO_PRB
  C++ version
  Test the MEDIT_IO library.

TEST01:
  Create a hexahedral mesh and write it to a file.

  Created the file "hexahexa_2x2x2.mesh".

MESH_IO_TEST03
  Read a mesh file and print its sizes.

  END statement encountered.

  Read 72 lines from "hexahexa_2x2x2.mesh".

  Header information for "hexahexa_2x2x2.mesh"

  Number of dimensions = 0
  Number of vertices = 27
  Number of edges = 0
  Number of triangles = 0
  Number of quadrilaterals = 24
  Number of tetrahedrons = 0
  Number of hexahedrons = 8

TEST02:
  Create a tetrahedral mesh and write it to a file.

  Created the file "cyl248.mesh".

MESH_IO_TEST03
  Read a mesh file and print its sizes.

  END statement encountered.

  Read 507 lines from "cyl248.mesh".

  Header information for "cyl248.mesh"

  Number of dimensions = 0
  Number of vertices = 92
  Number of edges = 0
  Number of triangles = 154
  Number of quadrilaterals = 0
  Number of tetrahedrons = 248
  Number of hexahedrons = 0

MESH_IO_TEST04
  Read a mesh file and print its data.

  END statement encountered.

  Read 507 lines from "cyl248.mesh".

  END statement encountered.

  Read 507 lines from "cyl248.mesh".

  Data for file "cyl248.mesh".

  Vertices:

  (1)
  (1)
  (1)
  (1)
  (1)
  (1)
  (1)
  (1)
  (1)
  (1)
  (1)
  (0)
  (0)
  (0)
  (0)
  (0)
  (0)
  (0)
  (0)
  (0)
  (0)
  (0)
  (0)
  (0)
  (0)
  (0)
  (0)
  (0)
  (0)
  (0)
  (0)
  (0)
  (0)
  (0)
  (0)
  (0)
  (0)
  (0)
  (0)
  (0)
  (0)
  (0)
  (0)
  (0)
  (0)
  (0)
  (0)
  (0)
  (0)
  (0)
  (0)
  (0)
  (0)
  (0)
  (0)
  (0)
  (0)
  (0)
  (0)
  (0)
  (0)
  (0)
  (0)
  (0)
  (0)
  (0)
  (0)
  (0)
  (0)
  (0)
  (0)
  (0)
  (0)
  (0)
  (0)
  (0)
  (0)
  (0)
  (0)
  (0)
  (0)
  (0)
  (0)
  (0)
  (0)
  (0)
  (0)
  (0)
  (0)
  (0)
  (0)
  (0)

  Triangles:

  12  20  19  (4)
  12  13  20  (4)
  19  20  18  (4)
  20  22  18  (4)
  22  17  18  (4)
  22  16  17  (4)
  13  21  20  (4)
  13  14  21  (4)
  14  15  21  (4)
  22  15  16  (4)
  22  21  15  (4)
  20  21  22  (4)
  1  9  8  (2)
  2  9  1  (2)
  9  7  8  (2)
  2  11  9  (2)
  11  2  3  (2)
  11  3  4  (2)
  9  10  7  (2)
  7  10  6  (2)
  10  5  6  (2)
  11  4  5  (2)
  5  10  11  (2)
  9  11  10  (2)
  23  1  8  (3)
  26  23  8  (3)
  26  8  7  (3)
  27  1  23  (3)
  2  1  27  (3)
  26  7  28  (3)
  7  6  28  (3)
  27  29  2  (3)
  29  3  2  (3)
  29  30  3  (3)
  30  4  3  (3)
  6  31  28  (3)
  6  5  31  (3)
  5  32  31  (3)
  5  4  32  (3)
  12  19  33  (3)
  19  34  33  (3)
  19  18  34  (3)
  12  33  35  (3)
  12  35  13  (3)
  18  36  34  (3)
  36  18  17  (3)
  35  37  13  (3)
  13  37  14  (3)
  38  14  37  (3)
  38  15  14  (3)
  39  36  17  (3)
  39  17  16  (3)
  38  40  15  (3)
  40  16  15  (3)
  39  16  40  (3)
  33  41  35  (3)
  33  42  41  (3)
  33  34  42  (3)
  36  43  34  (3)
  43  42  34  (3)
  39  44  36  (3)
  44  43  36  (3)
  35  45  37  (3)
  35  41  45  (3)
  37  46  38  (3)
  37  45  46  (3)
  38  47  40  (3)
  38  46  47  (3)
  39  48  44  (3)
  39  40  48  (3)
  47  48  40  (3)
  44  49  43  (3)
  44  50  49  (3)
  44  48  50  (3)
  43  51  42  (3)
  43  49  51  (3)
  42  52  41  (3)
  42  51  52  (3)
  41  53  45  (3)
  41  52  53  (3)
  45  54  46  (3)
  45  53  54  (3)
  46  55  47  (3)
  46  54  55  (3)
  30  32  4  (3)
  23  56  27  (3)
  23  57  56  (3)
  23  26  57  (3)
  28  58  26  (3)
  58  57  26  (3)
  31  59  28  (3)
  59  58  28  (3)
  32  60  31  (3)
  60  59  31  (3)
  27  61  29  (3)
  27  56  61  (3)
  29  62  30  (3)
  29  61  62  (3)
  55  63  47  (3)
  63  48  47  (3)
  48  63  50  (3)
  54  64  55  (3)
  64  65  55  (3)
  65  63  55  (3)
  53  66  54  (3)
  66  64  54  (3)
  52  67  53  (3)
  67  66  53  (3)
  51  68  52  (3)
  68  67  52  (3)
  49  69  51  (3)
  69  68  51  (3)
  50  70  49  (3)
  70  69  49  (3)
  63  71  50  (3)
  71  70  50  (3)
  65  71  63  (3)
  64  25  65  (3)
  64  73  25  (3)
  64  66  73  (3)
  67  24  66  (3)
  24  72  66  (3)
  72  73  66  (3)
  68  75  67  (3)
  75  24  67  (3)
  69  77  68  (3)
  77  75  68  (3)
  70  78  69  (3)
  78  77  69  (3)
  62  78  30  (3)
  78  76  30  (3)
  76  32  30  (3)
  32  76  60  (3)
  61  77  62  (3)
  77  78  62  (3)
  56  75  61  (3)
  75  77  61  (3)
  57  24  56  (3)
  24  75  56  (3)
  58  72  57  (3)
  72  24  57  (3)
  59  25  58  (3)
  25  73  58  (3)
  73  72  58  (3)
  60  74  59  (3)
  74  25  59  (3)
  25  74  65  (3)
  65  74  71  (3)
  70  76  78  (3)
  71  79  70  (3)
  79  76  70  (3)
  79  60  76  (3)
  74  60  71  (3)
  60  79  71  (3)

  Tetrahedrons:

  23  1  9  8  (1)
  27  9  23  1  (1)
  26  8  23  9  (1)
  26  9  7  8  (1)
  2  9  27  1  (1)
  26  9  10  7  (1)
  26  28  7  10  (1)
  11  29  3  2  (1)
  7  6  10  28  (1)
  10  6  31  28  (1)
  11  29  30  3  (1)
  11  30  4  3  (1)
  11  30  32  4  (1)
  10  6  5  31  (1)
  11  5  4  32  (1)
  19  33  34  20  (1)
  39  22  40  16  (1)
  39  17  36  22  (1)
  39  22  16  17  (1)
  40  22  15  16  (1)
  12  19  20  33  (1)
  19  20  34  18  (1)
  12  33  20  35  (1)
  38  37  14  21  (1)
  36  22  17  18  (1)
  38  14  15  21  (1)
  13  14  37  21  (1)
  12  20  13  35  (1)
  80  32  11  30  (1)
  80  28  10  31  (1)
  80  31  59  28  (1)
  80  58  57  26  (1)
  80  28  58  26  (1)
  80  59  58  28  (1)
  80  28  26  10  (1)
  80  10  26  9  (1)
  80  9  11  10  (1)
  80  9  26  23  (1)
  80  23  26  57  (1)
  80  23  27  9  (1)
  80  23  56  27  (1)
  80  30  11  29  (1)
  80  5  10  11  (1)
  80  5  11  32  (1)
  80  5  32  31  (1)
  80  31  10  5  (1)
  80  2  11  9  (1)
  80  29  11  2  (1)
  80  2  9  27  (1)
  80  27  29  2  (1)
  81  40  39  22  (1)
  81  22  39  36  (1)
  81  18  36  34  (1)
  81  34  20  18  (1)
  81  22  36  18  (1)
  81  20  22  18  (1)
  81  37  38  21  (1)
  81  20  33  35  (1)
  81  13  21  20  (1)
  81  13  20  35  (1)
  81  13  37  21  (1)
  81  35  37  13  (1)
  81  20  21  22  (1)
  81  34  33  20  (1)
  81  21  38  15  (1)
  81  38  40  15  (1)
  81  22  21  15  (1)
  81  15  40  22  (1)
  82  60  74  59  (1)
  82  74  25  59  (1)
  82  73  72  58  (1)
  82  25  73  58  (1)
  82  59  25  58  (1)
  82  58  72  57  (1)
  82  57  80  58  (1)
  82  58  80  59  (1)
  83  71  79  70  (1)
  83  70  76  78  (1)
  83  79  76  70  (1)
  83  79  60  76  (1)
  83  82  60  74  (1)
  84  54  64  55  (1)
  84  64  65  55  (1)
  84  65  63  55  (1)
  84  65  71  63  (1)
  85  29  62  30  (1)
  85  80  29  30  (1)
  85  29  61  62  (1)
  85  78  83  76  (1)
  85  78  76  30  (1)
  85  62  78  30  (1)
  85  76  83  60  (1)
  85  76  32  30  (1)
  85  32  80  30  (1)
  85  32  76  60  (1)
  85  27  61  29  (1)
  85  80  27  29  (1)
  85  83  82  60  (1)
  85  77  78  62  (1)
  85  60  82  59  (1)
  85  59  82  80  (1)
  85  32  60  31  (1)
  85  80  32  31  (1)
  85  60  59  31  (1)
  85  59  80  31  (1)
  86  51  68  52  (1)
  86  69  68  51  (1)
  86  68  67  52  (1)
  86  52  67  53  (1)
  86  67  66  53  (1)
  86  53  66  54  (1)
  87  50  70  49  (1)
  87  71  70  50  (1)
  87  63  71  50  (1)
  87  63  84  71  (1)
  87  70  69  49  (1)
  87  71  83  70  (1)
  87  49  69  51  (1)
  87  69  86  51  (1)
  88  64  66  73  (1)
  88  72  73  66  (1)
  88  72  82  73  (1)
  88  24  72  66  (1)
  88  64  73  25  (1)
  88  73  82  25  (1)
  88  66  64  54  (1)
  88  84  54  64  (1)
  88  87  86  84  (1)
  88  67  24  66  (1)
  88  66  86  67  (1)
  88  64  25  65  (1)
  88  65  84  64  (1)
  88  25  74  65  (1)
  88  25  82  74  (1)
  88  83  87  71  (1)
  88  71  87  84  (1)
  88  82  83  74  (1)
  88  74  83  71  (1)
  88  65  74  71  (1)
  88  71  84  65  (1)
  89  86  87  84  (1)
  89  39  48  44  (1)
  89  44  49  43  (1)
  89  44  43  36  (1)
  89  44  48  50  (1)
  89  48  63  50  (1)
  89  86  84  54  (1)
  89  51  87  86  (1)
  89  44  50  49  (1)
  89  50  87  49  (1)
  89  43  49  51  (1)
  89  49  87  51  (1)
  89  39  44  36  (1)
  89  36  81  39  (1)
  89  63  48  47  (1)
  89  47  48  40  (1)
  89  46  55  47  (1)
  89  38  46  47  (1)
  89  55  63  47  (1)
  89  55  84  63  (1)
  89  43  42  34  (1)
  89  43  51  42  (1)
  89  45  53  54  (1)
  89  53  86  54  (1)
  89  45  54  46  (1)
  89  42  52  41  (1)
  89  41  52  53  (1)
  89  52  86  53  (1)
  89  42  51  52  (1)
  89  51  86  52  (1)
  89  46  54  55  (1)
  89  54  84  55  (1)
  90  56  75  61  (1)
  90  24  75  56  (1)
  90  27  56  61  (1)
  90  61  85  27  (1)
  90  75  77  61  (1)
  90  80  82  57  (1)
  90  85  82  80  (1)
  90  57  24  56  (1)
  90  72  24  57  (1)
  90  57  82  72  (1)
  90  80  56  27  (1)
  90  85  80  27  (1)
  91  85  90  77  (1)
  91  86  87  69  (1)
  91  78  77  69  (1)
  91  83  88  82  (1)
  91  90  82  88  (1)
  91  67  88  86  (1)
  91  88  87  86  (1)
  91  87  88  83  (1)
  91  83  85  78  (1)
  91  78  85  77  (1)
  91  77  75  68  (1)
  91  77  90  75  (1)
  91  69  77  68  (1)
  91  68  86  69  (1)
  91  68  75  67  (1)
  91  67  86  68  (1)
  91  24  88  67  (1)
  91  90  88  24  (1)
  91  69  87  70  (1)
  91  87  83  70  (1)
  91  75  24  67  (1)
  91  75  90  24  (1)
  92  89  46  45  (1)
  92  41  53  45  (1)
  92  89  45  53  (1)
  92  89  53  41  (1)
  92  89  41  42  (1)
  92  35  41  45  (1)
  92  33  41  35  (1)
  92  35  81  33  (1)
  92  35  45  37  (1)
  92  81  35  37  (1)
  92  34  89  42  (1)
  92  81  89  34  (1)
  92  33  42  41  (1)
  92  37  45  46  (1)
  92  37  46  38  (1)
  92  81  37  38  (1)
  92  33  34  42  (1)
  92  33  81  34  (1)
  83  74  60  71  (1)
  83  60  79  71  (1)
  89  39  40  48  (1)
  89  39  81  40  (1)
  89  36  43  34  (1)
  89  34  81  36  (1)
  89  63  87  50  (1)
  89  84  87  63  (1)
  54  88  66  86  (1)
  54  88  86  84  (1)
  90  72  88  24  (1)
  90  82  88  72  (1)
  38  47  89  40  (1)
  38  89  81  40  (1)
  92  46  89  38  (1)
  92  89  81  38  (1)
  80  23  57  56  (1)
  80  57  90  56  (1)
  61  85  62  77  (1)
  61  90  85  77  (1)
  82  85  91  83  (1)
  82  90  91  85  (1)
  70  91  78  83  (1)
  70  78  91  69  (1)

MEDIT_IO_PRB
  Normal end of execution.

10 October 2014 08:37:22 AM
