               0               0
    -3.40374e-21     6.44052e-21
     6.44371e-21     5.01589e-21
    -3.17213e-20    -4.20109e-21
     2.07692e-20    -9.11334e-22
    -1.25024e-21    -1.41402e-20
    -1.14341e-20     -4.9139e-21
     2.93055e-20       1.631e-20
    -5.68786e-21     4.13153e-22
     3.08796e-20     1.48464e-20
     1.10784e-20    -5.01195e-21
    -1.23555e-20     2.06364e-20
               0               0
              -0              -0
     -0.00984837     -0.00541298
      -0.0112594      0.00576088
      -0.0230017      0.00767026
      -0.0352925      0.00550318
      -0.0429796      0.00305551
      -0.0456027    -0.000252735
      -0.0428473     -0.00333596
      -0.0336987     -0.00562018
      -0.0225472     -0.00672544
      -0.0112622     -0.00533416
     -0.00234081     -0.00203927
               0               0
     5.07931e-21               0
      -0.0059239       0.0106421
       -0.022605       0.0191612
       -0.044139       0.0223389
       -0.062925       0.0188191
      -0.0756601       0.0110198
      -0.0805159    -0.000166129
      -0.0754534      -0.0106265
      -0.0615797      -0.0193339
      -0.0423959      -0.0231347
      -0.0223797      -0.0200874
     -0.00629717      -0.0115645
               0               0
               0     2.82777e-20
     -0.00878833       0.0256746
      -0.0328527       0.0417851
      -0.0621038        0.046097
      -0.0868816       0.0381311
       -0.104206       0.0210006
        -0.11015    -0.000922327
       -0.103964      -0.0224757
      -0.0859914      -0.0396966
      -0.0605222      -0.0475343
      -0.0332658      -0.0431999
     -0.00993402      -0.0258774
               0               0
               0               0
      -0.0129166       0.0465335
      -0.0426622       0.0735563
      -0.0789506       0.0791116
       -0.109748       0.0632979
       -0.129778       0.0348429
       -0.136948    -0.000656526
       -0.129401      -0.0353221
       -0.108453      -0.0642045
      -0.0771937      -0.0781689
      -0.0429464      -0.0727146
      -0.0133453      -0.0459557
               0               0
               0               0
      -0.0158237       0.0730184
       -0.051482        0.112128
      -0.0960977        0.115184
       -0.130271       0.0905891
       -0.151557       0.0489734
       -0.158844     -0.00111967
        -0.15163      -0.0513399
       -0.128564      -0.0932765
      -0.0930543        -0.11545
      -0.0532323       -0.111216
      -0.0175158      -0.0728153
               0               0
               0               0
      -0.0187069        0.103822
      -0.0605973        0.153039
       -0.109404        0.154335
       -0.143676        0.119493
       -0.162762       0.0640613
       -0.170343     -0.00111876
       -0.163395      -0.0658526
       -0.141479       -0.122672
       -0.105573       -0.156193
      -0.0621385       -0.157278
      -0.0195513       -0.106951
               0               0
               0               0
      -0.0224925        0.142809
      -0.0673226        0.199693
       -0.113612        0.190528
       -0.140104        0.142956
        -0.15271        0.075504
       -0.157515    -0.000706189
        -0.15403      -0.0774817
        -0.13903       -0.147187
       -0.114085       -0.198623
       -0.070989        -0.20889
       -0.013904       -0.138599
               0               0
               0     1.96256e-18
      -0.0295856        0.206668
      -0.0744636        0.250683
      -0.0968174        0.220367
       -0.105096        0.158909
       -0.102923       0.0833246
       -0.103503      0.00267131
       -0.104683      -0.0778422
       -0.107323       -0.155764
       -0.101255       -0.219719
      -0.0675759       -0.250495
      -0.0148722       -0.182795
               0               0
               0               0
      -0.0490366        0.237242
      -0.0690798        0.258787
      -0.0359463        0.211078
     -0.00777026        0.144172
       0.0119114       0.0738084
       0.0190885      0.00338735
       0.0133386      -0.0664475
     -0.00957247       -0.138451
      -0.0482152       -0.218911
      -0.0533388       -0.273884
      -0.0614635       -0.257828
               0               0
               0    -7.81431e-19
      -0.0162223        0.261033
      0.00762209        0.222761
        0.121919         0.13944
        0.192303       0.0841884
        0.224174       0.0374896
        0.241182     -0.00148074
        0.227142      -0.0460141
        0.182532      -0.0938552
        0.100943       -0.161257
       0.0183849       -0.222867
      -0.0546711       -0.222577
               0               0
               0               0
        0.163883        0.169019
        0.266181       0.0925828
        0.450021       0.0505507
        0.525292        0.026335
        0.558647       0.0106664
        0.571538     -0.00108158
        0.562424      -0.0137578
        0.517759      -0.0306662
        0.443049      -0.0604416
        0.341375      -0.0968161
        0.154274       -0.154873
               0               0
               1               0
               1               0
               1               0
               1               0
               1               0
               1               0
               1               0
               1               0
               1               0
               1               0
               1               0
               1               0
               1               0
