               0               0
    -1.04208e-17    -1.56313e-17
     1.56031e-17    -1.04021e-17
    -5.21043e-18    -5.21042e-18
    -2.59974e-17    -2.07979e-17
    -5.71772e-17    -4.32658e-33
     7.80156e-17     1.04021e-17
     1.04209e-17     -8.6823e-34
     6.24125e-17    -2.08042e-17
     2.08292e-17     2.38405e-32
     -1.0399e-17     2.07979e-17
    -1.03959e-17    -3.11876e-17
               0               0
              -0              -0
     -0.00984613     -0.00541645
      -0.0112559      0.00576421
      -0.0230026      0.00767544
      -0.0352985      0.00550562
      -0.0429834       0.0030503
      -0.0455948    -0.000257255
      -0.0428229     -0.00333781
      -0.0336784     -0.00561425
      -0.0225337     -0.00671657
      -0.0112583     -0.00532941
     -0.00234559     -0.00204037
               0               0
               0               0
     -0.00591988       0.0106333
      -0.0226039       0.0191649
      -0.0441484       0.0223465
      -0.0629404       0.0188154
      -0.0756665       0.0109938
      -0.0804996     -0.00019139
      -0.0754115       -0.010647
      -0.0615359      -0.0193257
      -0.0423621      -0.0231173
      -0.0223635      -0.0200727
     -0.00629978      -0.0115643
               0               0
               0    -5.98723e-17
     -0.00879239       0.0256702
      -0.0328731       0.0418145
      -0.0621612       0.0461211
      -0.0869426       0.0381242
       -0.104232       0.0209444
       -0.110129    -0.000986154
       -0.103879      -0.0225111
      -0.0858971      -0.0396753
      -0.0604325       -0.047478
      -0.0332093      -0.0431512
     -0.00992836      -0.0258664
               0               0
               0               0
      -0.0129432       0.0465599
      -0.0427499       0.0736417
      -0.0791124       0.0791889
       -0.109912       0.0632721
       -0.129856       0.0347093
       -0.136914    -0.000817623
       -0.129245      -0.0354393
        -0.10825      -0.0641953
      -0.0770006      -0.0780825
      -0.0428187      -0.0726148
      -0.0133117      -0.0459153
               0               0
               0               0
      -0.0158841       0.0731168
      -0.0516634        0.112338
      -0.0964482        0.115293
       -0.130609       0.0905025
       -0.151729        0.048691
       -0.158811     -0.00146305
       -0.151361      -0.0515707
        -0.12821      -0.0932884
      -0.0926889       -0.115281
      -0.0529691       -0.110975
      -0.0174183      -0.0726627
               0               0
               0     8.84002e-17
      -0.0188229        0.104065
       -0.060942        0.153409
        -0.10997        0.154517
       -0.144199        0.119286
       -0.163023       0.0635383
       -0.170289     -0.00177415
       -0.163008      -0.0663498
       -0.140927       -0.122815
       -0.104977       -0.155965
      -0.0617041       -0.156833
       -0.019396       -0.106617
               0               0
               0               0
       -0.022668         0.14334
      -0.0677864        0.200375
       -0.114395        0.190743
        -0.14074        0.142543
       -0.153032       0.0746418
       -0.157487     -0.00174914
       -0.153628      -0.0782995
       -0.138422       -0.147503
       -0.113288       -0.198285
      -0.0703859       -0.208103
      -0.0137877       -0.138057
               0               0
               0     2.46683e-16
      -0.0298615        0.207741
      -0.0750249        0.251625
      -0.0975379        0.220618
        -0.10556        0.158347
       -0.103136       0.0823025
       -0.103471      0.00142283
       -0.104376      -0.0788458
       -0.106851       -0.156245
       -0.100474       -0.219339
      -0.0669997        -0.24944
        -0.01464       -0.181723
               0               0
               0               0
      -0.0494694        0.238565
      -0.0694256        0.259735
      -0.0361025        0.210976
        -0.00765         0.14332
       0.0120159       0.0725679
       0.0190523      0.00203387
       0.0131853      -0.0676572
     -0.00980157       -0.139227
      -0.0481527       -0.218754
      -0.0531942       -0.272788
        -0.06092       -0.256306
               0               0
               0     1.06468e-16
      -0.0168331        0.262765
      0.00793891        0.223465
        0.122651        0.138895
        0.193126       0.0833036
        0.224548        0.036433
        0.241086     -0.00248779
        0.226496      -0.0470371
        0.181587      -0.0946033
        0.100056       -0.161507
       0.0176085       -0.222141
      -0.0542776       -0.221212
               0               0
               0               0
        0.165459        0.170105
        0.267422       0.0925736
        0.451842       0.0502135
        0.526474       0.0259181
        0.559088       0.0103283
        0.571536       -0.001389
         0.56168      -0.0141363
        0.516587       -0.031053
        0.441663      -0.0605785
        0.339303      -0.0967744
          0.1532       -0.153799
               0               0
               1               0
               1               0
               1               0
               1               0
               1               0
               1               0
               1               0
               1               0
               1               0
               1               0
               1               0
               1               0
               1               0
