           4           9           8           3
           9          16          15           8
          16          23          21          15
          23          22          26          21
           3           8           7           2
           8          15          14           7
          15          21          20          14
          21          26          24          20
          26          27          25          24
           2           7           6           1
          14          20          17          13
          20          24          19          17
          24          25          18          19
           1           6           5           0
           6          13          10           5
          13          17          12          10
          17          19          11          12
