05 August 2012 03:08:36 PM

LATIN_COVER_PRB:
  C++ version
  Test the LATIN_COVER library.

TEST01
  LATIN_COVER:

  Permutation

     0   1   2
     1   3   2

  Latin cover

  Col:       0       1       2
  Row

    0:       1       3       2
    1:       3       2       1
    2:       2       1       3

  Permutation

     0   1   2
     2   1   3

  Latin cover

  Col:       0       1       2
  Row

    0:       2       1       3
    1:       1       3       2
    2:       3       2       1

  Permutation

     0   1   2
     1   2   3

  Latin cover

  Col:       0       1       2
  Row

    0:       1       2       3
    1:       3       1       2
    2:       2       3       1

  Permutation

     0   1   2   3   4
     2   5   1   3   4

  Latin cover

  Col:       0       1       2       3       4
  Row

    0:       3       1       4       5       2
    1:       2       5       3       4       1
    2:       1       4       2       3       5
    3:       5       3       1       2       4
    4:       4       2       5       1       3

  Permutation

     0   1   2   3   4
     1   3   2   4   5

  Latin cover

  Col:       0       1       2       3       4
  Row

    0:       1       3       2       4       5
    1:       5       2       1       3       4
    2:       4       1       5       2       3
    3:       3       5       4       1       2
    4:       2       4       3       5       1

  Permutation

     0   1   2   3   4
     1   3   4   5   2

  Latin cover

  Col:       0       1       2       3       4
  Row

    0:       1       5       2       3       4
    1:       5       4       1       2       3
    2:       4       3       5       1       2
    3:       3       2       4       5       1
    4:       2       1       3       4       5

  Permutation

     0   1   2   3   4   5   6
     2   7   1   6   4   5   3

  Latin cover

  Col:       0       1       2       3       4       5       6
  Row

    0:       3       1       7       5       6       4       2
    1:       2       7       6       4       5       3       1
    2:       1       6       5       3       4       2       7
    3:       7       5       4       2       3       1       6
    4:       6       4       3       1       2       7       5
    5:       5       3       2       7       1       6       4
    6:       4       2       1       6       7       5       3

  Permutation

     0   1   2   3   4   5   6
     1   2   6   4   3   5   7

  Latin cover

  Col:       0       1       2       3       4       5       6
  Row

    0:       1       2       5       4       6       3       7
    1:       7       1       4       3       5       2       6
    2:       6       7       3       2       4       1       5
    3:       5       6       2       1       3       7       4
    4:       4       5       1       7       2       6       3
    5:       3       4       7       6       1       5       2
    6:       2       3       6       5       7       4       1

  Permutation

     0   1   2   3   4   5   6
     6   2   7   5   4   1   3

  Latin cover

  Col:       0       1       2       3       4       5       6
  Row

    0:       6       2       7       5       4       1       3
    1:       5       1       6       4       3       7       2
    2:       4       7       5       3       2       6       1
    3:       3       6       4       2       1       5       7
    4:       2       5       3       1       7       4       6
    5:       1       4       2       7       6       3       5
    6:       7       3       1       6       5       2       4

  Permutation

     0   1   2   3   4   5   6   7   8
     2   9   8   7   4   6   5   3   1

  Latin cover

  Col:       0       1       2       3       4       5       6       7       8
  Row

    0:       9       1       8       5       7       6       4       3       2
    1:       8       9       7       4       6       5       3       2       1
    2:       7       8       6       3       5       4       2       1       9
    3:       6       7       5       2       4       3       1       9       8
    4:       5       6       4       1       3       2       9       8       7
    5:       4       5       3       9       2       1       8       7       6
    6:       3       4       2       8       1       9       7       6       5
    7:       2       3       1       7       9       8       6       5       4
    8:       1       2       9       6       8       7       5       4       3

  Permutation

     0   1   2   3   4   5   6   7   8
     6   2   1   3   8   9   7   4   5

  Latin cover

  Col:       0       1       2       3       4       5       6       7       8
  Row

    0:       3       2       4       8       9       1       7       5       6
    1:       2       1       3       7       8       9       6       4       5
    2:       1       9       2       6       7       8       5       3       4
    3:       9       8       1       5       6       7       4       2       3
    4:       8       7       9       4       5       6       3       1       2
    5:       7       6       8       3       4       5       2       9       1
    6:       6       5       7       2       3       4       1       8       9
    7:       5       4       6       1       2       3       9       7       8
    8:       4       3       5       9       1       2       8       6       7

  Permutation

     0   1   2   3   4   5   6   7   8
     1   2   9   3   5   6   7   4   8

  Latin cover

  Col:       0       1       2       3       4       5       6       7       8
  Row

    0:       1       2       4       8       5       6       7       9       3
    1:       9       1       3       7       4       5       6       8       2
    2:       8       9       2       6       3       4       5       7       1
    3:       7       8       1       5       2       3       4       6       9
    4:       6       7       9       4       1       2       3       5       8
    5:       5       6       8       3       9       1       2       4       7
    6:       4       5       7       2       8       9       1       3       6
    7:       3       4       6       1       7       8       9       2       5
    8:       2       3       5       9       6       7       8       1       4

TEST02
  LATIN_COVER_2D:

  Permutation 1

     0   1   2
     1   3   2

  Permutation 2

     0   1   2
     2   1   3

  Latin cover

  Col:       0       1       2
  Row

    0:       3       1       2
    1:       2       3       1
    2:       1       2       3

  Permutation 1

     0   1   2
     1   2   3

  Permutation 2

     0   1   2
     2   1   3

  Latin cover

  Col:       0       1       2
  Row

    0:       3       1       2
    1:       1       2       3
    2:       2       3       1

  Permutation 1

     0   1   2
     2   3   1

  Permutation 2

     0   1   2
     1   3   2

  Latin cover

  Col:       0       1       2
  Row

    0:       3       1       2
    1:       1       2       3
    2:       2       3       1

  Permutation 1

     0   1   2   3   4
     2   5   1   3   4

  Permutation 2

     0   1   2   3   4
     1   3   2   4   5

  Latin cover

  Col:       0       1       2       3       4
  Row

    0:       3       1       2       5       4
    1:       1       4       5       3       2
    2:       4       2       3       1       5
    3:       5       3       4       2       1
    4:       2       5       1       4       3

  Permutation 1

     0   1   2   3   4
     1   3   4   5   2

  Permutation 2

     0   1   2   3   4
     1   5   4   3   2

  Latin cover

  Col:       0       1       2       3       4
  Row

    0:       1       2       3       4       5
    1:       5       1       2       3       4
    2:       2       3       4       5       1
    3:       3       4       5       1       2
    4:       4       5       1       2       3

  Permutation 1

     0   1   2   3   4
     5   1   3   4   2

  Permutation 2

     0   1   2   3   4
     5   2   4   1   3

  Latin cover

  Col:       0       1       2       3       4
  Row

    0:       4       1       3       5       2
    1:       2       4       1       3       5
    2:       5       2       4       1       3
    3:       1       3       5       2       4
    4:       3       5       2       4       1

  Permutation 1

     0   1   2   3   4   5   6
     2   7   1   6   4   5   3

  Permutation 2

     0   1   2   3   4   5   6
     1   2   6   4   3   5   7

  Latin cover

  Col:       0       1       2       3       4       5       6
  Row

    0:       3       2       6       7       5       1       4
    1:       1       7       4       5       3       6       2
    2:       7       6       3       4       2       5       1
    3:       5       4       1       2       7       3       6
    4:       6       5       2       3       1       4       7
    5:       4       3       7       1       6       2       5
    6:       2       1       5       6       4       7       3

  Permutation 1

     0   1   2   3   4   5   6
     6   2   7   5   4   1   3

  Permutation 2

     0   1   2   3   4   5   6
     6   2   3   5   7   1   4

  Latin cover

  Col:       0       1       2       3       4       5       6
  Row

    0:       1       5       4       7       3       6       2
    1:       4       1       7       3       6       2       5
    2:       2       6       5       1       4       7       3
    3:       7       4       3       6       2       5       1
    4:       6       3       2       5       1       4       7
    5:       3       7       6       2       5       1       4
    6:       5       2       1       4       7       3       6

  Permutation 1

     0   1   2   3   4   5   6
     6   3   1   2   7   4   5

  Permutation 2

     0   1   2   3   4   5   6
     5   3   6   1   4   7   2

  Latin cover

  Col:       0       1       2       3       4       5       6
  Row

    0:       7       4       2       6       3       1       5
    1:       1       5       3       7       4       2       6
    2:       6       3       1       5       2       7       4
    3:       3       7       5       2       6       4       1
    4:       4       1       6       3       7       5       2
    5:       5       2       7       4       1       6       3
    6:       2       6       4       1       5       3       7

  Permutation 1

     0   1   2   3   4   5   6   7   8
     2   9   8   7   4   6   5   3   1

  Permutation 2

     0   1   2   3   4   5   6   7   8
     6   2   1   3   8   9   7   4   5

  Latin cover

  Col:       0       1       2       3       4       5       6       7       8
  Row

    0:       7       8       6       2       1       9       3       5       4
    1:       8       9       7       3       2       1       4       6       5
    2:       6       7       5       1       9       8       2       4       3
    3:       3       4       2       7       6       5       8       1       9
    4:       5       6       4       9       8       7       1       3       2
    5:       4       5       3       8       7       6       9       2       1
    6:       2       3       1       6       5       4       7       9       8
    7:       1       2       9       5       4       3       6       8       7
    8:       9       1       8       4       3       2       5       7       6

  Permutation 1

     0   1   2   3   4   5   6   7   8
     1   2   9   3   5   6   7   4   8

  Permutation 2

     0   1   2   3   4   5   6   7   8
     4   8   1   2   7   9   3   6   5

  Latin cover

  Col:       0       1       2       3       4       5       6       7       8
  Row

    0:       8       7       4       1       2       3       6       9       5
    1:       9       8       5       2       3       4       7       1       6
    2:       2       1       7       4       5       6       9       3       8
    3:       6       5       2       8       9       1       4       7       3
    4:       3       2       8       5       6       7       1       4       9
    5:       4       3       9       6       7       8       2       5       1
    6:       5       4       1       7       8       9       3       6       2
    7:       7       6       3       9       1       2       5       8       4
    8:       1       9       6       3       4       5       8       2       7

  Permutation 1

     0   1   2   3   4   5   6   7   8
     2   8   5   3   7   4   1   6   9

  Permutation 2

     0   1   2   3   4   5   6   7   8
     7   2   5   8   9   6   3   4   1

  Latin cover

  Col:       0       1       2       3       4       5       6       7       8
  Row

    0:       8       6       1       9       5       2       7       4       3
    1:       2       9       4       3       8       5       1       7       6
    2:       5       3       7       6       2       8       4       1       9
    3:       7       5       9       8       4       1       6       3       2
    4:       4       2       6       5       1       7       3       9       8
    5:       9       7       2       1       6       3       8       5       4
    6:       6       4       8       7       3       9       5       2       1
    7:       3       1       5       4       9       6       2       8       7
    8:       1       8       3       2       7       4       9       6       5

TEST03
  LATIN_COVER_3D

  Permutation 1

     0   1   2
     1   3   2

  Permutation 2

     0   1   2
     2   1   3

  Permutation 1

     0   1   2
     1   2   3

  Latin cover

  K = 0

        J:       0       1       2
       I:
       0:        4       1       7
       1:        6       3       9
       2:        5       2       8

  K = 1

        J:       0       1       2
       I:
       0:        3       9       6
       1:        2       8       5
       2:        1       7       4

  K = 2

        J:       0       1       2
       I:
       0:        8       5       2
       1:        7       4       1
       2:        9       6       3

  Permutation 1

     0   1   2
     2   1   3

  Permutation 2

     0   1   2
     2   3   1

  Permutation 1

     0   1   2
     1   3   2

  Latin cover

  K = 0

        J:       0       1       2
       I:
       0:        8       2       5
       1:        7       1       4
       2:        9       3       6

  K = 1

        J:       0       1       2
       I:
       0:        3       6       9
       1:        2       5       8
       2:        1       4       7

  K = 2

        J:       0       1       2
       I:
       0:        4       7       1
       1:        6       9       3
       2:        5       8       2

  Permutation 1

     0   1   2
     1   2   3

  Permutation 2

     0   1   2
     3   2   1

  Permutation 1

     0   1   2
     1   3   2

  Latin cover

  K = 0

        J:       0       1       2
       I:
       0:        7       4       1
       1:        8       5       2
       2:        9       6       3

  K = 1

        J:       0       1       2
       I:
       0:        2       8       5
       1:        3       9       6
       2:        1       7       4

  K = 2

        J:       0       1       2
       I:
       0:        6       3       9
       1:        4       1       7
       2:        5       2       8

  Permutation 1

     0   1   2   3   4
     2   5   1   3   4

  Permutation 2

     0   1   2   3   4
     1   3   2   4   5

  Permutation 1

     0   1   2   3   4
     1   3   4   5   2

  Latin cover

  K = 0

        J:       0       1       2       3       4
       I:
       0:        3      13       8      18      23
       1:        1      11       6      16      21
       2:        4      14       9      19      24
       3:        5      15      10      20      25
       4:        2      12       7      17      22

  K = 1

        J:       0       1       2       3       4
       I:
       0:        9      19      14      24       4
       1:        7      17      12      22       2
       2:       10      20      15      25       5
       3:        6      16      11      21       1
       4:        8      18      13      23       3

  K = 2

        J:       0       1       2       3       4
       I:
       0:       22       7       2      12      17
       1:       25      10       5      15      20
       2:       23       8       3      13      18
       3:       24       9       4      14      19
       4:       21       6       1      11      16

  K = 3

        J:       0       1       2       3       4
       I:
       0:       16       1      21       6      11
       1:       19       4      24       9      14
       2:       17       2      22       7      12
       3:       18       3      23       8      13
       4:       20       5      25      10      15

  K = 4

        J:       0       1       2       3       4
       I:
       0:       15      25      20       5      10
       1:       13      23      18       3       8
       2:       11      21      16       1       6
       3:       12      22      17       2       7
       4:       14      24      19       4       9

  Permutation 1

     0   1   2   3   4
     1   5   4   3   2

  Permutation 2

     0   1   2   3   4
     5   1   3   4   2

  Permutation 1

     0   1   2   3   4
     5   2   4   1   3

  Latin cover

  K = 0

        J:       0       1       2       3       4
       I:
       0:       18       8      23       3      13
       1:       17       7      22       2      12
       2:       16       6      21       1      11
       3:       20      10      25       5      15
       4:       19       9      24       4      14

  K = 1

        J:       0       1       2       3       4
       I:
       0:        5      20      10      15      25
       1:        4      19       9      14      24
       2:        3      18       8      13      23
       3:        2      17       7      12      22
       4:        1      16       6      11      21

  K = 2

        J:       0       1       2       3       4
       I:
       0:       12       2      17      22       7
       1:       11       1      16      21       6
       2:       15       5      20      25      10
       3:       14       4      19      24       9
       4:       13       3      18      23       8

  K = 3

        J:       0       1       2       3       4
       I:
       0:       24      14       4       9      19
       1:       23      13       3       8      18
       2:       22      12       2       7      17
       3:       21      11       1       6      16
       4:       25      15       5      10      20

  K = 4

        J:       0       1       2       3       4
       I:
       0:        6      21      11      16       1
       1:       10      25      15      20       5
       2:        9      24      14      19       4
       3:        8      23      13      18       3
       4:        7      22      12      17       2

  Permutation 1

     0   1   2   3   4
     4   1   5   2   3

  Permutation 2

     0   1   2   3   4
     3   2   5   4   1

  Permutation 1

     0   1   2   3   4
     3   1   4   2   5

  Latin cover

  K = 0

        J:       0       1       2       3       4
       I:
       0:       16       1      21      11       6
       1:       18       3      23      13       8
       2:       19       4      24      14       9
       3:       20       5      25      15      10
       4:       17       2      22      12       7

  K = 1

        J:       0       1       2       3       4
       I:
       0:        9      19      14       4      24
       1:        6      16      11       1      21
       2:        7      17      12       2      22
       3:        8      18      13       3      23
       4:       10      20      15       5      25

  K = 2

        J:       0       1       2       3       4
       I:
       0:       22       7       2      17      12
       1:       24       9       4      19      14
       2:       25      10       5      20      15
       3:       21       6       1      16      11
       4:       23       8       3      18      13

  K = 3

        J:       0       1       2       3       4
       I:
       0:       15      25      20      10       5
       1:       12      22      17       7       2
       2:       13      23      18       8       3
       3:       14      24      19       9       4
       4:       11      21      16       6       1

  K = 4

        J:       0       1       2       3       4
       I:
       0:        3      13       8      23      18
       1:        5      15      10      25      20
       2:        1      11       6      21      16
       3:        2      12       7      22      17
       4:        4      14       9      24      19

  Permutation 1

     0   1   2   3   4   5   6
     2   7   1   6   4   5   3

  Permutation 2

     0   1   2   3   4   5   6
     1   2   6   4   3   5   7

  Permutation 1

     0   1   2   3   4   5   6
     6   2   7   5   4   1   3

  Latin cover

  K = 0

        J:       0       1       2       3       4       5       6
       I:
       0:       19      26      47      40       5      33      12
       1:       17      24      45      38       3      31      10
       2:       16      23      44      37       2      30       9
       3:       21      28      49      42       7      35      14
       4:       15      22      43      36       1      29       8
       5:       20      27      48      41       6      34      13
       6:       18      25      46      39       4      32      11

  K = 1

        J:       0       1       2       3       4       5       6
       I:
       0:       44       2      23      16      30       9      37
       1:       49       7      28      21      35      14      42
       2:       48       6      27      20      34      13      41
       3:       46       4      25      18      32      11      39
       4:       47       5      26      19      33      12      40
       5:       45       3      24      17      31      10      38
       6:       43       1      22      15      29       8      36

  K = 2

        J:       0       1       2       3       4       5       6
       I:
       0:       11      18      39      32      46      25       4
       1:        9      16      37      30      44      23       2
       2:        8      15      36      29      43      22       1
       3:       13      20      41      34      48      27       6
       4:       14      21      42      35      49      28       7
       5:       12      19      40      33      47      26       5
       6:       10      17      38      31      45      24       3

  K = 3

        J:       0       1       2       3       4       5       6
       I:
       0:       27      34       6      48      13      41      20
       1:       25      32       4      46      11      39      18
       2:       24      31       3      45      10      38      17
       3:       22      29       1      43       8      36      15
       4:       23      30       2      44       9      37      16
       5:       28      35       7      49      14      42      21
       6:       26      33       5      47      12      40      19

  K = 4

        J:       0       1       2       3       4       5       6
       I:
       0:       35      42      14       7      21      49      28
       1:       33      40      12       5      19      47      26
       2:       32      39      11       4      18      46      25
       3:       30      37       9       2      16      44      23
       4:       31      38      10       3      17      45      24
       5:       29      36       8       1      15      43      22
       6:       34      41      13       6      20      48      27

  K = 5

        J:       0       1       2       3       4       5       6
       I:
       0:        3      10      31      24      38      17      45
       1:        1       8      29      22      36      15      43
       2:        7      14      35      28      42      21      49
       3:        5      12      33      26      40      19      47
       4:        6      13      34      27      41      20      48
       5:        4      11      32      25      39      18      46
       6:        2       9      30      23      37      16      44

  K = 6

        J:       0       1       2       3       4       5       6
       I:
       0:       36      43      15       8      22       1      29
       1:       41      48      20      13      27       6      34
       2:       40      47      19      12      26       5      33
       3:       38      45      17      10      24       3      31
       4:       39      46      18      11      25       4      32
       5:       37      44      16       9      23       2      30
       6:       42      49      21      14      28       7      35

  Permutation 1

     0   1   2   3   4   5   6
     6   2   3   5   7   1   4

  Permutation 2

     0   1   2   3   4   5   6
     6   3   1   2   7   4   5

  Permutation 1

     0   1   2   3   4   5   6
     5   3   6   1   4   7   2

  Latin cover

  K = 0

        J:       0       1       2       3       4       5       6
       I:
       0:       45       3      38      17      24      31      10
       1:       48       6      41      20      27      34      13
       2:       49       7      42      21      28      35      14
       3:       46       4      39      18      25      32      11
       4:       43       1      36      15      22      29       8
       5:       47       5      40      19      26      33      12
       6:       44       2      37      16      23      30       9

  K = 1

        J:       0       1       2       3       4       5       6
       I:
       0:       28      35      21      49       7      14      42
       1:       24      31      17      45       3      10      38
       2:       25      32      18      46       4      11      39
       3:       22      29      15      43       1       8      36
       4:       26      33      19      47       5      12      40
       5:       23      30      16      44       2       9      37
       6:       27      34      20      48       6      13      41

  K = 2

        J:       0       1       2       3       4       5       6
       I:
       0:       12      19       5      33      40      47      26
       1:        8      15       1      29      36      43      22
       2:        9      16       2      30      37      44      23
       3:       13      20       6      34      41      48      27
       4:       10      17       3      31      38      45      24
       5:       14      21       7      35      42      49      28
       6:       11      18       4      32      39      46      25

  K = 3

        J:       0       1       2       3       4       5       6
       I:
       0:       37      44      30       9      16      23       2
       1:       40      47      33      12      19      26       5
       2:       41      48      34      13      20      27       6
       3:       38      45      31      10      17      24       3
       4:       42      49      35      14      21      28       7
       5:       39      46      32      11      18      25       4
       6:       36      43      29       8      15      22       1

  K = 4

        J:       0       1       2       3       4       5       6
       I:
       0:       20      27      13      41      48       6      34
       1:       16      23       9      37      44       2      30
       2:       17      24      10      38      45       3      31
       3:       21      28      14      42      49       7      35
       4:       18      25      11      39      46       4      32
       5:       15      22       8      36      43       1      29
       6:       19      26      12      40      47       5      33

  K = 5

        J:       0       1       2       3       4       5       6
       I:
       0:        4      11      46      25      32      39      18
       1:        7      14      49      28      35      42      21
       2:        1       8      43      22      29      36      15
       3:        5      12      47      26      33      40      19
       4:        2       9      44      23      30      37      16
       5:        6      13      48      27      34      41      20
       6:        3      10      45      24      31      38      17

  K = 6

        J:       0       1       2       3       4       5       6
       I:
       0:       29      36      22       1       8      15      43
       1:       32      39      25       4      11      18      46
       2:       33      40      26       5      12      19      47
       3:       30      37      23       2       9      16      44
       4:       34      41      27       6      13      20      48
       5:       31      38      24       3      10      17      45
       6:       35      42      28       7      14      21      49

  Permutation 1

     0   1   2   3   4   5   6
     5   4   2   6   1   3   7

  Permutation 2

     0   1   2   3   4   5   6
     6   2   1   4   7   5   3

  Permutation 1

     0   1   2   3   4   5   6
     7   6   2   5   1   4   3

  Latin cover

  K = 0

        J:       0       1       2       3       4       5       6
       I:
       0:       36      29      15      43       8      22       1
       1:       41      34      20      48      13      27       6
       2:       37      30      16      44       9      23       2
       3:       40      33      19      47      12      26       5
       4:       39      32      18      46      11      25       4
       5:       42      35      21      49      14      28       7
       6:       38      31      17      45      10      24       3

  K = 1

        J:       0       1       2       3       4       5       6
       I:
       0:        3      45      31      10      24      38      17
       1:        1      43      29       8      22      36      15
       2:        4      46      32      11      25      39      18
       3:        7      49      35      14      28      42      21
       4:        6      48      34      13      27      41      20
       5:        2      44      30       9      23      37      16
       6:        5      47      33      12      26      40      19

  K = 2

        J:       0       1       2       3       4       5       6
       I:
       0:       27      20       6      34      48      13      41
       1:       25      18       4      32      46      11      39
       2:       28      21       7      35      49      14      42
       3:       24      17       3      31      45      10      38
       4:       23      16       2      30      44       9      37
       5:       26      19       5      33      47      12      40
       6:       22      15       1      29      43       8      36

  K = 3

        J:       0       1       2       3       4       5       6
       I:
       0:       35      28      14      42       7      21      49
       1:       33      26      12      40       5      19      47
       2:       29      22       8      36       1      15      43
       3:       32      25      11      39       4      18      46
       4:       31      24      10      38       3      17      45
       5:       34      27      13      41       6      20      48
       6:       30      23       9      37       2      16      44

  K = 4

        J:       0       1       2       3       4       5       6
       I:
       0:       44      37      23       2      16      30       9
       1:       49      42      28       7      21      35      14
       2:       45      38      24       3      17      31      10
       3:       48      41      27       6      20      34      13
       4:       47      40      26       5      19      33      12
       5:       43      36      22       1      15      29       8
       6:       46      39      25       4      18      32      11

  K = 5

        J:       0       1       2       3       4       5       6
       I:
       0:       11       4      39      18      32      46      25
       1:        9       2      37      16      30      44      23
       2:       12       5      40      19      33      47      26
       3:        8       1      36      15      29      43      22
       4:       14       7      42      21      35      49      28
       5:       10       3      38      17      31      45      24
       6:       13       6      41      20      34      48      27

  K = 6

        J:       0       1       2       3       4       5       6
       I:
       0:       19      12      47      26      40       5      33
       1:       17      10      45      24      38       3      31
       2:       20      13      48      27      41       6      34
       3:       16       9      44      23      37       2      30
       4:       15       8      43      22      36       1      29
       5:       18      11      46      25      39       4      32
       6:       21      14      49      28      42       7      35

  Permutation 1

     0   1   2   3   4   5   6   7   8
     2   9   8   7   4   6   5   3   1

  Permutation 2

     0   1   2   3   4   5   6   7   8
     6   2   1   3   8   9   7   4   5

  Permutation 1

     0   1   2   3   4   5   6   7   8
     1   2   9   3   5   6   7   4   8

  Latin cover

  K = 0

        J:       0       1       2       3       4       5       6       7       8
       I:
       0:       27      18      36      72      81       9      63      45      54
       1:       19      10      28      64      73       1      55      37      46
       2:       26      17      35      71      80       8      62      44      53
       3:       23      14      32      68      77       5      59      41      50
       4:       25      16      34      70      79       7      61      43      52
       5:       24      15      33      69      78       6      60      42      51
       6:       22      13      31      67      76       4      58      40      49
       7:       21      12      30      66      75       3      57      39      48
       8:       20      11      29      65      74       2      56      38      47

  K = 1

        J:       0       1       2       3       4       5       6       7       8
       I:
       0:       17       8      26      62      71      80      53      35      44
       1:       18       9      27      63      72      81      54      36      45
       2:       16       7      25      61      70      79      52      34      43
       3:       13       4      22      58      67      76      49      31      40
       4:       15       6      24      60      69      78      51      33      42
       5:       14       5      23      59      68      77      50      32      41
       6:       12       3      21      57      66      75      48      30      39
       7:       11       2      20      56      65      74      47      29      38
       8:       10       1      19      55      64      73      46      28      37

  K = 2

        J:       0       1       2       3       4       5       6       7       8
       I:
       0:       78      69       6      42      51      60      33      15      24
       1:       79      70       7      43      52      61      34      16      25
       2:       77      68       5      41      50      59      32      14      23
       3:       74      65       2      38      47      56      29      11      20
       4:       76      67       4      40      49      58      31      13      22
       5:       75      66       3      39      48      57      30      12      21
       6:       73      64       1      37      46      55      28      10      19
       7:       81      72       9      45      54      63      36      18      27
       8:       80      71       8      44      53      62      35      17      26

  K = 3

        J:       0       1       2       3       4       5       6       7       8
       I:
       0:       38      29      47       2      11      20      74      56      65
       1:       39      30      48       3      12      21      75      57      66
       2:       37      28      46       1      10      19      73      55      64
       3:       43      34      52       7      16      25      79      61      70
       4:       45      36      54       9      18      27      81      63      72
       5:       44      35      53       8      17      26      80      62      71
       6:       42      33      51       6      15      24      78      60      69
       7:       41      32      50       5      14      23      77      59      68
       8:       40      31      49       4      13      22      76      58      67

  K = 4

        J:       0       1       2       3       4       5       6       7       8
       I:
       0:       68      59      77      32      41      50      23       5      14
       1:       69      60      78      33      42      51      24       6      15
       2:       67      58      76      31      40      49      22       4      13
       3:       64      55      73      28      37      46      19       1      10
       4:       66      57      75      30      39      48      21       3      12
       5:       65      56      74      29      38      47      20       2      11
       6:       72      63      81      36      45      54      27       9      18
       7:       71      62      80      35      44      53      26       8      17
       8:       70      61      79      34      43      52      25       7      16

  K = 5

        J:       0       1       2       3       4       5       6       7       8
       I:
       0:       58      49      67      22      31      40      13      76       4
       1:       59      50      68      23      32      41      14      77       5
       2:       57      48      66      21      30      39      12      75       3
       3:       63      54      72      27      36      45      18      81       9
       4:       56      47      65      20      29      38      11      74       2
       5:       55      46      64      19      28      37      10      73       1
       6:       62      53      71      26      35      44      17      80       8
       7:       61      52      70      25      34      43      16      79       7
       8:       60      51      69      24      33      42      15      78       6

  K = 6

        J:       0       1       2       3       4       5       6       7       8
       I:
       0:       48      39      57      12      21      30       3      66      75
       1:       49      40      58      13      22      31       4      67      76
       2:       47      38      56      11      20      29       2      65      74
       3:       53      44      62      17      26      35       8      71      80
       4:       46      37      55      10      19      28       1      64      73
       5:       54      45      63      18      27      36       9      72      81
       6:       52      43      61      16      25      34       7      70      79
       7:       51      42      60      15      24      33       6      69      78
       8:       50      41      59      14      23      32       5      68      77

  K = 7

        J:       0       1       2       3       4       5       6       7       8
       I:
       0:       28      19      37      73       1      10      64      46      55
       1:       29      20      38      74       2      11      65      47      56
       2:       36      27      45      81       9      18      72      54      63
       3:       33      24      42      78       6      15      69      51      60
       4:       35      26      44      80       8      17      71      53      62
       5:       34      25      43      79       7      16      70      52      61
       6:       32      23      41      77       5      14      68      50      59
       7:       31      22      40      76       4      13      67      49      58
       8:       30      21      39      75       3      12      66      48      57

  K = 8

        J:       0       1       2       3       4       5       6       7       8
       I:
       0:        7      79      16      52      61      70      43      25      34
       1:        8      80      17      53      62      71      44      26      35
       2:        6      78      15      51      60      69      42      24      33
       3:        3      75      12      48      57      66      39      21      30
       4:        5      77      14      50      59      68      41      23      32
       5:        4      76      13      49      58      67      40      22      31
       6:        2      74      11      47      56      65      38      20      29
       7:        1      73      10      46      55      64      37      19      28
       8:        9      81      18      54      63      72      45      27      36

  Permutation 1

     0   1   2   3   4   5   6   7   8
     4   8   1   2   7   9   3   6   5

  Permutation 2

     0   1   2   3   4   5   6   7   8
     2   8   5   3   7   4   1   6   9

  Permutation 1

     0   1   2   3   4   5   6   7   8
     7   2   5   8   9   6   3   4   1

  Latin cover

  K = 0

        J:       0       1       2       3       4       5       6       7       8
       I:
       0:       67      13      40      58      31      76      49      22       4
       1:       68      14      41      59      32      77      50      23       5
       2:       71      17      44      62      35      80      53      26       8
       3:       65      11      38      56      29      74      47      20       2
       4:       64      10      37      55      28      73      46      19       1
       5:       72      18      45      63      36      81      54      27       9
       6:       69      15      42      60      33      78      51      24       6
       7:       66      12      39      57      30      75      48      21       3
       8:       70      16      43      61      34      79      52      25       7

  K = 1

        J:       0       1       2       3       4       5       6       7       8
       I:
       0:       47      74      20      38      11      56      29       2      65
       1:       48      75      21      39      12      57      30       3      66
       2:       51      78      24      42      15      60      33       6      69
       3:       54      81      27      45      18      63      36       9      72
       4:       53      80      26      44      17      62      35       8      71
       5:       52      79      25      43      16      61      34       7      70
       6:       49      76      22      40      13      58      31       4      67
       7:       46      73      19      37      10      55      28       1      64
       8:       50      77      23      41      14      59      32       5      68

  K = 2

        J:       0       1       2       3       4       5       6       7       8
       I:
       0:        6      33      60      78      51      15      69      42      24
       1:        7      34      61      79      52      16      70      43      25
       2:        1      28      55      73      46      10      64      37      19
       3:        4      31      58      76      49      13      67      40      22
       4:        3      30      57      75      48      12      66      39      21
       5:        2      29      56      74      47      11      65      38      20
       6:        8      35      62      80      53      17      71      44      26
       7:        5      32      59      77      50      14      68      41      23
       8:        9      36      63      81      54      18      72      45      27

  K = 3

        J:       0       1       2       3       4       5       6       7       8
       I:
       0:       77      23      50      68      41       5      59      32      14
       1:       78      24      51      69      42       6      60      33      15
       2:       81      27      54      72      45       9      63      36      18
       3:       75      21      48      66      39       3      57      30      12
       4:       74      20      47      65      38       2      56      29      11
       5:       73      19      46      64      37       1      55      28      10
       6:       79      25      52      70      43       7      61      34      16
       7:       76      22      49      67      40       4      58      31      13
       8:       80      26      53      71      44       8      62      35      17

  K = 4

        J:       0       1       2       3       4       5       6       7       8
       I:
       0:       37      64      10      28       1      46      19      73      55
       1:       38      65      11      29       2      47      20      74      56
       2:       41      68      14      32       5      50      23      77      59
       3:       44      71      17      35       8      53      26      80      62
       4:       43      70      16      34       7      52      25      79      61
       5:       42      69      15      33       6      51      24      78      60
       6:       39      66      12      30       3      48      21      75      57
       7:       45      72      18      36       9      54      27      81      63
       8:       40      67      13      31       4      49      22      76      58

  K = 5

        J:       0       1       2       3       4       5       6       7       8
       I:
       0:       16      43      70       7      61      25      79      52      34
       1:       17      44      71       8      62      26      80      53      35
       2:       11      38      65       2      56      20      74      47      29
       3:       14      41      68       5      59      23      77      50      32
       4:       13      40      67       4      58      22      76      49      31
       5:       12      39      66       3      57      21      75      48      30
       6:       18      45      72       9      63      27      81      54      36
       7:       15      42      69       6      60      24      78      51      33
       8:       10      37      64       1      55      19      73      46      28

  K = 6

        J:       0       1       2       3       4       5       6       7       8
       I:
       0:       57       3      30      48      21      66      39      12      75
       1:       58       4      31      49      22      67      40      13      76
       2:       61       7      34      52      25      70      43      16      79
       3:       55       1      28      46      19      64      37      10      73
       4:       63       9      36      54      27      72      45      18      81
       5:       62       8      35      53      26      71      44      17      80
       6:       59       5      32      50      23      68      41      14      77
       7:       56       2      29      47      20      65      38      11      74
       8:       60       6      33      51      24      69      42      15      78

  K = 7

        J:       0       1       2       3       4       5       6       7       8
       I:
       0:       36      63       9      27      81      45      18      72      54
       1:       28      55       1      19      73      37      10      64      46
       2:       31      58       4      22      76      40      13      67      49
       3:       34      61       7      25      79      43      16      70      52
       4:       33      60       6      24      78      42      15      69      51
       5:       32      59       5      23      77      41      14      68      50
       6:       29      56       2      20      74      38      11      65      47
       7:       35      62       8      26      80      44      17      71      53
       8:       30      57       3      21      75      39      12      66      48

  K = 8

        J:       0       1       2       3       4       5       6       7       8
       I:
       0:       26      53      80      17      71      35       8      62      44
       1:       27      54      81      18      72      36       9      63      45
       2:       21      48      75      12      66      30       3      57      39
       3:       24      51      78      15      69      33       6      60      42
       4:       23      50      77      14      68      32       5      59      41
       5:       22      49      76      13      67      31       4      58      40
       6:       19      46      73      10      64      28       1      55      37
       7:       25      52      79      16      70      34       7      61      43
       8:       20      47      74      11      65      29       2      56      38

  Permutation 1

     0   1   2   3   4   5   6   7   8
     7   4   9   8   2   1   3   6   5

  Permutation 2

     0   1   2   3   4   5   6   7   8
     5   2   1   3   9   6   7   8   4

  Permutation 1

     0   1   2   3   4   5   6   7   8
     4   2   1   5   8   9   3   7   6

  Latin cover

  K = 0

        J:       0       1       2       3       4       5       6       7       8
       I:
       0:        4      76      13      58      67      31      40      49      22
       1:        3      75      12      57      66      30      39      48      21
       2:        5      77      14      59      68      32      41      50      23
       3:        9      81      18      63      72      36      45      54      27
       4:        7      79      16      61      70      34      43      52      25
       5:        6      78      15      60      69      33      42      51      24
       6:        8      80      17      62      71      35      44      53      26
       7:        2      74      11      56      65      29      38      47      20
       8:        1      73      10      55      64      28      37      46      19

  K = 1

        J:       0       1       2       3       4       5       6       7       8
       I:
       0:       14       5      23      68      77      41      50      59      32
       1:       13       4      22      67      76      40      49      58      31
       2:       15       6      24      69      78      42      51      60      33
       3:       10       1      19      64      73      37      46      55      28
       4:       17       8      26      71      80      44      53      62      35
       5:       16       7      25      70      79      43      52      61      34
       6:       18       9      27      72      81      45      54      63      36
       7:       12       3      21      66      75      39      48      57      30
       8:       11       2      20      65      74      38      47      56      29

  K = 2

        J:       0       1       2       3       4       5       6       7       8
       I:
       0:       54      45      63      27      36      81       9      18      72
       1:       53      44      62      26      35      80       8      17      71
       2:       46      37      55      19      28      73       1      10      64
       3:       50      41      59      23      32      77       5      14      68
       4:       48      39      57      21      30      75       3      12      66
       5:       47      38      56      20      29      74       2      11      65
       6:       49      40      58      22      31      76       4      13      67
       7:       52      43      61      25      34      79       7      16      70
       8:       51      42      60      24      33      78       6      15      69

  K = 3

        J:       0       1       2       3       4       5       6       7       8
       I:
       0:       24      15      33      78       6      51      60      69      42
       1:       23      14      32      77       5      50      59      68      41
       2:       25      16      34      79       7      52      61      70      43
       3:       20      11      29      74       2      47      56      65      38
       4:       27      18      36      81       9      54      63      72      45
       5:       26      17      35      80       8      53      62      71      44
       6:       19      10      28      73       1      46      55      64      37
       7:       22      13      31      76       4      49      58      67      40
       8:       21      12      30      75       3      48      57      66      39

  K = 4

        J:       0       1       2       3       4       5       6       7       8
       I:
       0:       75      66       3      48      57      21      30      39      12
       1:       74      65       2      47      56      20      29      38      11
       2:       76      67       4      49      58      22      31      40      13
       3:       80      71       8      53      62      26      35      44      17
       4:       78      69       6      51      60      24      33      42      15
       5:       77      68       5      50      59      23      32      41      14
       6:       79      70       7      52      61      25      34      43      16
       7:       73      64       1      46      55      19      28      37      10
       8:       81      72       9      54      63      27      36      45      18

  K = 5

        J:       0       1       2       3       4       5       6       7       8
       I:
       0:       34      25      43       7      16      61      70      79      52
       1:       33      24      42       6      15      60      69      78      51
       2:       35      26      44       8      17      62      71      80      53
       3:       30      21      39       3      12      57      66      75      48
       4:       28      19      37       1      10      55      64      73      46
       5:       36      27      45       9      18      63      72      81      54
       6:       29      20      38       2      11      56      65      74      47
       7:       32      23      41       5      14      59      68      77      50
       8:       31      22      40       4      13      58      67      76      49

  K = 6

        J:       0       1       2       3       4       5       6       7       8
       I:
       0:       44      35      53      17      26      71      80       8      62
       1:       43      34      52      16      25      70      79       7      61
       2:       45      36      54      18      27      72      81       9      63
       3:       40      31      49      13      22      67      76       4      58
       4:       38      29      47      11      20      65      74       2      56
       5:       37      28      46      10      19      64      73       1      55
       6:       39      30      48      12      21      66      75       3      57
       7:       42      33      51      15      24      69      78       6      60
       8:       41      32      50      14      23      68      77       5      59

  K = 7

        J:       0       1       2       3       4       5       6       7       8
       I:
       0:       65      56      74      38      47      11      20      29       2
       1:       64      55      73      37      46      10      19      28       1
       2:       66      57      75      39      48      12      21      30       3
       3:       70      61      79      43      52      16      25      34       7
       4:       68      59      77      41      50      14      23      32       5
       5:       67      58      76      40      49      13      22      31       4
       6:       69      60      78      42      51      15      24      33       6
       7:       72      63      81      45      54      18      27      36       9
       8:       71      62      80      44      53      17      26      35       8

  K = 8

        J:       0       1       2       3       4       5       6       7       8
       I:
       0:       55      46      64      28      37       1      10      19      73
       1:       63      54      72      36      45       9      18      27      81
       2:       56      47      65      29      38       2      11      20      74
       3:       60      51      69      33      42       6      15      24      78
       4:       58      49      67      31      40       4      13      22      76
       5:       57      48      66      30      39       3      12      21      75
       6:       59      50      68      32      41       5      14      23      77
       7:       62      53      71      35      44       8      17      26      80
       8:       61      52      70      34      43       7      16      25      79

LATIN_COVER_PRB:
  Normal end of execution.

05 August 2012 03:08:36 PM
