                  1.007207
                  1.022307
        0.4132363333333333
        0.4336383333333333
    -0.0008545566666666669
       0.01221767666666667
                   3.02335
         1.668001666666667
                 0.0383078
      -0.02958356666666666
      -0.04707633333333333
         1.804899666666667
       -0.3074773333333333
       -0.2598966666666667
        0.7761026666666666
                  1.835007
                  1.244005
                  0.131343
                  0.410893
      -0.01783985666666666
                0.01595215
     0.0009940833333333329
       0.02070666666666667
         3.103296666666667
        0.6890701666666668
                 1.8770985
        0.8936448333333334
       -0.2578021666666667
       -0.4888301666666666
         1.359716666666667
         1.259433333333333
      0.009091666666666795
         1.311323333333333
                    1.3562
      -0.01545365333333333
         1.400652333333333
        0.5422133333333333
       0.04759446666666667
       0.01170843333333334
       0.06267023333333334
       -0.2400692333333333
      -0.05738223333333333
        0.9120750000000001
     -0.008324313333333333
                0.02183752
      -0.03997517999999999
                 0.0140901
                -0.2853165
                -0.0603469
       -0.1181153333333333
      -0.01349065666666667
       -0.1224889333333333
        0.2566393333333334
         1.041959333333333
         1.032205666666667
         1.793453333333333
                  1.071069
      -0.02986046666666667
      0.008913233333333328
       0.03623646666666667
      0.008377549999999999
      0.007680346666666667
        0.2545776666666666
                  0.271887
                   1.34598
       0.05809833333333344
                  0.539108
         1.815396333333333
         1.814616333333333
        0.7763663333333334
                   1.70076
         1.632932333333333
        0.5112113333333332
         1.740381666666667
       -0.5287456666666667
                 -0.427075
        0.5842486666666667
         1.711748333333333
         1.862865666666667
       -0.2775416333333333
                  1.152502
        0.3649403333333334
                   0.93467
         2.210106666666667
        0.9732466666666665
        0.6014503333333333
         1.457402666666667
        0.3508743333333333
     -0.005844390000000001
      -0.07044646666666667
       0.03064444333333334
     -0.006217966666666665
      0.001151243333333334
                 -0.025461
      -0.04815446666666667
         1.291465666666667
       0.02050194666666666
                  1.316501
        0.4764500000000001
                -0.1413576
                  0.317353
       -0.1474362666666667
      0.005749699999999999
       0.02816375333333333
      -0.03620391333333333
                  0.950574
       -0.1007169666666667
        0.3159576666666667
                 -0.150585
                  0.270153
      -0.04124696666666667
       -0.1566483333333333
                  0.933385
        0.3278223333333334
      -0.02596985333333333
       0.01885861333333333
                  0.364951
      -0.05506935333333334
       0.03547524666666668
       0.06411376666666667
      -0.05787316666666668
        0.3423786666666667
         1.188595666666667
         1.112249666666667
         1.193128666666667
        0.4288910000000001
                 -0.226081
       0.07052683333333333
    -6.089999999999987e-05
     0.0009227866666666667
     -0.001381936666666667
               -0.00873528
     -0.009275546666666667
     -0.001234126666666667
    -0.0004558933333333332
      -0.03962403333333334
       -0.1270597333333333
       0.02080250000000001
       0.01267503333333333
       0.04861000000000001
               -0.00229931
       0.02358383333333333
        0.2255882666666667
       0.07325566666666665
                 0.2254344
       0.03238293333333334
       0.04570189999999999
        0.1155541666666667
      -0.01001786666666667
                -0.1042292
        0.4081806666666667
                -0.1301946
        0.3000523333333333
        0.8079873333333333
        0.3854726666666667
        0.3986796666666666
     -0.002546964666666667
     -0.005652213333333334
      0.003020733333333333
        0.5185836666666667
      -0.04813096000000001
       0.06912203333333332
     -0.003344693333333334
      -0.01803959333333334
      0.009689846666666668
                -0.0435748
      -0.04521743333333333
     -0.003270386666666667
     -0.002280746666666667
     0.0003107199999999998
       0.01666065333333333
     -0.001441666666666667
      0.002937473333333333
       0.01559813333333333
         1.602436666666667
        0.3215523333333333
                   1.61631
         1.603743333333333
        0.5426356666666666
       -0.2374873333333334
       -0.4642373333333333
         1.606265666666667
                  1.565019
         1.554521333333333
       -0.1416506333333333
       -0.2603776666666667
        0.3818003333333334
         1.177198666666667
       -0.2464543333333333
       -0.1038243666666667
         1.172265333333333
                   2.13851
        0.9011933333333331
         1.564904333333333
        0.9839333333333333
       -0.3694276666666667
       -0.3402096666666667
        0.5504413333333333
      -0.07044986666666668
                  0.359289
                  0.114409
                  0.379833
                  0.130469
                -0.0848525
                -0.0305967
                -0.1006038
       -0.1283434666666667
                  0.093848
        0.4149100000000001
        0.4257173333333333
        0.2861456666666666
       -0.1204952666666667
      -0.04366803333333333
      -0.04307619999999999
      0.007986733333333334
      -0.01938953333333333
      -0.08051526666666667
         1.300755666666667
                  1.352531
                 -0.279881
                 -0.285729
         1.312984333333334
       -0.2802464666666666
                -0.2365278
        0.4122186666666667
        0.4502740000000001
                  1.285723
       0.08416451333333334
      -0.02633079999999999
       -0.2875623333333333
      -0.04233568666666668
       -0.2710786666666667
        0.8486563333333333
        0.2941976666666666
        0.8542946666666666
                  0.871359
                  0.932474
       -0.1901383333333333
        0.9266373333333334
        0.2972556666666666
      -0.04113940000000001
       -0.2271588666666667
                -0.1618765
     -0.001321053333333334
      -0.03120853333333333
                 0.0372954
        0.3747463333333333
                  1.223541
       -0.2414546666666667
        0.3710453333333333
       -0.2192663333333333
         1.090166333333333
         1.196112666666667
                  0.376907
                  1.097431
         1.081104333333333
       -0.2738573333333333
                 -0.242415
         1.210532333333333
        0.3560796666666666
         1.168207333333333
        0.3722080000000001
                  1.176952
      0.001065133333333334
     -6.08699999999999e-05
     -0.005781750000000001
      0.005467576666666665
      0.003315209999999999
     -0.006808113333333334
     -0.006799256666666667
    -0.0003608699999999998
                0.00220382
      0.009717023333333333
       0.02674059000000001
        0.2548529999999999
        0.7753433333333333
       -0.1817529666666667
       -0.1753219666666667
                 -0.380362
        0.9133306666666666
        0.2311696666666666
       -0.2442503333333333
                  0.315986
                 -0.433505
        0.9248613333333333
               -0.00408974
     0.0006613300000000002
         1.147303333333333
                 0.2261957
        0.2465586666666667
       -0.1381662333333333
      -0.05809329999999999
        0.2581063333333333
        0.4245878333333333
      -0.07279083333333335
                 0.1420315
                   0.47422
        0.1322576666666667
       -0.1056453666666666
      -0.06498566666666666
       -0.1704189333333334
                  0.240618
        0.7395573333333333
        0.7264073333333334
       0.08027936666666666
      -0.01697196666666667
                 0.1173374
      -0.04668216666666667
     -0.005606733333333336
       0.01244713666666667
      0.005565015333333333
      0.002973620000000001
       0.01595697666666667
                0.00689563
     -0.004516056666666666
                0.01685122
       0.02413793333333333
     -0.005977214333333334
     -0.003583237666666666
     -0.002011567666666666
    -0.0008267656666666666
                  0.244365
                  0.063226
                 0.2303804
       0.08120956666666668
      0.003112433333333334
      -0.01667140000000001
     0.0005052133333333336
       0.01270067333333333
      -0.06533693333333333
      -0.04155576666666667
     -0.003402626666666666
       0.02080418666666667
                 0.3071173
       0.09281063333333334
      -0.05306163333333332
     -0.005073653333333331
      -0.06423753333333333
      -0.02544688666666666
      -0.06398538666666667
                  0.321227
        0.1087423333333333
        0.3035846666666667
                 0.1023333
         1.630461333333334
        0.6436780000000001
       -0.3282963333333333
      -0.03318266666666666
       -0.2609703333333333
        0.4773993333333333
        0.6578776666666667
                  1.683897
        0.6163353333333333
         1.587411333333333
         1.686567333333333
                  0.332052
        0.4971993333333333
        0.1338386666666667
        0.4283939999999999
        0.5078866666666667
        0.1506233333333333
        0.4805333333333333
       -0.1151737333333333
         1.217316666666667
         1.421812666666667
        0.6296937333333333
        0.5243296666666667
                  0.788034
                   0.75319
        0.2391306666666667
        0.2771169999999999
        0.7657349999999999
      0.005144780000000002
     -0.001876820000000001
       0.02006644666666667
        0.5071356666666667
        0.1862843333333333
      -0.06349813333333333
       0.05645706666666667
      -0.09229846666666665
       0.02390463333333333
       0.05931996666666668
                  0.383495
         1.276742666666667
       -0.3119306666666667
       -0.2805986666666667
                  1.285966
        0.4240503333333334
        0.4549940000000001
       -0.2502594666666667
       -0.2563861333333333
         1.345015666666667
        0.4059976666666666
        0.3346220333333333
        0.8705456666666667
        0.3857190333333333
        0.9014726666666668
                0.03950118
       0.02523133333333333
      -0.05671080000000001
         1.141615333333333
         1.125068666666667
        0.4048653333333332
         1.296564666666667
         1.185550666666667
         1.184206666666667
                   1.17498
                   1.13075
       -0.2747246666666667
      -0.03588526666666667
        0.3640706666666667
       0.04952850666666667
      -0.04563426666666667
       -0.2504623333333333
        0.6920229999999999
     0.0005437899999999999
                0.00305645
        0.9359396666666666
        0.3402343333333334
        0.8441049999999999
       0.05302366666666666
      -0.07646033333333334
       0.05756256666666668
      -0.04537966666666667
      -0.02519710000000001
      -0.04757986666666666
      -0.01619076666666666
       -0.1415157666666667
        0.8663656666666665
        0.3105403333333334
       -0.1607178666666667
      -0.07925376666666667
       -0.1779505666666667
        0.2830006666666666
        0.8379156666666666
      -0.07570776666666666
      -0.01863333333333334
      0.003276333333333332
                 0.0486204
               -0.03525771
      0.007555473333333333
     -0.004375226666666659
         1.129106333333333
        0.4199763333333333
        0.3356523333333333
                 -0.239455
       0.08138153333333331
      0.003879366666666667
               -0.01045288
     -0.003435500000000003
                -0.0364767
                  0.236822
       0.08270166666666667
        0.7511176666666667
                  0.734302
        0.7211786666666665
       0.01547863333333333
                 0.0158296
      -0.01660356666666667
      -0.06221156666666666
        0.3624540000000001
                  0.115822
       -0.1508470666666667
        0.2410523333333333
        0.7742516666666667
        0.2594536666666667
       -0.1306357333333333
       0.02290075666666666
      -0.01593854333333333
       0.02032827666666667
       0.01975667666666667
                -0.0181208
     -0.003950100000000001
      -0.03362206666666667
      -0.08448289999999999
        0.2339353333333333
      -0.05426876666666667
                 0.1329851
      -0.04420993333333333
      -0.05560774666666667
               -0.01405248
        0.3304856333333333
                 0.3193651
        0.1180487333333333
      -0.01947833333333334
        0.3804290333333333
      0.004672658666666667
       0.01241484533333333
     -0.004841201333333334
     0.0005272199999999998
        0.2528166666666667
        0.6900383333333333
       -0.1197307666666667
      -0.03700313333333333
       0.01365810566666667
     -0.006566669999999999
     -0.005421636666666669
                0.01122463
     -0.005033427666666667
       0.07538216666666665
        0.2428758333333333
                   0.23274
      0.003071966666666667
      0.009396796666666667
                0.01105314
      -0.05530999999999999
         1.586432666666666
       -0.3429596666666667
        0.3532296666666667
      0.007591966666666662
                 -0.162168
       -0.1819926666666667
                -0.0116799
        0.4955056666666666
       -0.1042892666666667
                -0.0942506
        0.1538036666666666
        0.4532666666666667
      -0.02686013333333334
       -0.1167747333333333
        0.1639946666666666
        0.5495693333333334
                  1.046845
         1.089749333333333
                  0.367161
        0.9900493333333333
        0.9733326666666667
         1.159569666666667
                  1.252808
         1.185609666666666
        0.4199843333333333
         1.356082333333333
                 0.5989634
         1.550866666666667
         1.514803333333333
       -0.4040083333333333
        0.5499423333333334
       -0.2720872666666667
       -0.2244692666666666
        0.3481336666666667
                  0.449375
         1.271300333333333
        0.7146383333333333
        0.2652636666666667
        0.7422886666666666
       0.02148804666666667
      0.007803460000000002
        0.4995516666666666
        0.1478523333333333
                  0.457354
                  0.403953
               -0.01466062
       -0.1910658333333334
      -0.01065438666666667
        0.4145459999999999
                  1.151447
                  0.458213
       -0.1452650666666667
        0.4921333333333333
       -0.1174847333333333
                  1.301412
         1.158953333333334
        0.3851953333333333
        0.6955753333333333
        0.5087693333333333
     -0.001629476666666667
       0.02162147666666667
     -0.006870863333333334
     -0.004916706666666667
       -0.1164773333333333
        0.3665463333333333
        0.9266613333333332
       -0.1658293333333334
                  0.304551
        0.2871956666666667
                  1.035815
        0.8853606666666667
                  1.169939
         1.168612333333333
        0.3897446666666667
                 -0.164219
      -0.02206666666666666
        0.4476263333333334
                 -0.132748
                 -0.168089
                   1.10174
       -0.1913587666666667
        0.3781943333333334
         1.065187666666667
       -0.1817776666666666
        0.3854883333333333
      -0.04655109999999999
       -0.1813774333333333
                  1.081998
        0.3799056666666667
       -0.1866587666666667
       -0.2333483333333333
                -0.0420231
     -0.002904703333333333
     -0.005423386666666668
     -0.008053140000000002
                0.00617446
                0.00758141
         1.164071666666667
        0.4307616666666667
      -0.05131395999999999
      0.006053866666666668
      0.008310653333333334
      -0.09931733333333333
        0.3572126666666666
       -0.2502416666666667
         1.204829333333333
                  0.480627
        0.2312961666666667
                 0.0150951
     -0.007300233333333333
                -0.0394333
      0.004253366666666666
      -0.04246913333333333
        0.1982166666666667
      -0.04689106666666667
        0.2012373333333334
       0.06127283333333333
        0.1982056666666666
      -0.02136351333333333
       0.04159166666666667
      -0.06511656666666667
        0.2157636666666667
       0.06691233333333334
       0.04651866666666667
        0.2232923333333333
        0.2396923333333333
                  0.240237
       0.06902333333333333
        0.2179683333333333
      -0.01634123333333333
      -0.04363593333333334
                -0.0184529
      0.008002166666666666
     -0.000767666666666667
        0.3448326666666667
        0.3383943333333333
        0.1123533333333333
                  0.385447
        0.3680366666666666
       0.01314868333333333
      -0.08909217666666665
        0.4575893333333333
        0.1631633333333333
        0.4728926666666666
                  0.167417
      0.008431803333333333
       0.01105300666666667
        0.1913446666666667
      -0.08566424666666667
      -0.08721049999999998
               -0.03347408
                  0.206002
        0.5730080000000001
                -0.0959988
                 0.2217181
        0.5652313333333333
                -0.1095979
                  0.191046
                 0.3052786
        0.1050068333333333
      0.005536766666666667
                0.01354068
     -0.005501079999999998
       -0.1191470333333333
      -0.07465223333333333
                  0.235347
        0.6515053333333333
        0.2605284666666667
                -0.1098276
                -0.1409214
        0.5890183333333333
        0.2264981333333334
      -0.02628604666666666
                -0.0477648
                 0.2170961
        0.2184657666666666
      0.007228133333333334
      0.003409269999999999
     -0.004104146666666667
     -0.003277876666666667
    -0.0002186333333333334
                -0.0560233
      -0.01610146666666667
        0.1056452666666667
      -0.03434693333333334
       0.08231606666666667
                -0.0368608
       0.02107873333333334
      0.009026706666666669
      -0.01098823333333333
      -0.04234106666666667
      0.004935906666666668
        0.2316989333333333
       0.07372479999999999
      -0.03967783333333334
        0.2302140333333333
       0.08300863333333335
      -0.04653756666666668
                -0.0127348
       -0.2483616666666666
                 -0.203437
         1.444456666666667
                  0.443308
         1.414773333333333
        0.4585493333333333
       -0.2943023333333334
        0.6640586666666666
         1.567884333333333
                  0.644607
       -0.3286133333333333
                 -0.363697
         1.095351333333333
         1.090279333333333
      -0.04319223333333334
       -0.2083082333333333
         1.075159333333333
        0.3635006666666666
      -0.02829823333333333
                -0.1645209
                  0.498548
         1.249256333333333
     -0.008497700000000006
                  0.390145
       -0.2548800333333334
                  1.251013
        0.4562826666666666
                 -0.158203
         1.010654333333333
        0.5653823333333333
        0.2102763333333333
        0.1445986666666667
      -0.08538373333333334
                  1.007809
       -0.3199573333333334
       -0.3082843333333333
        0.2471683333333334
                  1.024389
         1.045905666666667
                  0.264742
       -0.2175433333333333
      -0.05017733333333334
        0.1274774333333333
     -0.009574900000000006
                  1.335407
                  0.429536
         1.259503333333333
        0.4312473333333334
                 -0.150914
                 -0.283022
      -0.08637560000000001
                 -0.242095
      -0.00802726666666668
       0.01296900566666667
              -0.002143749
     -0.005788391333333334
       0.02552986666666667
       -0.1417933333333333
      -0.01666973333333334
     -0.001789003333333333
     -0.003472486666666667
     -0.003677349999999999
                0.00548752
       0.01910629666666667
      0.008257943333333335
                 0.2538431
                  -0.04123
      -0.07234386666666666
      -0.02784259999999999
       -0.1062622333333333
        0.2544016666666667
       -0.1232385666666667
                  0.653903
        0.2097576666666666
         1.253588666666667
                  1.257392
        0.4588606666666666
         1.350647666666666
                  1.316953
       0.01245782666666667
      0.006328846666666668
       0.02762564333333334
      -0.03275047666666666
       -0.1053198666666667
      -0.03881476666666666
                  1.099938
                  0.399952
         1.139210666666667
                  1.026516
        0.3263156666666666
        0.2507186666666666
      -0.09180483333333334
        0.2597476666666667
        0.6794623333333334
       -0.1043144333333333
      -0.02712326666666666
       -0.1229211666666667
        0.6639426666666667
        0.2209223333333333
        0.6868493333333333
                  0.248937
       0.01471021666666667
       0.04908820000000001
       0.01590308333333334
      -0.03315443333333334
       -0.1390625333333333
      -0.05562703333333333
       0.02478368666666667
                0.01028992
       0.04863793333333333
      -0.04811223333333333
                -0.1821349
      -0.09667373333333333
       -0.2391766666666667
       -0.1247462333333333
                -0.0183193
        0.5302093333333333
        0.4941333333333333
      0.005090833333333333
     -0.003063733333333332
      -0.05509903333333333
      -0.01073086666666667
      -0.05500536666666667
      -0.03738646666666667
                -0.1162621
        0.3018965666666666
       0.06905956666666667
        0.1197054666666667
        0.3346563333333334
        0.3541234666666666
        0.1148144333333333
      -0.03914693333333333
                -0.0708013
       0.01618303333333333
      0.003767733333333332
      -0.03056996666666667
                -0.0764413
      -0.08057003333333333
               -0.02869414
                 0.1620443
                   0.38069
        0.1115233333333333
        0.3675553333333334
     -0.007267246666666665
      -0.04377133333333333
               -0.02928174
      0.008164206666666667
                0.01269968
      -0.03677457666666666
       0.02756884333333333
      -0.08180806666666667
      -0.01746464666666667
        0.5352103333333333
        0.5218823333333333
                  0.191137
        0.1132608666666666
                 0.3040329
        0.3128176333333333
        0.3940496333333334
      -0.01613683333333334
      -0.02308213333333333
      -0.06138366666666667
                 0.1379507
      -0.05479866666666667
     -0.005282893333333333
     -0.005425293333333334
      -0.04190406666666666
      -0.05865623333333334
      -0.07323856666666667
                  0.925431
                  0.310862
        0.9106543333333333
        0.2584783333333333
        0.9895123333333333
        0.3517233333333333
         1.005942333333333
                  0.281355
       -0.1783221333333333
        0.1551876666666666
        0.4931780000000001
        0.1110243333333332
                  0.529766
                 -0.128615
         1.483465666666667
       -0.2737146666666667
      -0.03250733333333333
     -0.003100666666666677
                 -0.194116
      -0.01995033333333334
       0.03024166666666667
        0.6107696666666667
        0.5722349999999999
                  0.178621
        0.2303083333333333
        0.6048166666666667
        0.1582226666666667
                 -0.141755
                  0.624166
                  0.216274
        0.6225813333333333
                   0.38582
         1.090119666666667
                  1.064037
                 0.3138792
        0.3199153333333333
        0.1026038666666667
                 0.0122981
      -0.02797526666666666
      0.005181033333333334
       0.02222163333333333
                -0.0129518
      -0.07026576666666666
      -0.06209483333333334
                 0.1605943
      -0.04345516666666666
        0.3864813333333334
                 0.1424653
        0.3761526666666666
        0.1362409666666667
      -0.07074096666666667
      -0.03196566666666667
      -0.06938536666666667
        0.1298320333333333
        0.3719213333333333
       0.08938905333333334
       0.08347138666666666
        0.2117643333333333
        0.2344434666666667
       0.08391376666666665
       0.06408829999999999
                   0.21386
        0.2356996333333333
        0.3138163333333333
                  0.109593
        0.3694760000000001
                 0.1382827
                 0.1513197
      -0.04129749999999999
       -0.2110443666666667
       0.06272233333333334
                 0.0451702
       0.03713423333333333
       0.04064156666666666
      -0.06485969999999998
       -0.2486513666666667
       -0.2680549333333333
      -0.08124973333333335
      -0.03690563333333333
                -0.2340746
       0.09806036666666666
       0.07415743333333334
       0.04208996666666667
         1.105897333333333
                   1.99386
                  0.216113
         1.104075666666667
      -0.09140189999999999
     -0.000659803333333334
       0.02529003333333333
      -0.01687123333333333
      -0.03048296666666667
       0.01809786333333334
                  0.210754
        0.2147983333333333
                   0.32771
        0.1023276666666667
        0.3415373333333334
        0.3273663333333334
