  0  1  1  1  1  1  1
  0.002  1.04034  0.996493  0.993164  0.994196  1.0138  1.00261
  0.004  1.03146  1.02365  1.0016  1.00572  1.00331  1.00477
  0.006  1.02052  1.04322  1.02286  1.00035  1.04292  1.00735
  0.008  1.0173  1.04467  1.04596  0.963812  1.07387  1.00888
  0.01  1.04736  1.07919  1.09009  0.971842  1.04732  1.01115
  0.012  1.06208  1.03704  1.06114  0.967226  1.06304  1.01252
  0.014  1.09485  1.01818  1.06129  0.975116  1.06213  1.01463
  0.016  1.12309  1.02362  1.06926  1.02362  1.05613  1.01842
  0.018  1.08419  1.02582  1.05655  1.01361  1.06963  1.0213
  0.02  1.04198  1.0381  1.07435  1.00989  1.08305  1.02157
  0.022  0.993005  1.03573  1.14229  1.02796  1.07754  1.02344
  0.024  1.0115  1.02274  1.14655  1.03766  1.04019  1.02691
  0.026  1.01442  1.03704  1.21251  1.06353  1.05513  1.03059
  0.028  0.986213  1.07423  1.25416  1.13136  1.02734  1.03415
  0.03  1.00317  1.08062  1.27281  1.13891  1.03973  1.0358
  0.032  1.00536  1.07096  1.2745  1.12149  1.03207  1.03847
  0.034  1.00119  1.08458  1.23284  1.1272  1.07039  1.04109
  0.036  1.01164  1.148  1.19106  1.15027  1.08692  1.04289
  0.038  1.06392  1.17754  1.16597  1.1971  1.08401  1.0452
  0.04  1.07049  1.20702  1.16897  1.21544  1.07617  1.0475
  0.042  1.07979  1.18772  1.16208  1.2273  1.07193  1.04962
  0.044  1.07079  1.14852  1.16606  1.23153  1.09329  1.05222
  0.046  1.12313  1.19205  1.15247  1.21757  1.09212  1.05396
  0.048  1.12781  1.1793  1.17918  1.23473  1.10548  1.05685
  0.05  1.16597  1.14849  1.21337  1.24467  1.11376  1.05872
  0.052  1.14612  1.10792  1.23378  1.24406  1.13713  1.06019
  0.054  1.11694  1.1357  1.24245  1.26852  1.12248  1.06218
  0.056  1.16187  1.12521  1.25897  1.31415  1.12944  1.06436
  0.058  1.16245  1.11511  1.29291  1.32978  1.13261  1.06769
  0.06  1.18106  1.09066  1.30382  1.32171  1.13551  1.0712
  0.062  1.16259  1.08169  1.31458  1.32604  1.14463  1.07342
  0.064  1.15651  1.0645  1.31926  1.33178  1.19626  1.07634
  0.066  1.14533  1.08252  1.33826  1.33837  1.18297  1.07814
  0.068  1.15164  1.05023  1.35194  1.3251  1.1887  1.07924
  0.07  1.14494  1.01519  1.42842  1.28876  1.19764  1.08073
  0.072  1.14089  0.996277  1.46117  1.24965  1.21321  1.0837
  0.074  1.14655  1.00074  1.4297  1.31115  1.19236  1.08571
  0.076  1.10301  1.00117  1.4724  1.30476  1.20137  1.08774
  0.078  1.11858  1.01135  1.48655  1.37402  1.24905  1.09055
  0.08  1.15255  1.03073  1.49626  1.35435  1.3068  1.09322
  0.082  1.13676  1.01523  1.49954  1.34368  1.33616  1.09529
  0.084  1.1591  1.03405  1.49083  1.37306  1.41213  1.09786
  0.086  1.14509  0.991469  1.44719  1.32464  1.39913  1.09903
  0.088  1.16681  1.03703  1.39465  1.36893  1.40209  1.10173
  0.09  1.15901  0.986154  1.37362  1.37504  1.38871  1.10334
  0.092  1.11763  1.01255  1.38011  1.34531  1.38283  1.10585
  0.094  1.10418  0.999005  1.38798  1.37868  1.38637  1.10846
  0.096  1.15622  0.964889  1.36454  1.40163  1.37752  1.11175
  0.098  1.16582  0.942865  1.31315  1.39284  1.37004  1.11394
  0.1  1.15379  0.926094  1.35308  1.39745  1.40797  1.11569
  0.102  1.14132  0.893314  1.32947  1.36067  1.37591  1.11775
  0.104  1.08657  0.897427  1.39771  1.3504  1.41649  1.11915
  0.106  1.09817  0.920931  1.38325  1.28057  1.47153  1.1223
  0.108  1.04827  0.940124  1.38895  1.25595  1.45902  1.1247
  0.11  1.0439  0.955996  1.39918  1.24315  1.49229  1.12618
  0.112  1.06285  0.933904  1.4047  1.23656  1.52144  1.12909
  0.114  1.06591  0.933523  1.40318  1.19894  1.54132  1.13172
  0.116  1.05714  0.948317  1.40752  1.21492  1.57599  1.13399
  0.118  1.04478  0.964614  1.42744  1.20379  1.59347  1.13727
  0.12  1.05645  0.987761  1.43079  1.24456  1.63949  1.14109
  0.122  1.05081  0.957837  1.4221  1.28018  1.60393  1.14357
  0.124  1.04973  0.95798  1.4226  1.29024  1.62131  1.14576
  0.126  0.98716  0.956522  1.46801  1.27555  1.62463  1.14705
  0.128  0.988701  0.986705  1.42689  1.28581  1.61355  1.15011
  0.13  0.953495  0.992623  1.43102  1.27505  1.61151  1.15281
  0.132  0.995723  1.02771  1.44412  1.28317  1.62455  1.15624
  0.134  1.02068  1.01618  1.458  1.27898  1.5556  1.15901
  0.136  0.99447  0.97783  1.43076  1.33536  1.58445  1.16205
  0.138  1.05716  0.982887  1.45363  1.36902  1.51493  1.16433
  0.14  1.06619  0.988312  1.49953  1.38193  1.45206  1.16668
  0.142  1.10379  1.00194  1.46122  1.37754  1.46914  1.16973
  0.144  1.13803  0.97436  1.46029  1.39528  1.44358  1.16999
  0.146  1.16753  0.948863  1.413  1.41939  1.43501  1.17097
  0.148  1.19584  0.941183  1.4013  1.43172  1.48809  1.17353
  0.15  1.20927  0.948343  1.37611  1.39478  1.49479  1.17533
  0.152  1.25942  0.983192  1.36403  1.38472  1.50875  1.17772
  0.154  1.27218  0.969772  1.41794  1.34743  1.5264  1.18001
  0.156  1.24874  0.966719  1.41886  1.37216  1.48736  1.18235
  0.158  1.25747  0.988523  1.41223  1.33358  1.48386  1.18542
  0.16  1.28871  0.978135  1.42868  1.30268  1.49547  1.18847
  0.162  1.28779  0.987522  1.43192  1.28386  1.43512  1.19105
  0.164  1.26986  0.97418  1.45638  1.29082  1.47621  1.19446
  0.166  1.29473  0.981554  1.4461  1.31649  1.50913  1.19526
  0.168  1.26862  0.984322  1.49018  1.33713  1.51912  1.19906
  0.17  1.27923  1.02957  1.48598  1.38193  1.51382  1.20212
  0.172  1.27659  1.04389  1.56664  1.3832  1.54393  1.2053
  0.174  1.31169  1.01072  1.55044  1.37773  1.52014  1.20804
  0.176  1.32067  1.05731  1.57452  1.35217  1.58741  1.21117
  0.178  1.31394  1.05175  1.52067  1.3091  1.57714  1.21403
  0.18  1.35139  1.08135  1.49722  1.31284  1.62014  1.2193
  0.182  1.34734  1.05463  1.48635  1.32871  1.68275  1.2207
  0.184  1.33821  1.04459  1.55196  1.40835  1.67866  1.22383
  0.186  1.3631  1.02617  1.55609  1.40601  1.71077  1.22758
  0.188  1.40016  1.08581  1.66846  1.46915  1.67074  1.23128
  0.19  1.42156  1.09744  1.6422  1.44978  1.69965  1.23324
  0.192  1.42014  1.07724  1.63306  1.54021  1.72707  1.237
  0.194  1.39947  1.04945  1.65984  1.53225  1.69301  1.24062
  0.196  1.4089  1.06635  1.66508  1.50424  1.70933  1.24344
  0.198  1.38766  1.09585  1.67504  1.4676  1.73978  1.2448
  0.2  1.40637  1.15525  1.71998  1.43706  1.78167  1.2472
  0.202  1.42657  1.12784  1.69169  1.45055  1.83267  1.24998
  0.204  1.39894  1.16001  1.70615  1.50135  1.84747  1.25297
  0.206  1.38918  1.19428  1.62414  1.4988  1.86619  1.25458
  0.208  1.33344  1.16821  1.64505  1.53821  1.86256  1.25692
  0.21  1.32237  1.16283  1.7063  1.56301  1.83442  1.25949
  0.212  1.3412  1.16246  1.71223  1.54952  1.84868  1.2624
  0.214  1.31947  1.14471  1.71404  1.53745  1.95976  1.26544
  0.216  1.34508  1.12667  1.69688  1.54864  1.95644  1.26738
  0.218  1.38327  1.08835  1.72916  1.60875  1.96866  1.27013
  0.22  1.35152  1.10427  1.66485  1.61827  1.98702  1.27375
  0.222  1.37352  1.09425  1.64637  1.5681  2.01575  1.27606
  0.224  1.36458  1.102  1.67377  1.60244  2.03828  1.27822
  0.226  1.35177  1.07835  1.63475  1.63824  2.11056  1.28141
  0.228  1.41426  1.09857  1.57734  1.6451  2.0573  1.28214
  0.23  1.42605  1.06754  1.52824  1.65278  2.08741  1.28533
  0.232  1.36497  1.06156  1.49608  1.63808  2.07736  1.28746
  0.234  1.40122  1.03485  1.49198  1.63033  2.03783  1.28974
  0.236  1.37143  1.01883  1.5053  1.66387  2.00416  1.29357
  0.238  1.40007  0.991746  1.51403  1.60568  1.9966  1.2954
  0.24  1.39424  0.993623  1.50495  1.55994  2.06202  1.29912
  0.242  1.41826  0.979543  1.53608  1.56476  2.07642  1.30167
  0.244  1.42399  0.965544  1.54634  1.61285  2.06952  1.30558
  0.246  1.49652  0.990394  1.60541  1.58813  2.15501  1.31011
  0.248  1.49566  1.00901  1.58945  1.62936  2.16407  1.31262
  0.25  1.48857  0.987008  1.57323  1.6488  2.21478  1.31694
  0.252  1.45765  0.959412  1.54218  1.65264  2.19299  1.31967
  0.254  1.45777  0.950457  1.55106  1.63819  2.23536  1.32348
  0.256  1.45853  0.928688  1.55669  1.57221  2.21699  1.32634
  0.258  1.38837  0.950654  1.55811  1.55915  2.12156  1.32825
  0.26  1.36214  0.96484  1.56642  1.53221  2.05066  1.32991
  0.262  1.30096  0.954853  1.52393  1.51838  2.05502  1.33419
  0.264  1.25341  0.988267  1.5526  1.49759  2.12392  1.33772
  0.266  1.25569  0.998476  1.55853  1.48837  2.14807  1.34187
  0.268  1.23603  1.00434  1.58855  1.51095  2.14379  1.34622
  0.27  1.26119  1.05092  1.61333  1.51663  2.09262  1.34818
  0.272  1.29008  1.04083  1.64892  1.53313  2.02063  1.35129
  0.274  1.32605  1.05004  1.68346  1.52844  1.98547  1.35544
  0.276  1.28843  1.03663  1.66926  1.58189  2.0534  1.35913
  0.278  1.30202  1.03186  1.69861  1.57985  2.11486  1.362
  0.28  1.23363  1.04093  1.72289  1.66085  2.11512  1.36484
  0.282  1.27908  1.05615  1.76102  1.65145  2.13514  1.36763
  0.284  1.24842  1.04872  1.77754  1.67625  2.1525  1.37043
  0.286  1.27102  1.0291  1.76979  1.69665  2.09787  1.37303
  0.288  1.30133  1.03204  1.84483  1.81491  2.1032  1.37844
  0.29  1.29096  1.04384  1.8886  1.9084  2.1401  1.38087
  0.292  1.29819  1.07351  1.95655  1.98583  2.15396  1.3853
  0.294  1.30472  1.09758  1.93021  1.9357  2.06562  1.38768
  0.296  1.33698  1.0895  1.92136  1.98479  2.08777  1.39086
  0.298  1.31958  1.05764  1.94427  1.92869  2.06277  1.3943
  0.3  1.29842  1.06573  1.94022  1.89293  2.07628  1.39865
  0.302  1.37064  1.04852  1.91341  1.88646  2.0448  1.40205
  0.304  1.37434  1.0452  1.94756  1.9441  1.98274  1.40581
  0.306  1.35203  1.05591  1.90465  1.97824  2.06214  1.40815
  0.308  1.36999  1.06667  1.93674  1.96391  2.16244  1.4109
  0.31  1.34398  1.0516  1.93944  1.94587  2.14984  1.41392
  0.312  1.35215  1.08121  1.97533  2.01233  2.14932  1.41634
  0.314  1.35626  1.10266  1.90896  2.00003  2.18418  1.41661
  0.316  1.30992  1.12398  1.84274  2.05077  2.27101  1.42132
  0.318  1.29512  1.17876  1.80564  1.954  2.33333  1.42505
  0.32  1.30971  1.19753  1.80458  1.90532  2.45217  1.43088
  0.322  1.28946  1.187  1.82134  1.85738  2.45875  1.43549
  0.324  1.27881  1.18568  1.78434  1.93737  2.50525  1.44043
  0.326  1.26378  1.20389  1.7391  1.94696  2.52709  1.44378
  0.328  1.22695  1.17753  1.77316  1.96477  2.42579  1.44868
  0.33  1.2459  1.19322  1.80081  2.01363  2.43943  1.45232
  0.332  1.23801  1.20354  1.79779  2.11329  2.53268  1.45593
  0.334  1.19521  1.23979  1.87575  2.11177  2.55241  1.45803
  0.336  1.16749  1.26879  1.85088  2.14234  2.44959  1.46129
  0.338  1.189  1.26349  1.92672  2.09354  2.49694  1.46439
  0.34  1.16641  1.25792  1.88283  2.13532  2.56989  1.4702
  0.342  1.1818  1.26032  1.9097  2.20477  2.49128  1.47297
  0.344  1.19176  1.23563  1.86889  2.16981  2.51554  1.47546
  0.346  1.16322  1.24346  1.87283  2.19311  2.55787  1.47991
  0.348  1.18481  1.27971  1.83253  2.17257  2.47081  1.48196
  0.35  1.16505  1.28408  1.78104  2.19194  2.44881  1.48275
  0.352  1.18469  1.30274  1.78829  2.23155  2.37119  1.48678
  0.354  1.19174  1.28057  1.8051  2.20417  2.35205  1.48888
  0.356  1.16512  1.3551  1.82848  2.12653  2.35  1.49268
  0.358  1.15718  1.42071  1.88046  2.09432  2.34437  1.49439
  0.36  1.18814  1.41858  1.86488  2.11517  2.33933  1.49939
  0.362  1.16511  1.41373  1.8912  2.10731  2.29315  1.50288
  0.364  1.15756  1.44284  1.87194  2.1546  2.25912  1.50512
  0.366  1.18924  1.42743  1.9206  2.124  2.35802  1.50942
  0.368  1.15435  1.4564  1.96133  2.19117  2.34883  1.51341
  0.37  1.14049  1.4961  1.93858  2.17472  2.45373  1.51707
  0.372  1.16693  1.49508  1.93412  2.1021  2.50299  1.52225
  0.374  1.14503  1.49281  1.9589  2.09303  2.57501  1.52539
  0.376  1.16349  1.50541  1.94349  2.12869  2.60938  1.53028
  0.378  1.18203  1.49913  1.88573  2.11244  2.6428  1.53321
  0.38  1.20023  1.5247  1.83262  2.10816  2.68565  1.53388
  0.382  1.20008  1.51943  1.78838  2.09736  2.67371  1.53692
  0.384  1.18796  1.48629  1.72506  2.15568  2.62779  1.54124
  0.386  1.13207  1.50959  1.74091  2.14709  2.62641  1.54307
  0.388  1.13717  1.52438  1.77359  2.28502  2.64451  1.5476
  0.39  1.16238  1.50416  1.75349  2.27286  2.64085  1.55234
  0.392  1.14267  1.50584  1.74928  2.30247  2.63563  1.5541
  0.394  1.15726  1.48598  1.75912  2.28396  2.63258  1.55597
  0.396  1.18368  1.47964  1.78668  2.24652  2.68433  1.56065
  0.398  1.182  1.47875  1.80536  2.19048  2.79692  1.56342
  0.4  1.20727  1.46011  1.86779  2.15456  2.68739  1.56899
  0.402  1.25353  1.47852  1.90137  2.13731  2.73394  1.57161
  0.404  1.27685  1.53441  1.9038  2.14837  2.72419  1.57641
  0.406  1.27767  1.50894  1.8807  2.10922  2.60753  1.58075
  0.408  1.30559  1.53323  1.78749  2.12585  2.55998  1.58555
  0.41  1.29158  1.50849  1.76003  2.13437  2.59137  1.58925
  0.412  1.30048  1.50098  1.81542  2.10351  2.51029  1.59193
  0.414  1.34499  1.51408  1.77419  2.06422  2.50992  1.59476
  0.416  1.35661  1.5432  1.78468  2.09907  2.4543  1.59805
  0.418  1.3846  1.58313  1.77723  2.07722  2.49166  1.60067
  0.42  1.40295  1.54856  1.82316  2.13487  2.45732  1.60343
  0.422  1.44224  1.59534  1.85512  2.234  2.39347  1.60712
  0.424  1.44769  1.58124  1.87253  2.2816  2.45686  1.61033
  0.426  1.44001  1.5968  1.83687  2.2825  2.46426  1.61432
  0.428  1.45091  1.66288  1.79166  2.36154  2.5102  1.61804
  0.43  1.45083  1.61691  1.8278  2.33018  2.59088  1.62263
  0.432  1.43703  1.57838  1.87144  2.31956  2.62001  1.62661
  0.434  1.47996  1.65018  1.96932  2.35677  2.61969  1.62956
  0.436  1.47434  1.67733  1.95081  2.34526  2.64855  1.63359
  0.438  1.52945  1.72716  1.94836  2.46903  2.64061  1.63541
  0.44  1.47743  1.72247  1.95313  2.40912  2.751  1.63772
  0.442  1.46552  1.75892  1.84185  2.41138  2.7277  1.63952
  0.444  1.49287  1.78306  1.7635  2.4257  2.8134  1.64246
  0.446  1.51513  1.77853  1.75414  2.46621  2.85549  1.64576
  0.448  1.60584  1.79538  1.75454  2.35955  2.93298  1.64955
  0.45  1.59395  1.83108  1.85005  2.37041  2.9183  1.65485
  0.452  1.60143  1.83533  1.83828  2.36828  2.91324  1.65808
  0.454  1.60241  1.83046  1.9117  2.40078  2.88725  1.66083
  0.456  1.65002  1.75879  1.88854  2.47323  2.87579  1.66484
  0.458  1.60175  1.7336  1.9461  2.52373  2.89403  1.6704
  0.46  1.62737  1.74678  1.96518  2.57312  2.90795  1.67452
  0.462  1.62614  1.79263  1.96799  2.56281  2.9554  1.67732
  0.464  1.63696  1.78708  2.0414  2.50173  2.94343  1.67974
  0.466  1.60149  1.82394  2.07668  2.58673  3.08846  1.68361
  0.468  1.57088  1.81457  2.11117  2.51526  2.95604  1.68765
  0.47  1.54353  1.8128  2.11336  2.55694  3.02155  1.69193
  0.472  1.58067  1.84069  2.05854  2.54896  3.1428  1.69731
  0.474  1.62442  1.85783  2.05024  2.72729  2.99976  1.70219
  0.476  1.64986  1.79239  2.05056  2.70119  3.00552  1.70648
  0.478  1.67263  1.83048  2.02973  2.67337  3.00303  1.71198
  0.48  1.68457  1.80704  2.08662  2.75274  3.16513  1.71669
  0.482  1.81837  1.8964  2.12469  2.7894  3.21337  1.72289
  0.484  1.82916  1.89904  2.14251  2.78964  3.35995  1.72572
  0.486  1.79778  1.88032  2.1735  2.78878  3.48932  1.72986
  0.488  1.76809  1.87444  2.18555  2.8609  3.58658  1.73261
  0.49  1.76155  1.93368  2.15305  2.88452  3.55049  1.73814
  0.492  1.80421  1.90145  2.10897  2.97506  3.56797  1.74549
  0.494  1.81402  1.91282  2.08256  2.92296  3.62234  1.75024
  0.496  1.80543  1.89624  2.11316  2.97767  3.7273  1.7543
  0.498  1.87183  1.8631  2.09675  2.96765  3.85617  1.75748
  0.5  1.89161  1.80331  2.16652  2.93581  3.87351  1.76099
  0.502  1.78862  1.845  2.09437  2.98213  3.96813  1.76353
  0.504  1.78548  1.83113  2.16172  3.0296  3.90506  1.76805
  0.506  1.76102  1.84375  2.19199  3.11774  4.12881  1.77434
  0.508  1.78557  1.82115  2.16345  3.13649  4.17534  1.77896
  0.51  1.74889  1.79742  2.14233  3.17042  3.93408  1.7847
  0.512  1.68872  1.7439  2.12655  3.23555  4.06503  1.78937
  0.514  1.69626  1.7441  2.1514  3.31412  4.02143  1.79394
  0.516  1.74967  1.74667  2.17619  3.27086  4.00354  1.79732
  0.518  1.72616  1.784  2.07428  3.19104  3.95482  1.80132
  0.52  1.70399  1.78642  2.04107  3.26541  3.92907  1.80333
  0.522  1.71477  1.67274  1.94877  3.26426  4.12818  1.80695
  0.524  1.65856  1.67787  1.95665  3.19967  4.1596  1.81089
  0.526  1.67705  1.68499  1.94464  3.26482  4.13218  1.81673
  0.528  1.65024  1.7245  1.93442  3.43486  4.27004  1.81945
  0.53  1.64996  1.78607  1.94005  3.50759  4.31648  1.82445
  0.532  1.65817  1.78831  1.96098  3.58737  4.35215  1.8286
  0.534  1.69281  1.77743  1.98367  3.53029  4.372  1.83124
  0.536  1.76404  1.83316  1.94273  3.6635  4.4293  1.83714
  0.538  1.74113  1.87662  1.93519  3.66396  4.57307  1.84018
  0.54  1.75471  1.86904  1.98335  3.75941  4.65978  1.8448
  0.542  1.76307  1.81137  2.01365  3.75394  4.78689  1.85166
  0.544  1.7034  1.83795  1.95168  3.7061  4.72506  1.85841
  0.546  1.69059  1.88922  1.97356  3.66652  4.90882  1.86066
  0.548  1.68224  1.84919  1.88761  3.49622  4.94604  1.86542
  0.55  1.65998  1.884  1.88405  3.61404  5.04097  1.87033
  0.552  1.63836  1.90886  1.84311  3.59371  5.05086  1.87307
  0.554  1.66137  1.96884  1.8284  3.567  5.11549  1.87639
  0.556  1.65376  1.98377  1.87789  3.66621  5.03147  1.88206
  0.558  1.62888  1.91499  1.85408  3.68562  5.09545  1.88438
  0.56  1.60594  1.83876  1.8863  3.81765  5.02773  1.88764
  0.562  1.66017  1.87171  1.8654  3.7293  5.08514  1.89176
  0.564  1.67154  1.84648  1.89587  3.81053  5.1457  1.89603
  0.566  1.58443  1.83618  1.89749  3.84768  5.09125  1.90134
  0.568  1.62906  1.89906  1.80095  3.76979  5.11857  1.90914
  0.57  1.60882  1.87192  1.77723  3.80406  5.03506  1.91439
  0.572  1.63592  1.84201  1.76736  3.68226  5.23038  1.92049
  0.574  1.60744  1.86688  1.78776  3.72223  5.16299  1.92202
  0.576  1.58199  1.78696  1.75877  3.65606  5.21771  1.92457
  0.578  1.53921  1.85274  1.75573  3.70013  5.18312  1.92799
  0.58  1.61344  1.81154  1.80459  3.74791  5.02889  1.93093
  0.582  1.65699  1.75198  1.84706  3.75074  4.87294  1.93303
  0.584  1.65235  1.65416  1.79917  3.80595  4.90091  1.93651
  0.586  1.63297  1.64562  1.79295  3.6691  5.05793  1.93976
  0.588  1.63837  1.68268  1.70417  3.5373  5.06202  1.94398
  0.59  1.61709  1.71394  1.71232  3.52494  4.82329  1.95156
  0.592  1.67309  1.71884  1.76218  3.73894  4.77385  1.95772
  0.594  1.70466  1.71112  1.81651  3.83666  4.75445  1.96058
  0.596  1.71076  1.70273  1.82304  3.78947  4.53218  1.96349
  0.598  1.72434  1.68414  1.77364  3.78224  4.54591  1.96841
  0.6  1.73306  1.70791  1.76486  3.89021  4.39861  1.97385
  0.602  1.73122  1.73854  1.75581  3.91465  4.35809  1.9812
  0.604  1.72066  1.70561  1.78177  3.98919  4.33964  1.98472
  0.606  1.7066  1.72504  1.83744  4.08847  4.39238  1.98835
  0.608  1.74273  1.71512  1.84026  4.11805  4.24864  1.992
  0.61  1.75435  1.70042  1.87121  4.09693  4.32118  1.99745
  0.612  1.76078  1.63184  1.8721  4.26757  4.29149  2.00128
  0.614  1.71133  1.6366  1.83565  4.32699  4.31126  2.00616
  0.616  1.71219  1.59538  1.84696  4.24852  4.37403  2.00714
  0.618  1.73783  1.59338  1.92931  4.14395  4.4584  2.01019
  0.62  1.73177  1.59542  1.9559  4.06507  4.61436  2.01519
  0.622  1.71527  1.63145  1.92641  4.04587  4.65322  2.01809
  0.624  1.74341  1.65954  1.87613  4.06462  4.69796  2.02113
  0.626  1.76724  1.65647  1.8964  4.09167  4.61101  2.02327
  0.628  1.84768  1.63932  1.80531  4.09324  4.59322  2.02826
  0.63  1.8203  1.68296  1.8196  4.18018  4.58929  2.03363
  0.632  1.82585  1.71216  1.80211  4.21845  4.65133  2.03878
  0.634  1.79609  1.67996  1.84981  4.25698  4.69515  2.04617
  0.636  1.8336  1.65963  1.89652  4.39907  4.62457  2.04969
  0.638  1.84713  1.69139  1.96285  4.41394  4.65819  2.05489
  0.64  1.87716  1.65985  1.92992  4.41239  4.68792  2.06051
  0.642  1.86847  1.7189  1.96277  4.57878  4.68208  2.06719
  0.644  1.82595  1.70365  1.9209  4.61607  4.68433  2.07069
  0.646  1.82363  1.7323  1.90192  4.49567  4.64908  2.07277
  0.648  1.88094  1.74267  1.91337  4.40345  4.53831  2.07568
  0.65  1.91369  1.73732  1.86458  4.42542  4.36292  2.08201
  0.652  1.91539  1.7607  1.8635  4.29196  4.39968  2.0865
  0.654  1.89338  1.8066  1.88959  4.36566  4.42505  2.09008
  0.656  1.9317  1.79715  1.87471  4.311  4.45418  2.09268
  0.658  2.03024  1.81375  1.94221  4.42806  4.30376  2.09635
  0.66  2.01413  1.78969  1.95973  4.42446  4.22836  2.09701
  0.662  2.02633  1.71902  1.9315  4.37407  4.23113  2.10192
  0.664  2.06787  1.69125  1.98311  4.42325  4.36173  2.10845
  0.666  2.02564  1.74611  1.97674  4.35677  4.52492  2.11391
  0.668  2.0738  1.73582  1.92734  4.39886  4.51141  2.1166
  0.67  2.11659  1.71607  1.96098  4.44254  4.63058  2.12227
  0.672  2.10464  1.67117  1.8829  4.32653  4.51831  2.128
  0.674  2.09542  1.70492  1.91947  4.36453  4.54116  2.13354
  0.676  2.11014  1.68007  1.84818  4.41225  4.63879  2.14085
  0.678  1.98793  1.67005  1.78307  4.40159  4.66558  2.14472
  0.68  1.97485  1.67065  1.76705  4.29622  4.75375  2.15246
  0.682  2.04003  1.65397  1.749  4.25975  4.68024  2.15625
  0.684  2.00364  1.61492  1.64229  4.26167  4.55143  2.16267
  0.686  2.08153  1.65584  1.66289  4.34245  4.5483  2.17101
  0.688  2.09256  1.65514  1.67877  4.4272  4.43629  2.1743
  0.69  2.13436  1.68079  1.69534  4.34243  4.27242  2.1779
  0.692  2.12222  1.65045  1.75221  4.56012  4.33498  2.1821
  0.694  2.23148  1.66248  1.78828  4.72712  4.51546  2.1867
  0.696  2.19968  1.69178  1.8104  4.72403  4.42663  2.18982
  0.698  2.11953  1.73176  1.84904  4.62675  4.40217  2.19535
  0.7  2.10128  1.70486  1.8411  4.56188  4.35796  2.20064
  0.702  2.17224  1.72517  1.81124  4.69322  4.54712  2.20595
  0.704  2.18049  1.73525  1.8491  4.573  4.41836  2.20954
  0.706  2.24571  1.69566  1.80865  4.43276  4.40213  2.21392
  0.708  2.31592  1.65108  1.84253  4.62116  4.3077  2.21844
  0.71  2.26675  1.59034  1.81637  4.73614  4.26979  2.22143
  0.712  2.18286  1.58027  1.9134  4.61103  4.36287  2.22843
  0.714  2.19729  1.523  1.86793  4.49764  4.35182  2.23473
  0.716  2.17485  1.53703  1.94381  4.71454  4.4033  2.23936
  0.718  2.04986  1.50617  1.92642  4.57576  4.31929  2.24491
  0.72  2.00675  1.45636  1.99716  4.60251  4.25258  2.25121
  0.722  2.03085  1.48156  2.03088  4.69114  4.36621  2.25516
  0.724  2.13375  1.46042  1.97603  4.6312  4.52498  2.25696
  0.726  2.0848  1.40145  1.98277  4.49504  4.59208  2.25973
  0.728  2.01043  1.39526  1.93879  4.4211  4.59473  2.26449
  0.73  2.05885  1.40645  1.91147  4.50356  4.51315  2.27045
  0.732  2.15976  1.36045  1.90634  4.50506  4.33972  2.27441
  0.734  2.19612  1.31091  1.87438  4.35987  4.35999  2.27827
  0.736  2.15494  1.36289  1.81203  4.39858  4.47443  2.28388
  0.738  2.18387  1.31799  1.78214  4.40411  4.43339  2.29033
  0.74  2.19281  1.31157  1.74632  4.48069  4.28578  2.29306
  0.742  2.23331  1.32234  1.77108  4.30964  4.22577  2.29952
  0.744  2.16706  1.31271  1.79135  4.33704  4.14079  2.30599
  0.746  2.16229  1.34337  1.81972  4.35118  4.05299  2.31462
  0.748  2.12814  1.34895  1.81218  4.33207  3.95567  2.32092
  0.75  2.19151  1.37106  1.82955  4.39893  3.98742  2.32678
  0.752  2.16919  1.42053  1.84969  4.36863  3.942  2.33411
  0.754  2.24596  1.40873  1.78251  4.51595  4.06077  2.33895
  0.756  2.21708  1.40139  1.79487  4.62562  4.15742  2.3439
  0.758  2.21106  1.37322  1.76228  4.58029  4.25339  2.34885
  0.76  2.2319  1.33466  1.72717  4.57077  4.21737  2.35438
  0.762  2.21133  1.35135  1.72689  4.52333  4.3873  2.36313
  0.764  2.27951  1.36755  1.73789  4.43686  4.4524  2.36494
  0.766  2.36826  1.3587  1.77021  4.26575  4.51877  2.3687
  0.768  2.38312  1.38332  1.76365  4.18648  4.68567  2.3723
  0.77  2.38398  1.39803  1.8432  4.22852  4.70864  2.37813
  0.772  2.36174  1.42807  1.86091  4.16509  4.80719  2.38431
  0.774  2.41988  1.43329  1.91718  4.17818  4.86486  2.38945
  0.776  2.41485  1.45768  1.88165  4.17888  4.88018  2.39495
  0.778  2.37209  1.43839  1.95991  4.04167  4.92111  2.40282
  0.78  2.33202  1.41485  1.90759  4.14821  4.83966  2.40378
  0.782  2.43082  1.43581  2.03615  4.28284  4.86987  2.4119
  0.784  2.38098  1.35632  1.95495  4.39526  4.95913  2.41895
  0.786  2.3728  1.32419  2.05394  4.32917  4.91295  2.42262
  0.788  2.32897  1.39612  2.07662  4.29596  5.08013  2.42711
  0.79  2.35369  1.4811  2.05848  4.45097  4.89831  2.43013
  0.792  2.50994  1.49543  2.08412  4.50093  4.94742  2.43608
  0.794  2.51658  1.54697  2.07618  4.31686  5.10715  2.4387
  0.796  2.58921  1.51018  2.03147  4.4784  5.00606  2.44293
  0.798  2.55306  1.50021  2.05344  4.44763  5.21201  2.45072
  0.8  2.51566  1.46686  2.1095  4.55278  5.20476  2.45836
  0.802  2.58399  1.47902  2.08584  4.59357  5.1356  2.45921
  0.804  2.56624  1.51098  2.19069  4.6292  5.14235  2.46466
  0.806  2.55552  1.50605  2.22008  4.7543  5.17399  2.4716
  0.808  2.54353  1.50793  2.27512  4.74456  5.13753  2.47568
  0.81  2.44203  1.49214  2.26132  4.64477  4.98077  2.48387
  0.812  2.48104  1.50498  2.29517  4.63133  5.1173  2.48904
  0.814  2.45531  1.49591  2.39633  4.6572  5.01022  2.49391
  0.816  2.37185  1.44784  2.44681  4.57185  5.02077  2.50061
  0.818  2.3952  1.42481  2.49835  4.5058  5.01681  2.50546
  0.82  2.44086  1.42257  2.61858  4.60523  5.15776  2.50816
  0.822  2.3  1.41894  2.61258  4.65888  5.16183  2.51351
  0.824  2.35365  1.43683  2.65459  4.77881  5.2041  2.51739
  0.826  2.43731  1.48582  2.72303  4.86878  5.02297  2.52175
  0.828  2.46003  1.4864  2.77075  4.78882  4.98145  2.52632
  0.83  2.50952  1.48535  2.81604  4.66563  5.05333  2.53346
  0.832  2.51355  1.49209  2.82791  4.62416  5.03486  2.53855
  0.834  2.44111  1.4943  2.82315  4.62923  5.09848  2.54379
  0.836  2.46971  1.50437  2.83731  4.56758  4.91912  2.5471
  0.838  2.57473  1.46766  2.84506  4.75101  4.95361  2.55285
  0.84  2.55465  1.44034  2.82538  4.78892  5.10492  2.55966
  0.842  2.5691  1.42545  2.79136  5.01309  5.22159  2.56274
  0.844  2.53961  1.43539  2.69726  5.1425  5.19727  2.5687
  0.846  2.56741  1.49125  2.70502  5.14338  5.05132  2.57249
  0.848  2.53578  1.46141  2.89389  5.09713  5.05327  2.57793
  0.85  2.53295  1.45561  2.8735  5.14384  5.06686  2.58093
  0.852  2.61224  1.45714  2.99005  5.3398  5.08767  2.58848
  0.854  2.5887  1.48735  3.02469  5.49251  5.13805  2.59553
  0.856  2.61679  1.51952  2.95404  5.51559  5.08923  2.59858
  0.858  2.6302  1.56438  3.00885  5.5898  5.10598  2.60512
  0.86  2.68811  1.61755  3.12316  5.46698  5.05389  2.61031
  0.862  2.65221  1.66794  3.16186  5.52345  5.03873  2.61819
  0.864  2.63163  1.6964  3.16198  5.52391  5.10587  2.62744
  0.866  2.70473  1.7045  3.22195  5.64938  4.97312  2.63713
  0.868  2.6719  1.71703  3.29103  5.77847  4.99935  2.64493
  0.87  2.66872  1.71709  3.29456  5.89297  4.89791  2.64705
  0.872  2.73792  1.7603  3.2962  5.98772  5.21588  2.65207
  0.874  2.72876  1.70832  3.25205  6.1637  5.3642  2.66016
  0.876  2.79857  1.73494  3.15457  6.07426  5.29659  2.66955
  0.878  2.86282  1.73475  3.14113  6.04697  5.18402  2.67377
  0.88  2.86312  1.78213  3.12136  5.9894  5.27693  2.67753
  0.882  2.85017  1.8386  3.08185  6.15786  5.39363  2.684
  0.884  2.8054  1.8208  3.08681  6.50499  5.6213  2.69101
  0.886  2.79728  1.76662  2.99611  6.4791  5.52804  2.69777
  0.888  2.82032  1.77327  3.0264  6.73553  5.43217  2.70669
  0.89  2.78888  1.81827  2.91157  6.70529  5.4301  2.71166
  0.892  2.7209  1.77896  2.90057  6.71529  5.4063  2.71581
  0.894  2.66437  1.74  2.81102  6.76535  5.53303  2.72055
  0.896  2.77793  1.74752  2.8002  6.85868  5.23377  2.72531
  0.898  2.7483  1.76662  2.78062  7.18697  5.29249  2.73408
  0.9  2.58264  1.73604  2.89263  6.99563  5.45609  2.73681
  0.902  2.58298  1.76955  2.99569  6.9083  5.58204  2.74348
  0.904  2.63458  1.80417  2.94021  6.83623  5.59145  2.74977
  0.906  2.62605  1.82545  2.80689  7.00644  5.50777  2.75888
  0.908  2.6035  1.76756  2.81831  7.0711  5.40297  2.76043
  0.91  2.60931  1.74674  2.79114  7.20316  5.67832  2.76726
  0.912  2.66725  1.72157  2.83087  7.24253  5.53853  2.77321
  0.914  2.54981  1.65251  2.74785  7.21914  5.59523  2.77854
  0.916  2.57854  1.62465  2.76683  7.45937  5.47938  2.78555
  0.918  2.52738  1.7183  2.71544  7.62366  5.36921  2.78927
  0.92  2.50958  1.79881  2.67263  7.2403  5.40123  2.79012
  0.922  2.4679  1.86186  2.65569  7.42054  5.25665  2.79595
  0.924  2.46284  1.87131  2.69358  7.66265  5.14938  2.80424
  0.926  2.46649  1.85285  2.74459  7.60437  5.23785  2.80929
  0.928  2.40587  1.83515  2.74689  7.62598  5.39581  2.81927
  0.93  2.47723  1.8146  2.85592  7.79649  5.47542  2.82692
  0.932  2.45757  1.76408  2.94582  7.91701  5.78203  2.83147
  0.934  2.41007  1.72354  3.03088  7.88154  5.84241  2.8387
  0.936  2.34991  1.71669  3.04353  7.73444  6.05027  2.84548
  0.938  2.34525  1.73468  3.09971  7.87914  6.29728  2.84946
  0.94  2.35823  1.7171  3.03922  7.8927  6.37  2.85364
  0.942  2.47295  1.77178  2.93196  8.00315  6.37005  2.86026
  0.944  2.47443  1.7873  3.00678  7.85838  6.31016  2.86727
  0.946  2.52522  1.78179  2.94523  7.81008  6.45814  2.87221
  0.948  2.48538  1.84563  2.85956  7.74695  6.66927  2.87833
  0.95  2.48233  1.8032  2.80926  7.85029  6.48678  2.88837
  0.952  2.44726  1.76738  2.8424  7.97042  6.42226  2.89278
  0.954  2.38698  1.82935  2.8641  7.66424  6.46911  2.90131
  0.956  2.40164  1.80441  2.7782  7.72768  6.53059  2.90933
  0.958  2.38232  1.87563  2.80259  7.77428  6.42534  2.91722
  0.96  2.27612  1.88949  2.82662  7.75429  6.40169  2.92643
  0.962  2.31891  1.96371  2.80825  7.95912  6.37532  2.93218
  0.964  2.24095  2.01459  2.80357  7.68812  6.28059  2.9385
  0.966  2.24042  2.08963  2.72311  7.58257  6.54249  2.94604
  0.968  2.24631  2.09747  2.75086  7.97504  6.59868  2.95792
  0.97  2.27979  2.10171  2.66706  8.005  6.55502  2.95909
  0.972  2.33075  2.11585  2.69691  7.96752  6.59179  2.96751
  0.974  2.3313  2.19277  2.61803  8.33021  6.46009  2.97522
  0.976  2.33085  2.25891  2.57262  8.13069  6.67091  2.98382
  0.978  2.3672  2.23659  2.66516  8.14056  6.71108  2.99473
  0.98  2.32665  2.23018  2.56831  8.29131  6.73184  3.00014
  0.982  2.30798  2.26521  2.57449  8.17852  6.7074  3.00468
  0.984  2.29202  2.27098  2.64032  7.99467  6.70909  3.01415
  0.986  2.22583  2.23196  2.54883  8.14192  6.75695  3.02107
  0.988  2.2738  2.15359  2.64892  8.08028  6.6409  3.02701
  0.99  2.17099  2.28427  2.60963  8.25697  6.48814  3.03411
  0.992  2.20207  2.33436  2.59142  8.29527  6.46975  3.04257
  0.994  2.21645  2.33834  2.46342  8.3472  6.45291  3.05023
  0.996  2.27687  2.33277  2.46158  8.37228  6.67188  3.05965
  0.998  2.25035  2.36476  2.44763  8.27717  6.72719  3.07015
  1  2.18851  2.31148  2.43162  8.19188  6.63649  3.08184
