  0  0
  0.002  -0.0211429
  0.004  -0.0464578
  0.006  -0.056794
  0.008  -0.00254995
  0.01  0.0213776
  0.012  0.0781461
  0.014  0.125083
  0.016  0.0505734
  0.018  -0.0328421
  0.02  -0.133128
  0.022  -0.100222
  0.024  -0.0984475
  0.026  -0.158854
  0.028  -0.128754
  0.03  -0.128406
  0.032  -0.14071
  0.034  -0.123942
  0.036  -0.027165
  0.038  -0.0188647
  0.04  -0.00554733
  0.042  -0.0262872
  0.044  0.0651472
  0.046  0.0694663
  0.048  0.132023
  0.05  0.0936795
  0.052  0.0380915
  0.054  0.112978
  0.056  0.109978
  0.058  0.13774
  0.06  0.102214
  0.062  0.0877169
  0.064  0.0642932
  0.066  0.0712914
  0.068  0.0556135
  0.07  0.0445335
  0.072  0.0504233
  0.074  -0.0310034
  0.076  -0.00697101
  0.078  0.0488666
  0.08  0.0172747
  0.082  0.0522018
  0.084  0.0238733
  0.086  0.0574546
  0.088  0.0400408
  0.09  -0.0366659
  0.092  -0.0648822
  0.094  0.0232204
  0.096  0.035761
  0.098  0.0110182
  0.1  -0.0147185
  0.102  -0.117037
  0.104  -0.0997948
  0.106  -0.196808
  0.108  -0.209165
  0.11  -0.177178
  0.112  -0.175429
  0.114  -0.195951
  0.116  -0.223468
  0.118  -0.205261
  0.12  -0.219967
  0.122  -0.226014
  0.124  -0.352935
  0.126  -0.353815
  0.128  -0.430331
  0.13  -0.347661
  0.132  -0.302144
  0.134  -0.35818
  0.136  -0.239912
  0.138  -0.226898
  0.14  -0.161582
  0.142  -0.104493
  0.144  -0.0573132
  0.146  -0.0133932
  0.148  0.0049403
  0.15  0.0822109
  0.152  0.0983754
  0.154  0.0571854
  0.156  0.0671147
  0.158  0.112189
  0.16  0.106764
  0.162  0.0747304
  0.164  0.109514
  0.166  0.0647734
  0.168  0.0774243
  0.17  0.0692903
  0.172  0.119537
  0.174  0.129186
  0.176  0.114971
  0.178  0.167172
  0.18  0.157181
  0.182  0.139577
  0.184  0.172434
  0.186  0.222079
  0.188  0.248416
  0.19  0.242426
  0.192  0.209092
  0.194  0.218527
  0.196  0.184149
  0.198  0.20694
  0.2  0.231458
  0.202  0.188335
  0.204  0.170336
  0.206  0.0844332
  0.208  0.0637664
  0.21  0.0880377
  0.212  0.051368
  0.214  0.0858132
  0.216  0.13781
  0.218  0.0873695
  0.22  0.115659
  0.222  0.0986092
  0.224  0.0757351
  0.226  0.162125
  0.228  0.174733
  0.23  0.0831792
  0.232  0.131593
  0.234  0.0846254
  0.236  0.121954
  0.238  0.109611
  0.24  0.139766
  0.242  0.143838
  0.244  0.239199
  0.246  0.234045
  0.248  0.22054
  0.25  0.174565
  0.252  0.170724
  0.254  0.167769
  0.256  0.0651648
  0.258  0.02302
  0.26  -0.0728893
  0.262  -0.151358
  0.264  -0.151714
  0.266  -0.187286
  0.268  -0.150975
  0.27  -0.109687
  0.272  -0.0586821
  0.274  -0.120242
  0.276  -0.103256
  0.278  -0.215171
  0.28  -0.146807
  0.282  -0.199337
  0.284  -0.167452
  0.286  -0.124321
  0.288  -0.144315
  0.29  -0.137146
  0.292  -0.131105
  0.294  -0.0862589
  0.296  -0.116463
  0.298  -0.152796
  0.3  -0.0485299
  0.302  -0.047141
  0.304  -0.0838816
  0.306  -0.0614753
  0.308  -0.103814
  0.31  -0.0957041
  0.312  -0.0936275
  0.314  -0.16716
  0.316  -0.193883
  0.318  -0.17547
  0.32  -0.210637
  0.322  -0.231226
  0.324  -0.258867
  0.326  -0.322028
  0.328  -0.295372
  0.33  -0.312083
  0.332  -0.386449
  0.334  -0.437369
  0.336  -0.404868
  0.338  -0.447228
  0.34  -0.425019
  0.342  -0.412232
  0.344  -0.464707
  0.346  -0.431917
  0.348  -0.469564
  0.35  -0.440131
  0.352  -0.432267
  0.354  -0.481434
  0.356  -0.499118
  0.358  -0.450311
  0.36  -0.493456
  0.362  -0.510468
  0.364  -0.460467
  0.366  -0.524014
  0.368  -0.552175
  0.37  -0.510339
  0.372  -0.552232
  0.374  -0.524236
  0.376  -0.496622
  0.378  -0.470062
  0.38  -0.47432
  0.382  -0.498609
  0.384  -0.598999
  0.386  -0.594002
  0.388  -0.554143
  0.39  -0.592354
  0.392  -0.570987
  0.394  -0.529837
  0.396  -0.536676
  0.398  -0.49836
  0.4  -0.427156
  0.402  -0.394292
  0.404  -0.397011
  0.406  -0.357781
  0.408  -0.383349
  0.41  -0.373625
  0.412  -0.310323
  0.414  -0.297105
  0.416  -0.260268
  0.418  -0.237941
  0.42  -0.186693
  0.422  -0.183145
  0.424  -0.197793
  0.426  -0.18671
  0.428  -0.190813
  0.43  -0.213933
  0.432  -0.159057
  0.434  -0.170672
  0.436  -0.101268
  0.438  -0.174482
  0.44  -0.194666
  0.442  -0.161691
  0.444  -0.136082
  0.446  -0.0238004
  0.448  -0.0426626
  0.45  -0.0372994
  0.452  -0.040066
  0.454  0.0144835
  0.456  -0.048901
  0.458  -0.02116
  0.46  -0.0266741
  0.462  -0.0174058
  0.464  -0.0652186
  0.466  -0.107822
  0.468  -0.146948
  0.47  -0.103392
  0.472  -0.0527818
  0.474  -0.0257107
  0.476  -0.00228882
  0.478  0.00793572
  0.48  0.156794
  0.482  0.16462
  0.484  0.126018
  0.486  0.0887153
  0.488  0.0772982
  0.49  0.121158
  0.492  0.128001
  0.494  0.114514
  0.496  0.182743
  0.498  0.199765
  0.5  0.0838016
  0.502  0.0762835
  0.504  0.0447009
  0.506  0.0683885
  0.508  0.0228681
  0.51  -0.0511527
  0.512  -0.0462382
  0.514  0.0117601
  0.516  -0.0192953
  0.518  -0.0491417
  0.52  -0.0405295
  0.522  -0.111193
  0.524  -0.09302
  0.526  -0.129246
  0.528  -0.133582
  0.53  -0.127664
  0.532  -0.0903078
  0.534  -0.0118747
  0.536  -0.0420252
  0.538  -0.0304795
  0.54  -0.0249772
  0.542  -0.0978397
  0.544  -0.116938
  0.546  -0.13084
  0.548  -0.161482
  0.55  -0.191702
  0.552  -0.167808
  0.554  -0.180989
  0.556  -0.215304
  0.558  -0.247674
  0.56  -0.185246
  0.562  -0.175601
  0.564  -0.28664
  0.566  -0.235079
  0.568  -0.264093
  0.57  -0.234683
  0.572  -0.273809
  0.574  -0.309726
  0.576  -0.368553
  0.578  -0.278348
  0.58  -0.229079
  0.582  -0.238687
  0.584  -0.266285
  0.586  -0.263686
  0.588  -0.293829
  0.59  -0.229742
  0.592  -0.196359
  0.594  -0.193218
  0.596  -0.181395
  0.598  -0.175307
  0.6  -0.181437
  0.602  -0.197675
  0.604  -0.218086
  0.606  -0.18018
  0.608  -0.170887
  0.61  -0.167577
  0.612  -0.228548
  0.614  -0.231544
  0.616  -0.205818
  0.618  -0.216801
  0.62  -0.239947
  0.622  -0.211399
  0.624  -0.188252
  0.626  -0.103227
  0.628  -0.137088
  0.63  -0.134997
  0.632  -0.171862
  0.634  -0.13453
  0.636  -0.12382
  0.638  -0.0955662
  0.64  -0.108846
  0.642  -0.15889
  0.644  -0.165432
  0.646  -0.107547
  0.648  -0.0770214
  0.65  -0.0792437
  0.652  -0.106359
  0.654  -0.0702907
  0.656  0.0252163
  0.658  0.00528624
  0.66  0.0133657
  0.662  0.0499526
  0.664  0.00467945
  0.666  0.0476737
  0.668  0.0845267
  0.67  0.0692031
  0.672  0.0564222
  0.674  0.0664186
  0.676  -0.0568999
  0.678  -0.0741031
  0.68  -0.0131571
  0.682  -0.0531613
  0.684  0.0191164
  0.686  0.025692
  0.688  0.0612458
  0.69  0.0458371
  0.692  0.14224
  0.694  0.109538
  0.696  0.031302
  0.698  0.0100066
  0.7  0.0724271
  0.702  0.0760062
  0.704  0.130956
  0.706  0.188524
  0.708  0.141602
  0.71  0.0621816
  0.712  0.0713613
  0.714  0.0468286
  0.716  -0.0755455
  0.718  -0.122059
  0.72  -0.102179
  0.722  -0.00732955
  0.724  -0.0577414
  0.726  -0.134391
  0.728  -0.0907925
  0.73  0.000901278
  0.732  0.0302974
  0.734  -0.0115642
  0.736  0.0111087
  0.738  0.0152765
  0.74  0.0478799
  0.742  -0.0163489
  0.744  -0.024749
  0.746  -0.0605879
  0.748  -0.00590659
  0.75  -0.0303813
  0.752  0.0351763
  0.754  0.00529217
  0.756  -0.00414205
  0.758  0.0106138
  0.76  -0.0118996
  0.762  0.0448327
  0.764  0.117224
  0.766  0.12573
  0.768  0.122454
  0.77  0.0997112
  0.772  0.144347
  0.774  0.136189
  0.776  0.0964518
  0.778  0.0583799
  0.78  0.137371
  0.782  0.0919314
  0.784  0.081052
  0.786  0.0397672
  0.788  0.0568802
  0.79  0.181427
  0.792  0.182716
  0.794  0.235619
  0.796  0.2035
  0.798  0.169978
  0.8  0.219583
  0.802  0.201794
  0.804  0.189426
  0.806  0.176019
  0.808  0.0905739
  0.81  0.118264
  0.812  0.0934209
  0.814  0.0202528
  0.816  0.0358417
  0.818  0.0696151
  0.82  -0.0532664
  0.822  -0.011153
  0.824  0.0547045
  0.826  0.0692569
  0.828  0.105091
  0.83  0.104305
  0.832  0.041815
  0.834  0.0611157
  0.836  0.140399
  0.838  0.120739
  0.84  0.128022
  0.842  0.100933
  0.844  0.118707
  0.846  0.08991
  0.848  0.0836778
  0.85  0.141324
  0.852  0.119223
  0.854  0.136809
  0.856  0.143027
  0.858  0.182589
  0.86  0.151696
  0.862  0.132118
  0.864  0.182912
  0.866  0.154494
  0.868  0.148106
  0.87  0.195309
  0.872  0.184604
  0.874  0.231131
  0.876  0.272524
  0.878  0.268733
  0.88  0.255667
  0.882  0.220001
  0.884  0.210207
  0.886  0.222612
  0.888  0.196188
  0.89  0.142838
  0.892  0.0968485
  0.894  0.17632
  0.896  0.150876
  0.898  0.0225351
  0.9  0.0187977
  0.902  0.0543565
  0.904  0.0438751
  0.906  0.0226223
  0.908  0.0230798
  0.91  0.0630054
  0.912  -0.0310479
  0.914  -0.0126422
  0.916  -0.0567188
  0.918  -0.0748555
  0.92  -0.112357
  0.922  -0.120456
  0.924  -0.121498
  0.926  -0.175268
  0.928  -0.120809
  0.93  -0.140746
  0.932  -0.183774
  0.934  -0.238333
  0.936  -0.246304
  0.938  -0.239263
  0.94  -0.148262
  0.942  -0.151069
  0.944  -0.114436
  0.946  -0.15024
  0.948  -0.15669
  0.95  -0.189148
  0.952  -0.243033
  0.954  -0.234783
  0.956  -0.254938
  0.958  -0.350147
  0.96  -0.316895
  0.962  -0.38929
  0.964  -0.393766
  0.966  -0.392513
  0.968  -0.366927
  0.97  -0.326712
  0.972  -0.330235
  0.974  -0.334619
  0.976  -0.307678
  0.978  -0.346228
  0.98  -0.366341
  0.982  -0.38422
  0.984  -0.446833
  0.986  -0.40818
  0.988  -0.504722
  0.99  -0.480292
  0.992  -0.471272
  0.994  -0.421486
  0.996  -0.448919
  0.998  -0.508647
  1  -0.508647
