  0  1  1
  0.005  1.06006  1.06124
  0.01  1.04531  1.04599
  0.015  1.02731  1.02755
  0.02  1.02142  1.02106
  0.025  1.06569  1.06568
  0.03  1.08643  1.08604
  0.035  1.13223  1.13223
  0.04  1.17028  1.17037
  0.045  1.11123  1.11228
  0.05  1.04504  1.04748
  0.055  0.964851  0.96976
  0.06  0.993218  0.997862
  0.065  0.997164  1.00115
  0.07  0.950855  0.955265
  0.075  0.977168  0.981254
  0.08  0.980113  0.983534
  0.085  0.973011  0.975796
  0.09  0.988844  0.991096
  0.095  1.065  1.06954
  0.1  1.07356  1.07752
  0.105  1.08599  1.08942
  0.11  1.07139  1.07431
  0.115  1.14325  1.14798
  0.12  1.14817  1.15234
  0.125  1.19803  1.20271
  0.13  1.16853  1.17303
  0.135  1.12514  1.12988
  0.14  1.18441  1.19013
  0.145  1.1833  1.18846
  0.15  1.20629  1.21112
  0.155  1.17902  1.18361
  0.16  1.16881  1.17289
  0.165  1.15152  1.15517
  0.17  1.1585  1.1616
  0.175  1.14747  1.15007
  0.18  1.14018  1.14224
  0.185  1.14635  1.14787
  0.19  1.08165  1.08444
  0.195  1.10237  1.10476
  0.2  1.14737  1.1501
  0.205  1.12364  1.12606
  0.21  1.15252  1.15474
  0.215  1.13139  1.13325
  0.22  1.15919  1.16082
  0.225  1.14677  1.14792
  0.23  1.08601  1.08822
  0.235  1.0654  1.06721
  0.24  1.13482  1.1383
  0.245  1.14624  1.14921
  0.25  1.12803  1.13058
  0.255  1.10914  1.11128
  0.26  1.02694  1.03155
  0.265  1.04275  1.04684
  0.27  0.965372  0.971707
  0.275  0.958343  0.96401
  0.28  0.986051  0.991426
  0.285  0.990032  0.994744
  0.29  0.976288  0.980431
  0.295  0.957025  0.960688
  0.3  0.974098  0.977234
  0.305  0.965128  0.967642
  0.31  0.963113  0.964964
  0.315  0.860042  0.866745
  0.32  0.863005  0.868931
  0.325  0.804142  0.811302
  0.33  0.870932  0.880022
  0.335  0.909621  0.918778
  0.34  0.867571  0.876942
  0.345  0.959766  0.973238
  0.35  0.972776  0.985589
  0.355  1.02568  1.0392
  0.36  1.07208  1.08595
  0.365  1.11067  1.12456
  0.37  1.14653  1.16036
  0.375  1.16241  1.17572
  0.38  1.2233  1.23759
  0.385  1.23703  1.25081
  0.39  1.205  1.21862
  0.395  1.21396  1.22701
  0.4  1.25013  1.26315
  0.405  1.24672  1.25916
  0.41  1.22204  1.23416
  0.415  1.25025  1.26212
  0.42  1.21526  1.22706
  0.425  1.22629  1.23756
  0.43  1.22086  1.23157
  0.435  1.26097  1.27177
  0.44  1.26938  1.27966
  0.445  1.25886  1.26864
  0.45  1.30028  1.31019
  0.455  1.29295  1.30235
  0.46  1.2796  1.28854
  0.465  1.30601  1.31469
  0.47  1.34523  1.35398
  0.475  1.36625  1.37464
  0.48  1.36175  1.36965
  0.485  1.33541  1.34307
  0.49  1.34325  1.35043
  0.495  1.31616  1.32312
  0.5  1.33456  1.34113
  0.505  1.35421  1.36043
  0.51  1.31999  1.32615
  0.515  1.30618  1.3119
  0.52  1.23699  1.24405
  0.525  1.22151  1.22811
  0.53  1.24157  1.24779
  0.535  1.21318  1.21919
  0.54  1.24118  1.24696
  0.545  1.28252  1.28846
  0.55  1.24272  1.24876
  0.555  1.26579  1.2715
  0.56  1.25303  1.25829
  0.565  1.23568  1.24053
  0.57  1.3031  1.30926
  0.575  1.3136  1.31929
  0.58  1.23966  1.24693
  0.585  1.27827  1.2856
  0.59  1.24132  1.24866
  0.595  1.27139  1.27855
  0.6  1.26236  1.26902
  0.605  1.28677  1.29313
  0.61  1.29065  1.2965
  0.615  1.36457  1.37202
  0.62  1.36074  1.36771
  0.625  1.3503  1.35681
  0.63  1.31378  1.3203
  0.635  1.31127  1.31727
  0.64  1.30946  1.31496
  0.645  1.22625  1.23389
  0.65  1.19351  1.20103
  0.655  1.1164  1.12585
  0.66  1.05432  1.06488
  0.665  1.05615  1.06605
  0.67  1.02979  1.03937
  0.675  1.06033  1.06968
  0.68  1.09448  1.10374
  0.685  1.13585  1.14527
  0.69  1.08773  1.09756
  0.695  1.10293  1.11223
  0.7  1.01252  1.0249
  0.705  1.06749  1.08066
  0.71  1.02721  1.04047
  0.715  1.05436  1.06729
  0.72  1.08996  1.10281
  0.725  1.07593  1.08822
  0.73  1.08353  1.09519
  0.735  1.09019  1.10122
  0.74  1.12689  1.13789
  0.745  1.1044  1.11501
  0.75  1.07711  1.08743
  0.755  1.15842  1.17116
  0.76  1.16093  1.17307
  0.765  1.13295  1.14482
  0.77  1.15209  1.16349
  0.775  1.11962  1.13087
  0.78  1.12767  1.13832
  0.785  1.13092  1.14096
  0.79  1.07289  1.08381
  0.795  1.05357  1.06401
  0.8  1.07011  1.08002
  0.805  1.04398  1.05357
  0.81  1.02979  1.03881
  0.815  1.01003  1.01857
  0.82  0.961349  0.97039
  0.825  0.98493  0.993545
  0.83  0.974276  0.982254
  0.835  0.916465  0.925461
  0.84  0.878592  0.887619
  0.845  0.907311  0.916023
  0.85  0.876543  0.88502
  0.855  0.897366  0.905309
  0.86  0.910705  0.917988
  0.865  0.871594  0.878973
  0.87  0.900591  0.907676
  0.875  0.873729  0.880464
  0.88  0.900137  0.906501
  0.885  0.909609  0.915278
  0.89  0.873234  0.878899
  0.895  0.862733  0.867699
  0.9  0.903971  0.909158
  0.905  0.872589  0.877588
  0.91  0.862631  0.86693
  0.915  0.904771  0.909339
  0.92  0.85651  0.861638
  0.925  0.837738  0.842299
  0.93  0.873905  0.878461
  0.935  0.843804  0.848126
  0.94  0.869365  0.873297
  0.945  0.894413  0.897954
  0.95  0.918442  0.921579
  0.955  0.918224  0.920656
  0.96  0.902029  0.903905
  0.965  0.822441  0.82712
  0.97  0.830376  0.834292
  0.975  0.865106  0.868961
  0.98  0.838093  0.841615
  0.985  0.858605  0.861601
  0.99  0.89408  0.897057
  0.995  0.892028  0.894284
  1  0.925083  0.927233
