  0  1
  0.015625  1.05682
  0.03125  1.35847
  0.046875  0.973174
  0.0625  0.965254
  0.078125  1.14319
  0.09375  1.32003
  0.109375  1.44156
  0.125  1.43571
  0.140625  1.39393
  0.15625  1.44593
  0.171875  1.50847
  0.1875  1.48344
  0.203125  1.23902
  0.21875  1.1736
  0.234375  1.16422
  0.25  0.958895
  0.265625  0.98301
  0.28125  1.36225
  0.296875  1.76026
  0.3125  1.88902
  0.328125  1.82287
  0.34375  2.04393
  0.359375  2.13748
  0.375  2.51151
  0.390625  2.46545
  0.40625  2.12039
  0.421875  2.19074
  0.4375  2.29837
  0.453125  2.32064
  0.46875  2.47888
  0.484375  2.98743
  0.5  2.80408
  0.515625  1.6411
  0.53125  1.78796
  0.546875  1.58026
  0.5625  1.83028
  0.578125  1.98483
  0.59375  2.15537
  0.609375  2.07644
  0.625  1.90986
  0.640625  1.57836
  0.65625  1.37326
  0.671875  1.46442
  0.6875  1.45309
  0.703125  1.47782
  0.71875  1.37178
  0.734375  1.41422
  0.75  1.50907
  0.765625  1.35852
  0.78125  1.57943
  0.796875  1.93909
  0.8125  2.16412
  0.828125  2.57641
  0.84375  2.54607
  0.859375  2.76601
  0.875  3.43492
  0.890625  3.72605
  0.90625  3.67643
  0.921875  3.34952
  0.9375  3.97533
  0.953125  4.54835
  0.96875  4.85447
  0.984375  4.74681
  1  4.04975
