#  cvt_2_85.txt
#  created by routine CVT_WRITE.CC
#  at 23 August 2004 08:57:33 AM
#
#  Spatial dimension NDIM =  2
#  Number of points N =      85
#  Initial SEED_INIT =       123456789
#  Current SEED =            1965622396
#  INIT =                   "uniform".
#  Max iterations IT_MAX =   80
#  Iterations IT_NUM =       80
#  Tolerance IT_TOL =        0
#  Difference IT_DIFF =      0.351778
#  SAMPLE =                 "uniform".
#  Samples SAMPLE_NUM =      10000
#  Sampling BATCH size =     1000
#  EPSILON (unit roundoff) = 2.22045e-16
#
  0.233149    0.944472  
  0.764931    0.543164  
  0.478839   0.0600728  
  0.377697   0.0512792  
  0.154511    0.546214  
  0.227514    0.362661  
  0.471852    0.684025  
  0.946367   0.0609797  
  0.949442    0.290537  
  0.155067   0.0560933  
  0.858072    0.839862  
  0.268457    0.061456  
  0.332028    0.947058  
  0.338361    0.393611  
  0.936062    0.170992  
  0.655064    0.535586  
  0.857337    0.488822  
   0.86079    0.605605  
  0.263965    0.707938  
  0.302838    0.272624  
  0.515806    0.262335  
  0.625602    0.274686  
  0.255432    0.593481  
 0.0575499    0.256628  
  0.753329    0.752383  
 0.0554193    0.704216  
  0.156531    0.857378  
  0.799131    0.148801  
  0.954083    0.801571  
  0.734399    0.335296  
  0.950374    0.541593  
 0.0542488    0.478427  
 0.0572763    0.366675  
  0.372852     0.74464  
 0.0432655    0.161455  
  0.140698    0.176261  
  0.340097    0.148738  
  0.230262    0.177483  
  0.656024    0.815495  
   0.66222    0.154259  
  0.757696    0.644127  
  0.464402    0.814369  
  0.954392    0.942215  
  0.714637   0.0486147  
  0.410463    0.307472  
  0.855184    0.718806  
  0.428886    0.182289  
  0.846948    0.947839  
  0.745016    0.440327  
  0.638265    0.404929  
   0.55712     0.85727  
  0.163339    0.649012  
  0.847127    0.253418  
  0.441243    0.444912  
  0.366975     0.84575  
  0.732296    0.945124  
  0.166464    0.289298  
  0.157024     0.75488  
  0.432785    0.939183  
  0.632485    0.942862  
  0.839933   0.0510982  
 0.0393103    0.938667  
  0.568288      0.7423  
  0.951176    0.676636  
  0.149118     0.43688  
  0.056685    0.591551  
  0.660427    0.672232  
  0.602403   0.0510882  
  0.262329    0.822489  
  0.052556    0.815233  
  0.133208    0.956238  
  0.544714    0.159951  
  0.954946    0.420017  
  0.732433    0.232354  
  0.463335    0.563107  
  0.056361   0.0528194  
  0.523058    0.373337  
  0.548169     0.48597  
    0.3678    0.629767  
  0.847181    0.370592  
   0.56327    0.611975  
  0.353732    0.510507  
  0.755478    0.859863  
  0.248659    0.479018  
  0.529301      0.9563  
