#  cvt_2_85.txt
#  created by routine CVT_WRITE.CC
#  at 23 August 2004 09:35:21 AM
#
#  Spatial dimension NDIM =  2
#  Number of points N =      85
#  Initial SEED_INIT =       123456789
#  Current SEED =            1834692263
#  INIT =                   "uniform".
#  Max iterations IT_MAX =   40
#  Iterations IT_NUM =       40
#  Tolerance IT_TOL =        0
#  Difference IT_DIFF =      0.0342638
#  SAMPLE =                 "grid".
#  Samples SAMPLE_NUM =      10000
#  Sampling BATCH size =     1000
#  EPSILON (unit roundoff) = 2.22045e-16
#
  0.187816    0.953932  
  0.780152    0.550153  
  0.436916   0.0538812  
  0.330781   0.0554348  
 0.0559905    0.647058  
   0.16956      0.4242  
  0.446096    0.721703  
     0.935       0.055  
  0.944688    0.273828  
  0.135543   0.0606936  
  0.875086    0.840431  
  0.228436   0.0632013  
  0.291501    0.953505  
  0.288466    0.389413  
  0.929898    0.162687  
  0.672422    0.547973  
  0.857072    0.477072  
  0.866026    0.602094  
  0.266532    0.736622  
  0.376453    0.258761  
  0.487125    0.283666  
  0.598767    0.313003  
  0.262937    0.615912  
   0.06025    0.249583  
  0.765606    0.767849  
 0.0469438    0.738912  
  0.121224      0.8017  
  0.794014    0.159549  
  0.957358    0.781829  
   0.72549    0.333521  
  0.953487    0.515168  
 0.0566776    0.460749  
 0.0562195    0.355732  
  0.362875    0.784504  
 0.0599973    0.151407  
  0.178497    0.186329  
  0.304615    0.163538  
  0.268548    0.276935  
  0.663983    0.836271  
  0.670844    0.135427  
  0.743841    0.653222  
   0.45056    0.840299  
  0.951391    0.933045  
  0.676038   0.0443884  
  0.397419    0.368548  
  0.861341    0.716382  
  0.437459    0.162837  
  0.841667    0.952368  
  0.741496    0.446286  
  0.634213    0.425079  
  0.558254    0.830083  
  0.161685    0.625332  
  0.828236    0.260836  
  0.419693    0.478862  
  0.312282    0.860805  
  0.718909    0.952455  
  0.166746    0.313095  
  0.162804    0.717105  
  0.397328    0.943103  
   0.61235    0.942949  
  0.806295   0.0535612  
    0.0541      0.9561  
  0.541218    0.720798  
  0.956161    0.646607  
  0.167086    0.529907  
    0.0557      0.5557  
  0.656597    0.723992  
  0.551437   0.0644617  
  0.215264    0.836553  
 0.0378736    0.848103  
  0.123554    0.896807  
  0.561538    0.189456  
  0.947302    0.389841  
  0.689955    0.235719  
   0.47515     0.60312  
  0.043582   0.0513003  
  0.513898    0.404528  
  0.551538    0.514231  
  0.360688     0.67133  
  0.837454    0.370008  
  0.596736    0.626157  
  0.365915    0.566372  
    0.7718      0.8688  
  0.280459    0.494305  
  0.505492    0.944262  
