#  cvt_2_85.txt
#  created by routine CVT_WRITE.CC
#  at 23 August 2004 09:29:43 AM
#
#  Spatial dimension NDIM =  2
#  Number of points N =      85
#  Initial SEED_INIT =       123456789
#  Current SEED =            1835092263
#  INIT =                   "uniform".
#  Max iterations IT_MAX =   40
#  Iterations IT_NUM =       40
#  Tolerance IT_TOL =        0
#  Difference IT_DIFF =      0.370083
#  SAMPLE =                 "random".
#  Samples SAMPLE_NUM =      10000
#  Sampling BATCH size =     1000
#  EPSILON (unit roundoff) = 2.22045e-16
#
  0.221085    0.939255  
  0.769576     0.54126  
  0.450462   0.0558851  
  0.354507   0.0586655  
   0.05964     0.64598  
   0.17429    0.411377  
  0.458987    0.707025  
  0.937658   0.0549815  
   0.94852    0.285599  
  0.142681   0.0634452  
  0.857156    0.830273  
  0.242298   0.0570775  
  0.316853    0.954338  
   0.29126     0.36032  
   0.93737    0.166426  
  0.666752    0.534444  
  0.854698    0.465932  
   0.85654    0.603417  
  0.259953    0.719563  
  0.378771    0.259041  
  0.491794     0.29865  
   0.62765    0.324978  
   0.26308    0.598487  
  0.065197     0.24369  
  0.755495    0.755726  
 0.0502623    0.742877  
  0.125301    0.829965  
  0.797573    0.148608  
  0.952857    0.794007  
  0.740866    0.298687  
  0.948395    0.532567  
 0.0490064    0.449423  
 0.0566609    0.345945  
  0.355228    0.768186  
 0.0490645    0.150623  
  0.179822    0.173898  
  0.327052    0.159712  
   0.26469    0.252663  
  0.666915    0.838516  
  0.584945    0.131954  
  0.736884    0.642232  
  0.448183    0.830935  
  0.943414    0.935962  
  0.689703   0.0615578  
  0.401212    0.369011  
  0.845264    0.713772  
  0.453904    0.169737  
  0.837578    0.949266  
  0.741586     0.41722  
  0.635568    0.432076  
  0.561866    0.833237  
  0.171207    0.625663  
  0.840433    0.243218  
  0.420609    0.472942  
  0.330913    0.857217  
  0.716825    0.954894  
  0.173415    0.309365  
  0.152271    0.729039  
  0.410694    0.943012  
  0.610704    0.943066  
  0.806832   0.0515441  
 0.0474197    0.954823  
  0.545468    0.733356  
  0.957409    0.660263  
  0.167043     0.51703  
 0.0602478    0.549383  
  0.646634     0.71845  
  0.561113   0.0411465  
  0.227914     0.82671  
 0.0397127    0.852719  
  0.130149    0.940145  
  0.577092    0.228533  
  0.949811    0.408585  
  0.685646    0.195976  
  0.468649    0.599357  
 0.0469634   0.0490167  
  0.526019    0.400301  
  0.548714    0.516121  
  0.363694    0.661464  
  0.844618    0.348245  
  0.594787    0.625227  
   0.36277    0.544646  
  0.761496    0.861445  
  0.283547    0.474252  
  0.511956    0.943917  
