#  cvt01.txt
#  created by routine CVT_WRITE.CC
#  at 17 November 2004 02:20:39 PM
#
#  Spatial dimension NDIM =   2
#  Number of points N =       85
#  Initial SEED_INIT =        123456789
#  Current SEED =             916668916
#  INIT =                    "uniform".
#  Max iterations IT_MAX =    40
#  IT_FIXED (fixed samples) = 1
#  Iterations IT_NUM =        40
#  Difference IT_DIFF =       0.371167
#  CVT ENERGY =               0.00196883
#  SAMPLE =                  "uniform".
#  Samples SAMPLE_NUM =       10000
#  Sampling BATCH size =      1000
#  EPSILON (unit roundoff) =  2.22045e-16
#
  0.230318    0.943198  
  0.771595    0.558728  
  0.457342   0.0691037  
  0.349538   0.0439659  
  0.164902    0.584338  
  0.177648    0.406192  
  0.476961    0.698074  
  0.936972   0.0598116  
  0.944435    0.300698  
  0.143282   0.0494919  
  0.872091     0.84255  
  0.249125   0.0686052  
  0.319716     0.95329  
   0.30876    0.393224  
   0.93619     0.17349  
  0.659532     0.55439  
  0.852162    0.491894  
  0.862836    0.615702  
  0.267774    0.737772  
  0.324251     0.27015  
  0.514815    0.276174  
  0.614165    0.304627  
  0.266524    0.621576  
  0.064456    0.261449  
  0.752096    0.756371  
 0.0525383    0.690869  
  0.130097    0.861645  
  0.813219    0.155912  
  0.955586    0.791567  
  0.727623    0.339671  
  0.946311    0.543783  
 0.0500017    0.472214  
 0.0614731    0.358683  
  0.371307    0.754324  
 0.0491552    0.156512  
  0.152141    0.169813  
  0.344624    0.154036  
  0.248741    0.194239  
  0.661026    0.830144  
   0.67691    0.140597  
   0.75286    0.656117  
  0.455091    0.831727  
  0.950844    0.932063  
  0.687115   0.0442025  
  0.414702    0.336669  
  0.855659    0.725671  
  0.440729    0.202906  
  0.842836    0.955902  
  0.752601    0.453326  
   0.64787    0.424642  
  0.560165    0.841176  
   0.15491    0.679241  
  0.829783      0.2609  
  0.436936    0.458472  
  0.340165    0.848492  
  0.717633    0.949854  
  0.200942    0.300724  
  0.148136    0.765063  
  0.416002    0.937793  
  0.614752    0.950459  
   0.80105   0.0540703  
 0.0414318    0.932394  
  0.572086    0.746782  
  0.951369    0.676075  
  0.132918    0.495573  
 0.0517882    0.582427  
  0.661578    0.697331  
  0.561241   0.0531307  
    0.2322    0.846363  
 0.0450027    0.810893  
  0.136269    0.958165  
  0.562291      0.1764  
  0.947952    0.413752  
  0.698198    0.227415  
  0.460341    0.576254  
 0.0465986   0.0568441  
  0.527836    0.397832  
  0.554693    0.505404  
  0.369738    0.644616  
  0.836257    0.373797  
   0.56112    0.621765  
  0.353898    0.532736  
  0.769119     0.86594  
  0.248934    0.497621  
  0.513244    0.944477  
