#  cvt_2_85.txt
#  created by routine CVT_WRITE.CC
#  at 23 August 2004 09:30:22 AM
#
#  Spatial dimension NDIM =  2
#  Number of points N =      85
#  Initial SEED_INIT =       123456789
#  Current SEED =            1118006509
#  INIT =                   "uniform".
#  Max iterations IT_MAX =   40
#  Iterations IT_NUM =       40
#  Tolerance IT_TOL =        0
#  Difference IT_DIFF =      0.359189
#  SAMPLE =                 "uniform".
#  Samples SAMPLE_NUM =      10000
#  Sampling BATCH size =     5
#  EPSILON (unit roundoff) = 2.22045e-16
#
  0.230897    0.944199  
  0.769727    0.560045  
  0.456662   0.0649565  
  0.347048   0.0433468  
  0.170291    0.578487  
  0.178066    0.407962  
  0.477138    0.696321  
  0.935234   0.0593767  
   0.94283    0.298896  
  0.142584     0.05097  
  0.869315    0.841431  
   0.24847   0.0694918  
  0.320476    0.952735  
  0.309305    0.392858  
  0.937135    0.173256  
    0.6591    0.555402  
   0.84961     0.49028  
  0.862571    0.615085  
  0.268768    0.736289  
  0.325846    0.268381  
  0.508578    0.276939  
  0.613054    0.292751  
  0.268979    0.618524  
 0.0665048      0.2728  
    0.7532    0.760782  
 0.0502542    0.704016  
  0.131718    0.862557  
  0.817364    0.155316  
  0.956297    0.796117  
  0.720836    0.341684  
  0.946971    0.542239  
 0.0472338    0.481372  
 0.0631949    0.369441  
  0.371891    0.752224  
 0.0509089    0.164212  
  0.153202    0.174507  
  0.344467    0.152782  
  0.247095    0.195483  
  0.653664    0.827892  
    0.6768    0.142821  
  0.756605    0.659479  
  0.454769    0.831555  
  0.950639    0.933707  
  0.683029   0.0438897  
  0.411918    0.333022  
  0.859469    0.727628  
  0.442148    0.196125  
  0.841121     0.95397  
  0.745698     0.45689  
   0.64189    0.421884  
  0.555694    0.843298  
  0.152443    0.674883  
  0.829329    0.262861  
  0.436827    0.455452  
  0.340564    0.847054  
  0.716645    0.952663  
  0.204606     0.30605  
  0.149521    0.764512  
  0.416775     0.93837  
  0.613695    0.949466  
  0.794959   0.0529101  
 0.0410617    0.933816  
  0.570989    0.745998  
  0.951326    0.678436  
  0.131089    0.493196  
  0.053104    0.592885  
   0.66259    0.697801  
  0.563132   0.0526812  
  0.233067     0.84695  
 0.0467042    0.817352  
  0.136293    0.957688  
  0.558791    0.171552  
  0.946119     0.41093  
  0.705148    0.225979  
  0.460335    0.574354  
 0.0464561   0.0589318  
  0.528649     0.39266  
  0.554209    0.503321  
  0.371074    0.641595  
   0.82929    0.376383  
  0.560971    0.621381  
  0.356755    0.529495  
  0.758822    0.869901  
  0.250451    0.495791  
  0.512867    0.946192  
