#  cvt_2_85.txt
#  created by routine CVT_WRITE.CC
#  at 23 August 2004 09:28:21 AM
#
#  Spatial dimension NDIM =  2
#  Number of points N =      85
#  Initial SEED_INIT =       123456789
#  Current SEED =            1834692263
#  INIT =                   "uniform".
#  Max iterations IT_MAX =   40
#  Iterations IT_NUM =       40
#  Tolerance IT_TOL =        0
#  Difference IT_DIFF =      0.116194
#  SAMPLE =                 "halton".
#  Samples SAMPLE_NUM =      10000
#  Sampling BATCH size =     1000
#  EPSILON (unit roundoff) = 2.22045e-16
#
  0.190405    0.956253  
   0.77379    0.550065  
  0.457272   0.0535354  
  0.351282   0.0558541  
 0.0528235    0.653529  
  0.174904    0.410986  
   0.46711    0.726189  
   0.93871   0.0561912  
   0.94474     0.28394  
  0.144761   0.0606833  
  0.864119    0.843728  
  0.244504   0.0594304  
  0.291148    0.948867  
  0.283708    0.366348  
  0.932449    0.167479  
  0.666177    0.555401  
  0.859003    0.477986  
  0.865715    0.603508  
  0.263452    0.723116  
   0.37202    0.265173  
  0.486113    0.280211  
  0.604939    0.308696  
  0.262281    0.602355  
 0.0585394    0.250917  
  0.760827    0.761503  
 0.0499404    0.750962  
  0.137326    0.806542  
  0.794693    0.151648  
  0.955495    0.798183  
  0.724132    0.340956  
  0.953811    0.535788  
 0.0590144    0.456474  
  0.056945    0.356059  
  0.362136    0.763176  
 0.0584204    0.152979  
  0.178161     0.17465  
  0.308893    0.160863  
   0.25976     0.26131  
  0.658796    0.826467  
   0.66611    0.139951  
  0.759509    0.650133  
  0.444736     0.84221  
  0.947558    0.935307  
  0.692561   0.0478753  
  0.397648    0.377944  
  0.862992    0.724032  
  0.438726    0.163433  
  0.834542    0.952687  
  0.743104     0.44846  
  0.632594    0.431036  
  0.549375    0.837714  
  0.157099    0.618508  
  0.825418    0.253804  
  0.432214     0.48154  
  0.334184    0.857222  
  0.714791    0.952457  
  0.161646    0.300356  
  0.160892    0.716577  
  0.399415     0.94964  
  0.610696     0.94045  
  0.817558   0.0521707  
 0.0558712    0.956945  
  0.566416    0.733456  
  0.956347    0.667046  
  0.175632    0.516213  
  0.056566    0.554725  
  0.665474    0.701268  
  0.565943   0.0615296  
  0.235117    0.837443  
 0.0441474    0.855065  
  0.134303    0.899255  
  0.561005    0.186735  
  0.948849    0.406854  
  0.697319    0.237003  
  0.473811    0.605639  
 0.0473363    0.050607  
  0.518975    0.394103  
  0.548318    0.512506  
  0.367194     0.66251  
  0.839999     0.36363  
  0.581585     0.62458  
    0.3652    0.559496  
  0.761159    0.865386  
  0.293485    0.474571  
  0.505407    0.946554  
