#  cvt_3_100.txt
#  created by routine CVT_WRITE.CC
#  at 23 August 2004 09:30:42 AM
#
#  Spatial dimension NDIM =  3
#  Number of points N =      100
#  Initial SEED_INIT =       123456789
#  Current SEED =            1707197995
#  INIT =                   "uniform".
#  Max iterations IT_MAX =   40
#  Iterations IT_NUM =       40
#  Tolerance IT_TOL =        1e-06
#  Difference IT_DIFF =      1.11009
#  SAMPLE =                 "uniform".
#  Samples SAMPLE_NUM =      10000
#  Sampling BATCH size =     1000
#  EPSILON (unit roundoff) = 2.22045e-16
#
  0.351377    0.914543    0.887342  
  0.442049    0.326834   0.0766195  
  0.344176    0.126858   0.0970615  
  0.708074     0.13077    0.625162  
  0.486658    0.738148    0.867735  
  0.121716    0.915644    0.382635  
 0.0944656    0.107437    0.894845  
  0.864948     0.08426    0.103335  
  0.345125    0.917712   0.0920808  
  0.383596    0.912549    0.303727  
  0.698287    0.682032    0.906357  
  0.521847    0.918158    0.483707  
  0.281571    0.753809    0.407183  
  0.298527    0.572332    0.277102  
   0.52377      0.2288    0.256311  
  0.709631   0.0970128    0.339218  
  0.850695    0.915877   0.0991655  
  0.913163    0.102124    0.860991  
  0.890232    0.346743    0.910932  
  0.719811    0.906253    0.303644  
   0.70774    0.694559   0.0951459  
  0.523237   0.0966838    0.430477  
  0.441175    0.721516    0.106773  
  0.102277    0.103184    0.133252  
  0.312719      0.1057    0.295977  
  0.108398    0.546955    0.921482  
  0.710357    0.124002    0.884024  
  0.712143    0.447668    0.912707  
  0.879592    0.896511    0.516555  
  0.125557    0.326705   0.0839269  
  0.918389    0.525933    0.650768  
  0.100008    0.875396    0.898438  
  0.728701    0.407119    0.694794  
  0.481138    0.515254     0.91908  
 0.0940773    0.666524    0.740162  
  0.374873    0.509249    0.451712  
  0.309442    0.897689    0.565304  
  0.912346    0.127434    0.337628  
 0.0987875    0.710224    0.294857  
  0.867575    0.887627    0.899839  
  0.577034    0.073007    0.120143  
  0.911103    0.614371    0.869525  
  0.913961    0.709388    0.164292  
  0.492742    0.112204    0.680199  
  0.684372    0.734103    0.489762  
  0.299715   0.0987119    0.867035  
 0.0897868     0.63232   0.0855665  
  0.892839    0.510661    0.108691  
  0.878562    0.296323    0.723298  
   0.26853    0.623025    0.569323  
  0.110206    0.107644     0.67938  
  0.476995    0.680406      0.3795  
  0.293757    0.771517    0.725459  
  0.479636    0.695056    0.617963  
  0.307327    0.521759    0.781003  
  0.905025    0.100321    0.592078  
   0.62804    0.894142    0.893423  
  0.111646    0.275855    0.319125  
   0.63144    0.287335    0.497705  
  0.766815    0.514655     0.49037  
  0.506275    0.548863    0.101251  
  0.908115     0.48972    0.327104  
  0.589303    0.297359    0.841699  
  0.106747    0.900943    0.679033  
 0.0965351    0.495662    0.474768  
  0.751911    0.623995    0.301878  
   0.74981    0.320615    0.309991  
  0.100141    0.474962    0.250835  
  0.890199    0.309808    0.486363  
  0.268674    0.495786   0.0861205  
   0.49621    0.104156    0.903477  
  0.482702    0.895487    0.709318  
  0.583866    0.902361    0.107978  
  0.911408    0.701054    0.485682  
  0.118598    0.313424    0.892578  
  0.306274    0.362694    0.256995  
   0.33715    0.343654    0.924535  
  0.246713    0.375773    0.543681  
  0.368941    0.270081    0.449436  
  0.240437    0.767485    0.132326  
 0.0902369   0.0798949    0.405611  
  0.577856    0.512976     0.49736  
  0.911083    0.893597    0.306012  
  0.287998   0.0863013    0.553074  
  0.692049    0.450648   0.0941958  
  0.546994    0.452209    0.286094  
   0.57194    0.793385    0.258997  
  0.766253    0.689211     0.70091  
   0.89851     0.29343    0.150387  
 0.0962141    0.732092    0.520172  
  0.265545    0.686984    0.924986  
  0.570657    0.567466    0.738049  
  0.693606    0.898699    0.673929  
  0.683156    0.246266   0.0911682  
  0.102996    0.409799    0.709178  
  0.465831    0.388642    0.657652  
  0.108023    0.264047    0.533671  
  0.920934    0.859625    0.717449  
  0.306274    0.244866    0.719146  
  0.107424    0.900615     0.11442  
