#  cvt_2_85.txt
#  created by routine CVT_WRITE.CC
#  at 23 August 2004 09:30:04 AM
#
#  Spatial dimension NDIM =  2
#  Number of points N =      85
#  Initial SEED_INIT =       987654321
#  Current SEED =            1715319597
#  INIT =                   "uniform".
#  Max iterations IT_MAX =   40
#  Iterations IT_NUM =       40
#  Tolerance IT_TOL =        0
#  Difference IT_DIFF =      0.354049
#  SAMPLE =                 "uniform".
#  Samples SAMPLE_NUM =      10000
#  Sampling BATCH size =     1000
#  EPSILON (unit roundoff) = 2.22045e-16
#
  0.774821    0.869968  
  0.327378     0.57024  
  0.157047    0.404851  
  0.516168    0.946066  
  0.517543    0.441549  
  0.858055    0.184192  
   0.55131    0.259549  
  0.951167    0.942105  
  0.200314    0.767532  
  0.219241    0.613898  
  0.669476    0.857728  
  0.269433    0.338995  
  0.709894   0.0545153  
  0.747675    0.668311  
  0.317631       0.447  
  0.663418    0.287306  
  0.201364   0.0480665  
   0.96134    0.706699  
  0.153952    0.846949  
 0.0470788     0.61545  
  0.866527    0.843761  
  0.397853    0.652975  
  0.478116    0.319328  
  0.591799    0.374278  
 0.0493252    0.476359  
  0.383207     0.86531  
   0.86582    0.703576  
  0.130496    0.954271  
  0.418152    0.170909  
  0.292076    0.702392  
  0.591641   0.0507188  
  0.844789    0.956914  
  0.172491    0.279471  
  0.503738    0.623728  
   0.68961    0.764054  
  0.713869    0.413161  
  0.283561     0.19145  
  0.382852    0.759397  
  0.281325    0.831441  
  0.566147    0.556319  
  0.572237    0.868067  
   0.75297    0.147288  
  0.322009    0.955994  
  0.791279    0.772357  
  0.773916    0.349118  
  0.324865   0.0640529  
   0.48256    0.832596  
  0.955541    0.269425  
  0.644699    0.166066  
  0.726957    0.950981  
 0.0560064    0.731769  
  0.766562    0.247085  
  0.448043    0.052355  
  0.368309    0.283289  
   0.93542     0.49979  
  0.531064    0.144507  
 0.0602442    0.328758  
  0.619001    0.663857  
 0.0487196    0.832133  
  0.951935    0.814716  
  0.142925    0.545219  
  0.839828    0.591276  
  0.837514   0.0597925  
  0.420984    0.960808  
  0.946787    0.382889  
  0.140797    0.681023  
  0.167912    0.162155  
  0.231266    0.500211  
 0.0532304    0.194815  
  0.588804    0.767113  
  0.504368    0.724745  
  0.944072    0.601059  
  0.952379    0.148558  
 0.0499195    0.937423  
  0.769203    0.510855  
  0.685635    0.583114  
 0.0620028   0.0667553  
  0.846606    0.431747  
  0.225822    0.938868  
  0.636884    0.481114  
  0.615161    0.953755  
  0.873228    0.304576  
  0.404397    0.401176  
  0.947234    0.049931  
  0.438699    0.521729  
