#  cvt_2_85.txt
#  created by routine CVT_WRITE.CC
#  at 23 August 2004 09:00:59 AM
#
#  Spatial dimension NDIM =  2
#  Number of points N =      85
#  Initial SEED_INIT =       123456789
#  Current SEED =            485453438
#  INIT =                   "uniform".
#  Max iterations IT_MAX =   40
#  Iterations IT_NUM =       40
#  Tolerance IT_TOL =        0
#  Difference IT_DIFF =      0.0561028
#  SAMPLE =                 "uniform".
#  Samples SAMPLE_NUM =      1000000
#  Sampling BATCH size =     1000
#  EPSILON (unit roundoff) = 2.22045e-16
#
  0.192767    0.955328  
  0.773472    0.548999  
  0.459052   0.0536548  
  0.351055    0.055515  
 0.0532894    0.651229  
  0.177337    0.409882  
  0.455761     0.73102  
  0.941318   0.0562659  
  0.944763    0.284958  
  0.144389   0.0589569  
  0.867602    0.841311  
  0.243192   0.0604469  
  0.292372    0.949275  
  0.284227    0.364153  
  0.932069    0.167715  
  0.667759      0.5365  
  0.859631    0.479632  
  0.858706    0.607995  
  0.259213    0.714415  
  0.374002    0.264455  
  0.486688    0.282344  
  0.603599    0.306725  
   0.26454     0.59625  
 0.0581631    0.250111  
  0.760507    0.763762  
 0.0487676    0.749843  
  0.137082    0.806505  
  0.793192    0.151276  
  0.954894    0.795317  
   0.72499     0.33696  
  0.952297    0.536867  
 0.0600599    0.453842  
 0.0571321    0.354615  
  0.351834    0.768977  
 0.0595073    0.151133  
   0.17896    0.175468  
  0.313148     0.16014  
  0.261778    0.257239  
  0.662255     0.84054  
  0.664434    0.139357  
  0.738507    0.649686  
  0.446067     0.84405  
  0.950097    0.934742  
  0.696963   0.0473263  
  0.397268    0.378052  
  0.856138    0.720305  
  0.442293    0.162489  
  0.839287    0.951857  
  0.747571     0.44386  
  0.632072    0.423423  
   0.55425    0.828357  
  0.159478    0.618616  
  0.827157    0.254025  
  0.434861    0.482709  
  0.336561    0.862341  
  0.718506    0.952518  
  0.163388    0.299816  
  0.157498     0.71708  
  0.402196    0.949744  
   0.61041    0.943488  
  0.823299   0.0531667  
 0.0568091    0.957384  
  0.551915    0.714787  
  0.953877    0.666246  
  0.175075     0.51458  
 0.0575228    0.551828  
  0.654567    0.729366  
  0.568856   0.0605037  
   0.23621    0.833129  
 0.0433155    0.854569  
  0.135141    0.898397  
  0.562158    0.187421  
  0.950675     0.40784  
  0.698757     0.23417  
  0.480982    0.608992  
 0.0467451   0.0503379  
  0.517831    0.396342  
  0.549163    0.514156  
  0.366444    0.662568  
  0.841905    0.364645  
  0.606804    0.622015  
  0.370485    0.560242  
  0.767959    0.866727  
  0.295198    0.474669  
  0.507983    0.943941  
