#  cvt13.txt
#  created by routine CVT_WRITE.C
#  at 23 June 2005 11:47:20 AM
#
#  Dimension DIM_NUM =        2
#  Number of points N =       85
#  Initial SEED_INIT =        123456789
#  Current SEED =             1118006509
#  INIT =                    "uniform".
#  Max iterations IT_MAX =    100
#  IT_FIXED (fixed samples) = 25
#  Iterations IT_NUM =        100
#  Difference IT_DIFF =       0.0245796
#  CVT ENERGY =               0.00193495
#  SAMPLE =                  "uniform".
#  Samples SAMPLE_NUM =       100000
#  Sampling BATCH size =      1000
#  EPSILON (unit roundoff) =  2.22045e-16
#
  0.168908    0.945551  
  0.757989    0.567074  
  0.491507   0.0511416  
  0.368599   0.0480853  
  0.148403    0.612074  
  0.168048    0.401106  
  0.492033    0.711989  
  0.948576   0.0588966  
  0.947001    0.296746  
  0.147677   0.0526503  
  0.862107    0.845174  
  0.250078   0.0564291  
  0.274404    0.946686  
  0.262113    0.336962  
  0.936776    0.175214  
  0.651814    0.533411  
  0.850714    0.491004  
  0.866024    0.607839  
  0.278847    0.738992  
  0.362478     0.24989  
  0.477109    0.265219  
  0.603401    0.276631  
   0.27844    0.555875  
 0.0516922    0.248174  
   0.73712    0.765468  
 0.0526876    0.664279  
 0.0556672    0.760602  
   0.79786    0.154316  
  0.955978    0.796406  
  0.719592    0.343408  
  0.951801    0.541493  
 0.0620461    0.463603  
 0.0551326    0.356846  
  0.387553    0.749705  
 0.0599818     0.14948  
  0.171486    0.160969  
  0.310783    0.143651  
  0.249967    0.230492  
  0.651843    0.847785  
  0.659635    0.153837  
  0.780219     0.67183  
  0.446609    0.840774  
  0.949616    0.933015  
  0.721266   0.0556659  
   0.38432    0.356122  
   0.85998    0.735022  
  0.425646    0.150855  
  0.834454    0.950563  
  0.741653    0.455158  
  0.627635    0.408445  
  0.546002    0.826837  
  0.246494     0.64487  
  0.835131    0.260079  
  0.437122    0.454999  
  0.337358    0.847717  
  0.710386    0.955331  
  0.150775     0.28142  
  0.161666    0.727751  
  0.384114    0.947551  
  0.599207    0.946899  
   0.84208   0.0551775  
 0.0605757    0.955242  
  0.615231    0.739315  
  0.955924    0.673559  
  0.179464    0.507509  
 0.0540006    0.560847  
  0.679723    0.653042  
  0.601288   0.0548516  
  0.233665    0.838135  
 0.0434723    0.864219  
  0.138441    0.840104  
  0.540651    0.164947  
  0.946034    0.413198  
  0.717707    0.238411  
  0.470922    0.582825  
 0.0480184   0.0496302  
  0.517536    0.369278  
  0.545534    0.496189  
  0.371957    0.647695  
  0.831948    0.371995  
  0.568111    0.624861  
  0.376979    0.534985  
  0.758581    0.867515  
  0.296802     0.44532  
  0.492125     0.94487  
