#  cvt12.txt
#  created by routine CVT_WRITE.C
#  at 23 June 2005 11:43:52 AM
#
#  Dimension DIM_NUM =        2
#  Number of points N =       85
#  Initial SEED_INIT =        123456789
#  Current SEED =             550561065
#  INIT =                    "uniform".
#  Max iterations IT_MAX =    100
#  IT_FIXED (fixed samples) = 25
#  Iterations IT_NUM =        100
#  Difference IT_DIFF =       0.00772753
#  CVT ENERGY =               0.00191948
#  SAMPLE =                  "uniform".
#  Samples SAMPLE_NUM =       10000
#  Sampling BATCH size =      1000
#  EPSILON (unit roundoff) =  2.22045e-16
#
  0.149612    0.945133  
  0.768539     0.55692  
  0.431766   0.0597037  
  0.332055   0.0374666  
  0.112965    0.617277  
   0.17781    0.401666  
  0.477103    0.750506  
  0.933927   0.0536111  
  0.935557    0.287804  
  0.143222   0.0708468  
   0.86448    0.850735  
  0.236162   0.0514762  
  0.265126    0.951691  
  0.286068    0.376041  
  0.949891     0.17855  
  0.656894    0.572378  
  0.840196    0.483269  
  0.871521    0.599492  
  0.262003    0.722703  
  0.312381    0.262355  
  0.544055     0.31857  
  0.661938    0.263642  
  0.311526    0.609959  
 0.0632383    0.247259  
  0.767122    0.820379  
 0.0384607     0.67803  
 0.0534235    0.868376  
  0.855636    0.140176  
  0.948091    0.783898  
  0.734228     0.33309  
  0.947668    0.519945  
  0.059997    0.443223  
 0.0588141    0.343131  
  0.365746    0.736002  
  0.053057    0.133662  
  0.146192    0.186888  
  0.334409    0.153933  
  0.247741    0.163918  
  0.660549    0.849228  
  0.619266    0.159866  
  0.746436    0.664106  
  0.433615    0.849426  
  0.958455    0.928536  
  0.675812   0.0598231  
  0.435806    0.297356  
  0.839808    0.729317  
  0.432802    0.186257  
  0.875735    0.947655  
  0.734662     0.44433  
  0.624148    0.380713  
  0.543988    0.849782  
  0.207183    0.614095  
  0.821788    0.244217  
  0.392066     0.39177  
  0.332687    0.847541  
   0.69683    0.940169  
  0.189867    0.290666  
  0.156602    0.714854  
  0.376008     0.95001  
  0.606124    0.947699  
  0.792336   0.0494293  
 0.0429828    0.962806  
  0.578431     0.74313  
  0.948584      0.6565  
  0.160117    0.512001  
 0.0449819    0.547012  
  0.672375    0.725982  
  0.547718   0.0609608  
  0.237535      0.8409  
 0.0565395    0.768955  
  0.151971    0.830942  
  0.535583    0.201087  
   0.94782    0.407593  
  0.746542    0.166592  
  0.493691    0.540125  
 0.0579327   0.0382286  
  0.495458     0.42857  
  0.618791    0.483812  
  0.420123    0.633227  
  0.840022    0.369904  
  0.560229    0.624475  
  0.382707    0.505918  
  0.782448    0.938093  
  0.260699    0.503817  
  0.485404     0.95085  
