#  cvt_2_100.txt
#  created by routine CVT_WRITE.CC
#  at 23 August 2004 09:36:16 AM
#
#  Spatial dimension NDIM =  2
#  Number of points N =      100
#  Initial SEED_INIT =       123456789
#  Current SEED =            1450731044
#  INIT =                   "grid".
#  Max iterations IT_MAX =   60
#  Iterations IT_NUM =       60
#  Tolerance IT_TOL =        0
#  Difference IT_DIFF =      0.136515
#  SAMPLE =                 "uniform".
#  Samples SAMPLE_NUM =      100000
#  Sampling BATCH size =     1000
#  EPSILON (unit roundoff) = 2.22045e-16
#
  0.843104    0.960773  
  0.952902   0.0440263  
  0.946897    0.137185  
    0.9484    0.232308  
  0.947622    0.328234  
  0.950191    0.429843  
  0.949549     0.53165  
   0.95056    0.631851  
  0.954532    0.736267  
   0.95087    0.844429  
  0.949699    0.949544  
 0.0514947   0.0512832  
 0.0441025    0.160915  
 0.0500981    0.262008  
 0.0502485    0.366481  
 0.0517746    0.470094  
 0.0543745    0.563428  
 0.0420658    0.666202  
 0.0568079    0.759305  
 0.0495232    0.857591  
 0.0473167    0.949774  
  0.161758     0.04447  
  0.128601    0.131085  
  0.155038    0.227474  
  0.141642    0.321145  
  0.145706    0.429551  
  0.162406    0.538313  
  0.128962    0.646165  
  0.166063    0.745963  
  0.155368    0.849825  
  0.140138    0.948583  
  0.265942   0.0487479  
  0.221505    0.147875  
  0.261102    0.254348  
  0.231404    0.354981  
  0.249116    0.453353  
  0.270418    0.550332  
  0.221098     0.64395  
  0.269686    0.742497  
  0.257298    0.842343  
  0.236451    0.946238  
    0.3681   0.0513987  
  0.320174    0.153979  
  0.369405    0.253554  
  0.331012    0.350281  
  0.350624    0.451089  
  0.371783    0.553521  
   0.32107    0.651632  
  0.370422    0.754133  
  0.355898    0.855378  
  0.335576    0.952841  
  0.466998   0.0492986  
  0.423004     0.15191  
  0.471052    0.249104  
  0.440606    0.355917  
  0.452874    0.459872  
  0.471262    0.560184  
  0.421459    0.656147  
  0.478285     0.74856  
  0.457194    0.847542  
  0.434981    0.946723  
   0.56976   0.0512252  
  0.524875    0.143396  
   0.56874    0.234816  
  0.548654    0.330348  
  0.548118    0.433844  
  0.565475    0.542761  
  0.528143    0.649132  
  0.578638    0.755142  
  0.553434    0.855161  
  0.536663    0.952334  
  0.668106   0.0490359  
  0.639466    0.155814  
  0.659005    0.267472  
  0.646723    0.369615  
   0.65424    0.473089  
     0.668    0.569292  
   0.62826    0.654919  
  0.680816    0.746526  
   0.65573    0.851425  
  0.636942    0.950607  
  0.769925   0.0438577  
  0.741305    0.129105  
  0.752297    0.220089  
  0.751772    0.324215  
  0.748419    0.425553  
  0.758363    0.530061  
  0.745452    0.641947  
  0.775424    0.738418  
  0.756617    0.839334  
  0.740503    0.944684  
  0.861497   0.0567011  
  0.848475    0.162303  
  0.850038    0.268068  
   0.84789    0.375435  
  0.849812    0.478167  
  0.846769    0.582197  
  0.856198    0.678407  
  0.861053    0.782456  
  0.849047    0.878271  
