#  cvt14.txt
#  created by routine CVT_WRITE.C
#  at 23 June 2005 11:54:11 AM
#
#  Dimension DIM_NUM =        2
#  Number of points N =       100
#  Initial SEED_INIT =        123456789
#  Current SEED =             123456789
#  INIT =                    "user".
#  Max iterations IT_MAX =    100
#  IT_FIXED (fixed samples) = 25
#  Iterations IT_NUM =        100
#  Difference IT_DIFF =       0.228134
#  CVT ENERGY =               0.00518244
#  SAMPLE =                  "user".
#  Samples SAMPLE_NUM =       100000
#  Sampling BATCH size =      10000
#  EPSILON (unit roundoff) =  2.22045e-16
#
  0.439973   -0.608744  
  0.096142   -0.904813  
  0.436854   -0.312129  
 -0.452945    0.785478  
-0.0895156    0.585552  
 -0.581665    0.114617  
 -0.411551    0.396436  
  0.891915   -0.197295  
 -0.683692   -0.621486  
  0.607139    0.392499  
  0.575934   0.0369676  
  0.588312    0.695572  
  0.410157    0.384624  
 0.0546884    0.284921  
  0.524554   -0.142027  
 -0.920897  -0.0245584  
 -0.392708   -0.407024  
 -0.553278   -0.512452  
 -0.900825    0.142227  
 -0.239661    0.701249  
   -0.8898   -0.177312  
 -0.719129    0.584092  
-0.0799632    0.395451  
  0.251772   -0.862957  
  0.869245    0.291702  
 -0.283179  -0.0861869  
  0.171845    0.689272  
  0.553164   -0.466847  
 0.0494585   0.0618613  
-0.0973013    0.191172  
-0.00768876    0.918409  
  0.665146   -0.623664  
-0.0129753    0.738257  
 -0.591703    0.692717  
 -0.591399  -0.0735577  
 -0.106011  -0.0148758  
 -0.774231    0.432937  
  0.642829   -0.309074  
 -0.159091    0.884162  
 -0.230599    -0.53884  
-0.0357869   -0.533244  
 -0.591084    0.318334  
  0.327941   -0.460934  
  0.147684    0.888717  
 -0.414247    0.604673  
  0.718952   -0.136373  
 -0.262261   -0.711159  
 -0.874438    0.310804  
 -0.572287    0.493847  
 -0.229771    -0.88686  
  -0.42971  0.00410865  
  0.834792   -0.345841  
   0.46211     0.80085  
 -0.406422   -0.610654  
 -0.164988   -0.382085  
  0.145664   -0.496483  
 -0.424036    0.208808  
 0.0815538    0.507747  
 -0.469332    -0.21035  
  0.303348    0.854481  
  0.350102    0.212216  
 -0.751321  0.00914768  
  0.910185  -0.0339194  
-0.0897348   -0.717511  
 0.0880579    -0.70082  
 -0.251532     0.30267  
 -0.297336   -0.259465  
   0.49542    0.545186  
  0.703402    0.575297  
  0.361607    0.672621  
   0.79603    0.434445  
  0.703281    0.225209  
   0.21619      0.3575  
  0.265998   -0.658832  
  -0.40253    -0.82105  
  -0.54985   -0.727377  
  0.201045    0.149034  
 -0.264414    0.104806  
  0.521842    0.209988  
 -0.730255    0.210821  
 -0.705407   -0.197098  
  0.391341    0.028506  
   0.33636   -0.156976  
  0.213019   -0.290303  
  0.206312  -0.0424898  
 0.0610561   -0.145382  
  0.747491   0.0433402  
 -0.116129   -0.201194  
   0.27754    0.525857  
  0.761547   -0.484722  
 -0.253903    0.499583  
 -0.604164   -0.345866  
 0.0230151   -0.341994  
 -0.843271    -0.33981  
 -0.313481    0.863826  
 -0.764744   -0.479321  
-0.0623075   -0.907936  
  0.900525    0.134477  
  0.403589   -0.812917  
  0.551704   -0.738536  
