  0  0  0
  0  0  0
  0.01  0  0
  0.02  0  0
  0.03  0  0
  0.04  0  0
  0.05  0  0
  0.06  0  0
  0.07  0  0
  0.08  0  0
  0.09  0  0
  0.1  0  0
  0.11  0  0
  0.12  0  0
  0.13  0  0
  0.14  0  0
  0.15  0  0
  0.16  0  0
  0.17  0  0
  0.18  0  0
  0.19  0  0
  0.2  0  0
  0.21  0  0
  0.22  0  0
  0.23  0  0
  0.24  0  0
  0.25  0  0
  0.26  0  0
  0.27  0  0
  0.28  0  0
  0.29  0  0
  0.3  0  0
  0.31  0  0
  0.32  0  0
  0.33  0  0
  0.34  0  0
  0.35  0  0
  0.36  0  0
  0.37  0  0
  0.38  0  0
  0.39  0  0
  0.4  0  0
  0.41  0  0.0361
  0.42  0  0.1296
  0.43  0  0.2601
  0.44  0  0.4096
  0.45  0  0.5625
  0.46  0  0.7056
  0.47  0  0.8281
  0.48  0  0.9216
  0.49  0  0.9801
  0.5  0  1
  0.51  0  0.9801
  0.52  0  0.9216
  0.53  0  0.8281
  0.54  0  0.7056
  0.55  0  0.5625
  0.56  0  0.4096
  0.57  0  0.2601
  0.58  0  0.1296
  0.59  0  0.0361
  0.6  0  0
  0.61  0  0
  0.62  0  0
  0.63  0  0
  0.64  0  0
  0.65  0  0
  0.66  0  0
  0.67  0  0
  0.68  0  0
  0.69  0  0
  0.7  0  0
  0.71  0  0
  0.72  0  0
  0.73  0  0
  0.74  0  0
  0.75  0  0
  0.76  0  0
  0.77  0  0
  0.78  0  0
  0.79  0  0
  0.8  0  0
  0.81  0  0
  0.82  0  0
  0.83  0  0
  0.84  0  0
  0.85  0  0
  0.86  0  0
  0.87  0  0
  0.88  0  0
  0.89  0  0
  0.9  0  0
  0.91  0  0
  0.92  0  0
  0.93  0  0
  0.94  0  0
  0.95  0  0
  0.96  0  0
  0.97  0  0
  0.98  0  0
  0.99  0  0
  1  0  0

  0  0.099  0.000178787
  0.01  0.099  0.000118994
  0.02  0.099  7.94414e-05
  0.03  0.099  5.16871e-05
  0.04  0.099  3.39051e-05
  0.05  0.099  2.17783e-05
  0.06  0.099  1.43965e-05
  0.07  0.099  9.74203e-06
  0.08  0.099  7.42247e-06
  0.09  0.099  6.72075e-06
  0.1  0.099  7.55921e-06
  0.11  0.099  1.01104e-05
  0.12  0.099  1.45581e-05
  0.13  0.099  2.2015e-05
  0.14  0.099  3.30048e-05
  0.15  0.099  5.00891e-05
  0.16  0.099  7.4352e-05
  0.17  0.099  0.000110886
  0.18  0.099  0.000161732
  0.19  0.099  0.000236383
  0.2  0.099  0.000338448
  0.21  0.099  0.000484753
  0.22  0.099  0.000681319
  0.23  0.099  0.000956565
  0.24  0.099  0.00131992
  0.25  0.099  0.00181711
  0.26  0.099  0.00246191
  0.27  0.099  0.00332435
  0.28  0.099  0.00442292
  0.29  0.099  0.00585947
  0.3  0.099  0.00765638
  0.31  0.099  0.00995397
  0.32  0.099  0.0127753
  0.33  0.099  0.0163029
  0.34  0.099  0.0205539
  0.35  0.099  0.0257514
  0.36  0.099  0.0318952
  0.37  0.099  0.0392393
  0.38  0.099  0.0477508
  0.39  0.099  0.0576951
  0.4  0.099  0.0689869
  0.41  0.099  0.0818748
  0.42  0.099  0.0962005
  0.43  0.099  0.112161
  0.44  0.099  0.129507
  0.45  0.099  0.148351
  0.46  0.099  0.168341
  0.47  0.099  0.189475
  0.48  0.099  0.211309
  0.49  0.099  0.233713
  0.5  0.099  0.256168
  0.51  0.099  0.278431
  0.52  0.099  0.299947
  0.53  0.099  0.320391
  0.54  0.099  0.339229
  0.55  0.099  0.356109
  0.56  0.099  0.370576
  0.57  0.099  0.382317
  0.58  0.099  0.391011
  0.59  0.099  0.396449
  0.6  0.099  0.398479
  0.61  0.099  0.397048
  0.62  0.099  0.392184
  0.63  0.099  0.384013
  0.64  0.099  0.372726
  0.65  0.099  0.358623
  0.66  0.099  0.342009
  0.67  0.099  0.323328
  0.68  0.099  0.302936
  0.69  0.099  0.281367
  0.7  0.099  0.25896
  0.71  0.099  0.236277
  0.72  0.099  0.213582
  0.73  0.099  0.19141
  0.74  0.099  0.169909
  0.75  0.099  0.149543
  0.76  0.099  0.130329
  0.77  0.099  0.112633
  0.78  0.099  0.0963544
  0.79  0.099  0.0817519
  0.8  0.099  0.0686314
  0.81  0.099  0.0571566
  0.82  0.099  0.0470754
  0.83  0.099  0.0384736
  0.84  0.099  0.0310787
  0.85  0.099  0.0249207
  0.86  0.099  0.0197373
  0.87  0.099  0.0155243
  0.88  0.099  0.0120506
  0.89  0.099  0.00929497
  0.9  0.099  0.00706875
  0.91  0.099  0.00534539
  0.92  0.099  0.00398092
  0.93  0.099  0.00295048
  0.94  0.099  0.0021508
  0.95  0.099  0.0015619
  0.96  0.099  0.00111388
  0.97  0.099  0.000792321
  0.98  0.099  0.000552486
  0.99  0.099  0.000384814
  1  0.099  0.000262212

  0  0.199  0.0302243
  0.01  0.199  0.025985
  0.02  0.199  0.0222602
  0.03  0.199  0.0189489
  0.04  0.199  0.0160758
  0.05  0.199  0.0135504
  0.06  0.199  0.011387
  0.07  0.199  0.00950736
  0.08  0.199  0.00791846
  0.09  0.199  0.00655524
  0.1  0.199  0.00541994
  0.11  0.199  0.00446048
  0.12  0.199  0.00367649
  0.13  0.199  0.00302814
  0.14  0.199  0.00251391
  0.15  0.199  0.00210526
  0.16  0.199  0.00180048
  0.17  0.199  0.00158136
  0.18  0.199  0.00144661
  0.19  0.199  0.00138751
  0.2  0.199  0.00140351
  0.21  0.199  0.00149495
  0.22  0.199  0.00166206
  0.23  0.199  0.0019142
  0.24  0.199  0.00225225
  0.25  0.199  0.00269492
  0.26  0.199  0.00324337
  0.27  0.199  0.00392635
  0.28  0.199  0.0047447
  0.29  0.199  0.00573805
  0.3  0.199  0.00690594
  0.31  0.199  0.00829982
  0.32  0.199  0.00991646
  0.33  0.199  0.0118198
  0.34  0.199  0.0140019
  0.35  0.199  0.0165393
  0.36  0.199  0.0194169
  0.37  0.199  0.0227232
  0.38  0.199  0.0264329
  0.39  0.199  0.0306449
  0.4  0.199  0.0353199
  0.41  0.199  0.0405646
  0.42  0.199  0.046322
  0.43  0.199  0.0527025
  0.44  0.199  0.0596276
  0.45  0.199  0.0672069
  0.46  0.199  0.0753367
  0.47  0.199  0.0841203
  0.48  0.199  0.0934265
  0.49  0.199  0.103347
  0.5  0.199  0.113722
  0.51  0.199  0.124627
  0.52  0.199  0.135873
  0.53  0.199  0.147517
  0.54  0.199  0.159346
  0.55  0.199  0.171394
  0.56  0.199  0.183429
  0.57  0.199  0.195465
  0.58  0.199  0.207259
  0.59  0.199  0.218808
  0.6  0.199  0.229866
  0.61  0.199  0.240421
  0.62  0.199  0.250234
  0.63  0.199  0.259294
  0.64  0.199  0.267378
  0.65  0.199  0.274483
  0.66  0.199  0.280416
  0.67  0.199  0.285191
  0.68  0.199  0.288649
  0.69  0.199  0.290831
  0.7  0.199  0.291618
  0.71  0.199  0.291085
  0.72  0.199  0.28915
  0.73  0.199  0.285928
  0.74  0.199  0.281373
  0.75  0.199  0.275637
  0.76  0.199  0.268704
  0.77  0.199  0.260762
  0.78  0.199  0.251814
  0.79  0.199  0.242078
  0.8  0.199  0.231568
  0.81  0.199  0.220522
  0.82  0.199  0.208953
  0.83  0.199  0.197109
  0.84  0.199  0.184997
  0.85  0.199  0.172861
  0.86  0.199  0.160694
  0.87  0.199  0.148729
  0.88  0.199  0.136938
  0.89  0.199  0.125537
  0.9  0.199  0.114474
  0.91  0.199  0.103942
  0.92  0.199  0.0938681
  0.93  0.199  0.0844159
  0.94  0.199  0.0754954
  0.95  0.199  0.0672409
  0.96  0.199  0.0595495
  0.97  0.199  0.052527
  0.98  0.199  0.0460632
  0.99  0.199  0.0402378
  1  0.199  0.0349391

  0  0.299  0.119332
  0.01  0.299  0.111345
  0.02  0.299  0.103602
  0.03  0.299  0.096039
  0.04  0.299  0.0887834
  0.05  0.299  0.081767
  0.06  0.299  0.0751029
  0.07  0.299  0.0687197
  0.08  0.299  0.0627156
  0.09  0.299  0.0570173
  0.1  0.299  0.0517083
  0.11  0.299  0.0467154
  0.12  0.299  0.0421077
  0.13  0.299  0.0378143
  0.14  0.299  0.0338909
  0.15  0.299  0.0302702
  0.16  0.299  0.0269966
  0.17  0.299  0.0240077
  0.18  0.299  0.0213379
  0.19  0.299  0.0189316
  0.2  0.299  0.0168144
  0.21  0.299  0.0149386
  0.22  0.299  0.0133228
  0.23  0.299  0.0119278
  0.24  0.299  0.0107667
  0.25  0.299  0.00980941
  0.26  0.299  0.00906435
  0.27  0.299  0.00851133
  0.28  0.299  0.00815484
  0.29  0.299  0.00798465
  0.3  0.299  0.00800194
  0.31  0.299  0.00820655
  0.32  0.299  0.00859652
  0.33  0.299  0.00918173
  0.34  0.299  0.00995692
  0.35  0.299  0.0109419
  0.36  0.299  0.0121276
  0.37  0.299  0.0135435
  0.38  0.299  0.015176
  0.39  0.299  0.0170637
  0.4  0.299  0.0191875
  0.41  0.299  0.0215945
  0.42  0.299  0.0242588
  0.43  0.299  0.0272352
  0.44  0.299  0.0304896
  0.45  0.299  0.0340833
  0.46  0.299  0.0379725
  0.47  0.299  0.0422239
  0.48  0.299  0.0467821
  0.49  0.299  0.0517178
  0.5  0.299  0.056963
  0.51  0.299  0.0625906
  0.52  0.299  0.0685184
  0.53  0.299  0.07482
  0.54  0.299  0.0813987
  0.55  0.299  0.0883266
  0.56  0.299  0.0954922
  0.57  0.299  0.102965
  0.58  0.299  0.110619
  0.59  0.299  0.118521
  0.6  0.299  0.126529
  0.61  0.299  0.134707
  0.62  0.299  0.142903
  0.63  0.299  0.151173
  0.64  0.299  0.159357
  0.65  0.299  0.167509
  0.66  0.299  0.175462
  0.67  0.299  0.183266
  0.68  0.299  0.190752
  0.69  0.299  0.197969
  0.7  0.299  0.204751
  0.71  0.299  0.211147
  0.72  0.299  0.216995
  0.73  0.299  0.22235
  0.74  0.299  0.227058
  0.75  0.299  0.231181
  0.76  0.299  0.234575
  0.77  0.299  0.237313
  0.78  0.299  0.239265
  0.79  0.299  0.240515
  0.8  0.299  0.240948
  0.81  0.299  0.240662
  0.82  0.299  0.239556
  0.83  0.299  0.237744
  0.84  0.299  0.235139
  0.85  0.299  0.231869
  0.86  0.299  0.22786
  0.87  0.299  0.223253
  0.88  0.299  0.217986
  0.89  0.299  0.21221
  0.9  0.299  0.205872
  0.91  0.299  0.199132
  0.92  0.299  0.19194
  0.93  0.299  0.184464
  0.94  0.299  0.176655
  0.95  0.299  0.168682
  0.96  0.299  0.160496
  0.97  0.299  0.152265
  0.98  0.299  0.143938
  0.99  0.299  0.135675
  1  0.299  0.127422

  0  0.399  0.181674
  0.01  0.399  0.17667
  0.02  0.399  0.171436
  0.03  0.399  0.165901
  0.04  0.399  0.160202
  0.05  0.399  0.154273
  0.06  0.399  0.14825
  0.07  0.399  0.142068
  0.08  0.399  0.135859
  0.09  0.399  0.129559
  0.1  0.399  0.123298
  0.11  0.399  0.117012
  0.12  0.399  0.110822
  0.13  0.399  0.104667
  0.14  0.399  0.0986595
  0.15  0.399  0.0927389
  0.16  0.399  0.0870098
  0.17  0.399  0.0814114
  0.18  0.399  0.076039
  0.19  0.399  0.070833
  0.2  0.399  0.065879
  0.21  0.399  0.0611188
  0.22  0.399  0.0566282
  0.23  0.399  0.0523513
  0.24  0.399  0.0483541
  0.25  0.399  0.0445839
  0.26  0.399  0.041097
  0.27  0.399  0.037845
  0.28  0.399  0.0348748
  0.29  0.399  0.0321432
  0.3  0.399  0.0296884
  0.31  0.399  0.027473
  0.32  0.399  0.0255271
  0.33  0.399  0.0238198
  0.34  0.399  0.0223738
  0.35  0.399  0.0211654
  0.36  0.399  0.0202101
  0.37  0.399  0.0194919
  0.38  0.399  0.0190198
  0.39  0.399  0.0187855
  0.4  0.399  0.0187918
  0.41  0.399  0.0190386
  0.42  0.399  0.0195223
  0.43  0.399  0.0202509
  0.44  0.399  0.0212146
  0.45  0.399  0.0224293
  0.46  0.399  0.0238786
  0.47  0.399  0.0255861
  0.48  0.399  0.0275287
  0.49  0.399  0.0297368
  0.5  0.399  0.0321802
  0.51  0.399  0.034896
  0.52  0.399  0.0378459
  0.53  0.399  0.041073
  0.54  0.399  0.0445306
  0.55  0.399  0.0482668
  0.56  0.399  0.052226
  0.57  0.399  0.0564605
  0.58  0.399  0.0609053
  0.59  0.399  0.0656162
  0.6  0.399  0.0705183
  0.61  0.399  0.0756701
  0.62  0.399  0.0809867
  0.63  0.399  0.0865286
  0.64  0.399  0.0922011
  0.65  0.399  0.0980658
  0.66  0.399  0.104019
  0.67  0.399  0.110122
  0.68  0.399  0.116264
  0.69  0.399  0.122506
  0.7  0.399  0.128728
  0.71  0.399  0.134994
  0.72  0.399  0.141176
  0.73  0.399  0.147339
  0.74  0.399  0.153351
  0.75  0.399  0.159277
  0.76  0.399  0.164981
  0.77  0.399  0.170531
  0.78  0.399  0.17579
  0.79  0.399  0.180827
  0.8  0.399  0.185506
  0.81  0.399  0.1899
  0.82  0.399  0.193874
  0.83  0.399  0.197507
  0.84  0.399  0.200667
  0.85  0.399  0.203438
  0.86  0.399  0.205694
  0.87  0.399  0.207525
  0.88  0.399  0.208812
  0.89  0.399  0.20965
  0.9  0.399  0.209927
  0.91  0.399  0.209748
  0.92  0.399  0.209007
  0.93  0.399  0.207816
  0.94  0.399  0.206076
  0.95  0.399  0.203907
  0.96  0.399  0.201217
  0.97  0.399  0.198132
  0.98  0.399  0.194567
  0.99  0.399  0.190652
  1  0.399  0.18631

  0  0.499  0.188341
  0.01  0.499  0.187799
  0.02  0.499  0.186945
  0.03  0.499  0.185679
  0.04  0.499  0.184112
  0.05  0.499  0.18215
  0.06  0.499  0.179907
  0.07  0.499  0.177295
  0.08  0.499  0.174428
  0.09  0.499  0.171223
  0.1  0.499  0.167799
  0.11  0.499  0.164073
  0.12  0.499  0.160165
  0.13  0.499  0.155999
  0.14  0.499  0.151694
  0.15  0.499  0.147175
  0.16  0.499  0.142562
  0.17  0.499  0.137783
  0.18  0.499  0.132954
  0.19  0.499  0.128007
  0.2  0.499  0.123056
  0.21  0.499  0.118034
  0.22  0.499  0.113049
  0.23  0.499  0.108039
  0.24  0.499  0.103107
  0.25  0.499  0.0981924
  0.26  0.499  0.0933913
  0.27  0.499  0.0886467
  0.28  0.499  0.0840477
  0.29  0.499  0.0795399
  0.3  0.499  0.0752054
  0.31  0.499  0.0709924
  0.32  0.499  0.0669754
  0.33  0.499  0.0631061
  0.34  0.499  0.059451
  0.35  0.499  0.0559655
  0.36  0.499  0.052708
  0.37  0.499  0.0496381
  0.38  0.499  0.0468062
  0.39  0.499  0.0441765
  0.4  0.499  0.0417912
  0.41  0.499  0.0396198
  0.42  0.499  0.0376966
  0.43  0.499  0.0359963
  0.44  0.499  0.0345456
  0.45  0.499  0.0333251
  0.46  0.499  0.0323536
  0.47  0.499  0.0316181
  0.48  0.499  0.0311297
  0.49  0.499  0.0308817
  0.5  0.499  0.0308778
  0.51  0.499  0.0311177
  0.52  0.499  0.0315976
  0.53  0.499  0.0323239
  0.54  0.499  0.0332851
  0.55  0.499  0.0344939
  0.56  0.499  0.0359316
  0.57  0.499  0.0376169
  0.58  0.499  0.0395234
  0.59  0.499  0.0416759
  0.6  0.499  0.0440401
  0.61  0.499  0.0466466
  0.62  0.499  0.0494532
  0.63  0.499  0.0524954
  0.64  0.499  0.0557233
  0.65  0.499  0.0591773
  0.66  0.499  0.0627992
  0.67  0.499  0.0666337
  0.68  0.499  0.0706149
  0.69  0.499  0.0747911
  0.7  0.499  0.0790885
  0.71  0.499  0.0835591
  0.72  0.499  0.0881212
  0.73  0.499  0.0928299
  0.74  0.499  0.0975963
  0.75  0.499  0.102478
  0.76  0.499  0.10738
  0.77  0.499  0.112362
  0.78  0.499  0.117322
  0.79  0.499  0.122324
  0.8  0.499  0.127259
  0.81  0.499  0.132194
  0.82  0.499  0.137016
  0.83  0.499  0.141794
  0.84  0.499  0.146412
  0.85  0.499  0.15094
  0.86  0.499  0.155261
  0.87  0.499  0.159449
  0.88  0.499  0.163384
  0.89  0.499  0.167143
  0.9  0.499  0.170607
  0.91  0.499  0.173856
  0.92  0.499  0.176772
  0.93  0.499  0.179439
  0.94  0.499  0.18174
  0.95  0.499  0.183764
  0.96  0.499  0.185396
  0.97  0.499  0.186731
  0.98  0.499  0.187656
  0.99  0.499  0.188269
  1  0.499  0.188463

  0  0.599  0.161321
  0.01  0.599  0.163564
  0.02  0.599  0.165619
  0.03  0.599  0.16738
  0.04  0.599  0.168936
  0.05  0.599  0.17018
  0.06  0.599  0.171205
  0.07  0.599  0.171907
  0.08  0.599  0.17238
  0.09  0.599  0.172524
  0.1  0.599  0.172437
  0.11  0.599  0.17202
  0.12  0.599  0.171374
  0.13  0.599  0.170403
  0.14  0.599  0.169211
  0.15  0.599  0.167706
  0.16  0.599  0.165993
  0.17  0.599  0.163983
  0.18  0.599  0.161782
  0.19  0.599  0.159306
  0.2  0.599  0.156663
  0.21  0.599  0.153769
  0.22  0.599  0.150734
  0.23  0.599  0.147477
  0.24  0.599  0.144108
  0.25  0.599  0.14055
  0.26  0.599  0.13691
  0.27  0.599  0.133116
  0.28  0.599  0.129271
  0.29  0.599  0.125308
  0.3  0.599  0.121326
  0.31  0.599  0.117262
  0.32  0.599  0.113213
  0.33  0.599  0.109115
  0.34  0.599  0.105064
  0.35  0.599  0.100999
  0.36  0.599  0.0970105
  0.37  0.599  0.0930415
  0.38  0.599  0.0891755
  0.39  0.599  0.0853604
  0.4  0.599  0.0816732
  0.41  0.599  0.0780656
  0.42  0.599  0.0746083
  0.43  0.599  0.0712565
  0.44  0.599  0.0680743
  0.45  0.599  0.065021
  0.46  0.599  0.0621535
  0.47  0.599  0.0594356
  0.48  0.599  0.0569169
  0.49  0.599  0.0545656
  0.5  0.599  0.0524239
  0.51  0.599  0.0504649
  0.52  0.599  0.0487232
  0.53  0.599  0.047177
  0.54  0.599  0.0458531
  0.55  0.599  0.0447351
  0.56  0.599  0.0438421
  0.57  0.599  0.0431629
  0.58  0.599  0.0427092
  0.59  0.599  0.0424752
  0.6  0.599  0.0424647
  0.61  0.599  0.0426777
  0.62  0.599  0.0431103
  0.63  0.599  0.043768
  0.64  0.599  0.0446392
  0.65  0.599  0.0457348
  0.66  0.599  0.0470358
  0.67  0.599  0.0485585
  0.68  0.599  0.050276
  0.69  0.599  0.0522101
  0.7  0.599  0.0543263
  0.71  0.599  0.0566513
  0.72  0.599  0.0591433
  0.73  0.599  0.0618338
  0.74  0.599  0.0646736
  0.75  0.599  0.0676988
  0.76  0.599  0.070853
  0.77  0.599  0.0741767
  0.78  0.599  0.0776064
  0.79  0.599  0.0811867
  0.8  0.599  0.0848475
  0.81  0.599  0.0886371
  0.82  0.599  0.0924791
  0.83  0.599  0.0964255
  0.84  0.599  0.100394
  0.85  0.599  0.10444
  0.86  0.599  0.108475
  0.87  0.599  0.112559
  0.88  0.599  0.116598
  0.89  0.599  0.120655
  0.9  0.599  0.124632
  0.91  0.599  0.128596
  0.92  0.599  0.132444
  0.93  0.599  0.136246
  0.94  0.599  0.139897
  0.95  0.599  0.143471
  0.96  0.599  0.14686
  0.97  0.599  0.15014
  0.98  0.599  0.153203
  0.99  0.599  0.156128
  1  0.599  0.158807

  0  0.699  0.12505
  0.01  0.699  0.128164
  0.02  0.699  0.131239
  0.03  0.699  0.134178
  0.04  0.699  0.137054
  0.05  0.699  0.139769
  0.06  0.699  0.142397
  0.07  0.699  0.14484
  0.08  0.699  0.147175
  0.09  0.699  0.149303
  0.1  0.699  0.151305
  0.11  0.699  0.15308
  0.12  0.699  0.154712
  0.13  0.699  0.156102
  0.14  0.699  0.157336
  0.15  0.699  0.158315
  0.16  0.699  0.159128
  0.17  0.699  0.159678
  0.18  0.699  0.160057
  0.19  0.699  0.160167
  0.2  0.699  0.160104
  0.21  0.699  0.159772
  0.22  0.699  0.159268
  0.23  0.699  0.158499
  0.24  0.699  0.157565
  0.25  0.699  0.156373
  0.26  0.699  0.155024
  0.27  0.699  0.153431
  0.28  0.699  0.151693
  0.29  0.699  0.149726
  0.3  0.699  0.14763
  0.31  0.699  0.145324
  0.32  0.699  0.142908
  0.33  0.699  0.140303
  0.34  0.699  0.13761
  0.35  0.699  0.134751
  0.36  0.699  0.131827
  0.37  0.699  0.128764
  0.38  0.699  0.125658
  0.39  0.699  0.122441
  0.4  0.699  0.119207
  0.41  0.699  0.115889
  0.42  0.699  0.112579
  0.43  0.699  0.109215
  0.44  0.699  0.105883
  0.45  0.699  0.102524
  0.46  0.699  0.0992219
  0.47  0.699  0.0959213
  0.48  0.699  0.0926997
  0.49  0.699  0.0895066
  0.5  0.699  0.0864138
  0.51  0.699  0.083375
  0.52  0.699  0.0804562
  0.53  0.699  0.0776152
  0.54  0.699  0.0749119
  0.55  0.699  0.0723082
  0.56  0.699  0.0698579
  0.57  0.699  0.0675271
  0.58  0.699  0.0653628
  0.59  0.699  0.0633357
  0.6  0.699  0.061486
  0.61  0.699  0.059789
  0.62  0.699  0.0582778
  0.63  0.699  0.0569325
  0.64  0.699  0.0557789
  0.65  0.699  0.0548021
  0.66  0.699  0.0540205
  0.67  0.699  0.0534241
  0.68  0.699  0.0530241
  0.69  0.699  0.0528153
  0.7  0.699  0.0528015
  0.71  0.699  0.0529827
  0.72  0.699  0.0533552
  0.73  0.699  0.0539241
  0.74  0.699  0.0546781
  0.75  0.699  0.0556274
  0.76  0.699  0.0567534
  0.77  0.699  0.0580712
  0.78  0.699  0.059555
  0.79  0.699  0.0612247
  0.8  0.699  0.0630473
  0.81  0.699  0.0650475
  0.82  0.699  0.0671853
  0.83  0.699  0.06949
  0.84  0.699  0.0719148
  0.85  0.699  0.0744935
  0.86  0.699  0.0771726
  0.87  0.699  0.0799904
  0.88  0.699  0.082887
  0.89  0.699  0.0859048
  0.9  0.699  0.088978
  0.91  0.699  0.092153
  0.92  0.699  0.0953583
  0.93  0.699  0.0986444
  0.94  0.699  0.101934
  0.95  0.699  0.105282
  0.96  0.699  0.108607
  0.97  0.699  0.111966
  0.98  0.699  0.115273
  0.99  0.699  0.11859
  1  0.699  0.121827

  0  0.799  0.0947431
  0.01  0.799  0.0974038
  0.02  0.799  0.100131
  0.03  0.799  0.102852
  0.04  0.799  0.105621
  0.05  0.799  0.108361
  0.06  0.799  0.11113
  0.07  0.799  0.113846
  0.08  0.799  0.116572
  0.09  0.799  0.119222
  0.1  0.799  0.121861
  0.11  0.799  0.124402
  0.12  0.799  0.126912
  0.13  0.799  0.129304
  0.14  0.799  0.131646
  0.15  0.799  0.133847
  0.16  0.799  0.135983
  0.17  0.799  0.137959
  0.18  0.799  0.139852
  0.19  0.799  0.141569
  0.2  0.799  0.14319
  0.21  0.799  0.144619
  0.22  0.799  0.145939
  0.23  0.799  0.147056
  0.24  0.799  0.148054
  0.25  0.799  0.148839
  0.26  0.799  0.149498
  0.27  0.799  0.149937
  0.28  0.799  0.150246
  0.29  0.799  0.150332
  0.3  0.799  0.150287
  0.31  0.799  0.150017
  0.32  0.799  0.149618
  0.33  0.799  0.148997
  0.34  0.799  0.148251
  0.35  0.799  0.14729
  0.36  0.799  0.146209
  0.37  0.799  0.144923
  0.38  0.799  0.143527
  0.39  0.799  0.141937
  0.4  0.799  0.14025
  0.41  0.799  0.138383
  0.42  0.799  0.136432
  0.43  0.799  0.13432
  0.44  0.799  0.132139
  0.45  0.799  0.129815
  0.46  0.799  0.12744
  0.47  0.799  0.124942
  0.48  0.799  0.122412
  0.49  0.799  0.119781
  0.5  0.799  0.117137
  0.51  0.799  0.114415
  0.52  0.799  0.1117
  0.53  0.799  0.10893
  0.54  0.799  0.106186
  0.55  0.799  0.103412
  0.56  0.799  0.100683
  0.57  0.799  0.097946
  0.58  0.799  0.0952736
  0.59  0.799  0.0926164
  0.6  0.799  0.0900414
  0.61  0.799  0.0875036
  0.62  0.799  0.0850648
  0.63  0.799  0.0826839
  0.64  0.799  0.0804172
  0.65  0.799  0.078228
  0.66  0.799  0.0761666
  0.67  0.799  0.0742006
  0.68  0.799  0.0723741
  0.69  0.799  0.0706593
  0.7  0.799  0.0690939
  0.71  0.799  0.0676545
  0.72  0.799  0.0663721
  0.73  0.799  0.065228
  0.74  0.799  0.0642466
  0.75  0.799  0.0634137
  0.76  0.799  0.0627468
  0.77  0.799  0.0622364
  0.78  0.799  0.0618932
  0.79  0.799  0.0617123
  0.8  0.799  0.0616973
  0.81  0.799  0.0618482
  0.82  0.799  0.0621617
  0.83  0.799  0.0626423
  0.84  0.799  0.0632797
  0.85  0.799  0.0640834
  0.86  0.799  0.0650359
  0.87  0.799  0.0661514
  0.88  0.799  0.0674058
  0.89  0.799  0.0688177
  0.9  0.799  0.0703563
  0.91  0.799  0.0720449
  0.92  0.799  0.073846
  0.93  0.799  0.0757875
  0.94  0.799  0.0778254
  0.95  0.799  0.0799922
  0.96  0.799  0.0822377
  0.97  0.799  0.0845987
  0.98  0.799  0.0870191
  0.99  0.799  0.0895399
  1  0.799  0.0920996

  0  0.899  0.0778547
  0.01  0.899  0.0793573
  0.02  0.899  0.0809781
  0.03  0.899  0.0826763
  0.04  0.899  0.0844829
  0.05  0.899  0.0863513
  0.06  0.899  0.0883169
  0.07  0.899  0.0903276
  0.08  0.899  0.0924229
  0.09  0.899  0.0945455
  0.1  0.899  0.096739
  0.11  0.899  0.0989412
  0.12  0.899  0.1012
  0.13  0.899  0.103448
  0.14  0.899  0.105737
  0.15  0.899  0.107997
  0.16  0.899  0.110281
  0.17  0.899  0.112517
  0.18  0.899  0.114762
  0.19  0.899  0.116938
  0.2  0.899  0.119109
  0.21  0.899  0.121192
  0.22  0.899  0.123254
  0.23  0.899  0.12521
  0.24  0.899  0.127131
  0.25  0.899  0.128929
  0.26  0.899  0.130678
  0.27  0.899  0.13229
  0.28  0.899  0.133839
  0.29  0.899  0.135237
  0.3  0.899  0.136562
  0.31  0.899  0.137724
  0.32  0.899  0.138804
  0.33  0.899  0.139711
  0.34  0.899  0.140527
  0.35  0.899  0.141164
  0.36  0.899  0.141704
  0.37  0.899  0.142059
  0.38  0.899  0.142315
  0.39  0.899  0.142383
  0.4  0.899  0.14235
  0.41  0.899  0.14213
  0.42  0.899  0.141809
  0.43  0.899  0.141303
  0.44  0.899  0.1407
  0.45  0.899  0.139916
  0.46  0.899  0.139041
  0.47  0.899  0.137993
  0.48  0.899  0.13686
  0.49  0.899  0.135563
  0.5  0.899  0.134191
  0.51  0.899  0.132667
  0.52  0.899  0.131079
  0.53  0.899  0.129351
  0.54  0.899  0.127572
  0.55  0.899  0.12567
  0.56  0.899  0.123729
  0.57  0.899  0.121681
  0.58  0.899  0.119609
  0.59  0.899  0.117448
  0.6  0.899  0.115279
  0.61  0.899  0.113039
  0.62  0.899  0.110806
  0.63  0.899  0.108523
  0.64  0.899  0.106262
  0.65  0.899  0.10397
  0.66  0.899  0.101716
  0.67  0.899  0.0994505
  0.68  0.899  0.0972393
  0.69  0.899  0.0950349
  0.7  0.899  0.0928997
  0.71  0.899  0.0907901
  0.72  0.899  0.0887636
  0.73  0.899  0.0867806
  0.74  0.899  0.0848934
  0.75  0.899  0.0830665
  0.76  0.899  0.081347
  0.77  0.899  0.0797034
  0.78  0.899  0.0781771
  0.79  0.899  0.0767411
  0.8  0.899  0.0754308
  0.81  0.899  0.0742234
  0.82  0.899  0.0731482
  0.83  0.899  0.072187
  0.84  0.899  0.0713627
  0.85  0.899  0.0706617
  0.86  0.899  0.0701004
  0.87  0.899  0.0696697
  0.88  0.899  0.0693794
  0.89  0.899  0.0692252
  0.9  0.899  0.0692102
  0.91  0.899  0.0693346
  0.92  0.899  0.0695951
  0.93  0.899  0.0699963
  0.94  0.899  0.0705284
  0.95  0.899  0.0712005
  0.96  0.899  0.0719964
  0.97  0.899  0.0729297
  0.98  0.899  0.0739777
  0.99  0.899  0.0751587
  1  0.899  0.0764434

  0  0.999  0.075593
  0.01  0.999  0.0758081
  0.02  0.999  0.0761408
  0.03  0.999  0.0765819
  0.04  0.999  0.0771404
  0.05  0.999  0.077801
  0.06  0.999  0.0785769
  0.07  0.999  0.079447
  0.08  0.999  0.0804288
  0.09  0.999  0.0814952
  0.1  0.999  0.0826682
  0.11  0.999  0.083915
  0.12  0.999  0.0852616
  0.13  0.999  0.0866698
  0.14  0.999  0.0881698
  0.15  0.999  0.089718
  0.16  0.999  0.0913488
  0.17  0.999  0.0930135
  0.18  0.999  0.0947505
  0.19  0.999  0.0965062
  0.2  0.999  0.098323
  0.21  0.999  0.100143
  0.22  0.999  0.102012
  0.23  0.999  0.103867
  0.24  0.999  0.10576
  0.25  0.999  0.107623
  0.26  0.999  0.10951
  0.27  0.999  0.111351
  0.28  0.999  0.113204
  0.29  0.999  0.114994
  0.3  0.999  0.116784
  0.31  0.999  0.118496
  0.32  0.999  0.120194
  0.33  0.999  0.1218
  0.34  0.999  0.123381
  0.35  0.999  0.124857
  0.36  0.999  0.126296
  0.37  0.999  0.127616
  0.38  0.999  0.12889
  0.39  0.999  0.130035
  0.4  0.999  0.131125
  0.41  0.999  0.132075
  0.42  0.999  0.132964
  0.43  0.999  0.133704
  0.44  0.999  0.134377
  0.45  0.999  0.134896
  0.46  0.999  0.135343
  0.47  0.999  0.135632
  0.48  0.999  0.135845
  0.49  0.999  0.135899
  0.5  0.999  0.135877
  0.51  0.999  0.135694
  0.52  0.999  0.135436
  0.53  0.999  0.13502
  0.54  0.999  0.134531
  0.55  0.999  0.133887
  0.56  0.999  0.133175
  0.57  0.999  0.132314
  0.58  0.999  0.13139
  0.59  0.999  0.130326
  0.6  0.999  0.129205
  0.61  0.999  0.127954
  0.62  0.999  0.126655
  0.63  0.999  0.125235
  0.64  0.999  0.123778
  0.65  0.999  0.122214
  0.66  0.999  0.120622
  0.67  0.999  0.118937
  0.68  0.999  0.117236
  0.69  0.999  0.115456
  0.7  0.999  0.113673
  0.71  0.999  0.111826
  0.72  0.999  0.109989
  0.73  0.999  0.108104
  0.74  0.999  0.106241
  0.75  0.999  0.104347
  0.76  0.999  0.102487
  0.77  0.999  0.100613
  0.78  0.999  0.0987858
  0.79  0.999  0.0969599
  0.8  0.999  0.0951936
  0.81  0.999  0.0934442
  0.82  0.999  0.0917657
  0.83  0.999  0.0901194
  0.84  0.999  0.0885544
  0.85  0.999  0.0870362
  0.86  0.999  0.0856086
  0.87  0.999  0.0842412
  0.88  0.999  0.0829726
  0.89  0.999  0.0817767
  0.9  0.999  0.0806864
  0.91  0.999  0.0796798
  0.92  0.999  0.0787843
  0.93  0.999  0.0779821
  0.94  0.999  0.0772947
  0.95  0.999  0.0767088
  0.96  0.999  0.07624
  0.97  0.999  0.0758792
  0.98  0.999  0.0756358
  0.99  0.999  0.0755054
  1  0.999  0.0754911

