0.4962  0.2086
0.5571  0.3199
0.6061  0.4158
0.6449  0.5009
0.6271  0.5344
0.5932  0.5127
0.5689  0.4692
0.5398  0.424
0.5005  0.4339
0.486  0.5018
0.4817  0.5697
0.4935  0.6638
0.4957  0.7335
0.4968  0.7833
0.4898  0.8403
0.4779  0.8557
0.4618  0.8502
0.4575  0.8222
0.4569  0.7706
0.4564  0.7362
0.4483  0.6783
0.4375  0.6122
0.4181  0.595
0.4052  0.6421
0.3961  0.7145
0.3815  0.7733
0.3691  0.862
0.3514  0.8855
0.3298  0.8665
0.3347  0.8176
0.3487  0.7443
0.3546  0.6882
0.3724  0.586
0.3605  0.586
0.339  0.6412
0.3142  0.7018
0.2798  0.8113
0.2722  0.8158
0.2561  0.8086
0.2496  0.7869
0.2561  0.7543
0.2873  0.6566
0.297  0.6222
0.3228  0.5371
0.3126  0.5308
0.2884  0.5579
0.2518  0.6267
0.2313  0.6575
0.2151  0.6566
0.213  0.6213
0.2351  0.5724
0.2507  0.5353
0.2894  0.4611
0.2991  0.4204
0.3061  0.3633
0.3131  0.319
0.3239  0.2647
0.3363  0.2357
0.3562  0.2176
0.4962  0.2086
