           1          17           0
           3           1           2
           6           4           5
           7           4           6
          11           9          10
          14          12          13
          17          15          16
           1          15          17
           3          15           1
           7           3           4
          14          11          12
           7          15           3
           8          15           7
           9          15           8
          14           9          11
          15           9          14
