19 January 2014 11:38:06 AM

HYPERCUBE_INTEGRALS_PRB
  C++ version
  Test the HYPERCUBE_INTEGRALS library.

TEST01
  Compare exact and estimated integrals
  over the interior of the unit hypercube in 3D.

  Number of sample points is 4192

  Ex  Ey  Ez     MC-Estimate           Exact      Error

   4   3   0       0.0479881            0.05   0.0020119
   0   2   3       0.0817332       0.0833333  0.00160014
   4   4   2       0.0118586       0.0133333  0.00147477
   0   3   0        0.246879            0.25  0.00312148
   4   3   0       0.0479881            0.05   0.0020119
   4   0   4       0.0375109            0.04  0.00248907
   3   4   0       0.0481349            0.05  0.00186513
   1   0   4       0.0964596             0.1  0.00354039
   1   3   0        0.121836           0.125   0.0031644
   0   4   2       0.0645985       0.0666667  0.00206817
   1   2   2       0.0532703       0.0555556  0.00228524
   3   0   4       0.0470921            0.05  0.00290792
   1   0   1        0.243841            0.25  0.00615864
   4   1   4       0.0183829            0.02  0.00161715
   3   3   0       0.0602641          0.0625  0.00223593
   4   4   2       0.0118586       0.0133333  0.00147477
   0   4   4         0.03867            0.04  0.00133004
   1   3   2       0.0395885       0.0416667   0.0020782
   0   4   0        0.197368             0.2  0.00263213
   0   4   3       0.0484177            0.05  0.00158233

TEST02
  Compare exact and estimated integrals
  over the interior of the unit hypercube in 6D.

  Number of sample points is 4192

  E1  E2  E3  E4  E5  E6     MC-Estimate           Exact      Error

   4   3   4   4   4   3     7.72816e-05          0.0001  2.27184e-05
   1   0   4   2   0   3      0.00817616      0.00833333  0.000157175
   2   2   1   2   0   4       0.0034846       0.0037037  0.000219108
   2   3   0   3   2   4      0.00131297      0.00138889  7.59226e-05
   0   2   3   1   4   3      0.00193845      0.00208333  0.000144881
   3   4   2   1   4   1     0.000798305     0.000833333  3.50284e-05
   0   4   4   1   0   0        0.018789            0.02  0.00121096
   0   1   2   0   2   0       0.0556308       0.0555556  7.5247e-05
   4   1   1   4   4   0      0.00188104           0.002  0.000118962
   2   0   1   0   2   0        0.056721       0.0555556  0.00116547
   0   4   4   0   0   1       0.0185549            0.02  0.00144511
   1   3   2   2   1   3      0.00165801      0.00173611  7.81057e-05
   4   0   2   3   1   4      0.00183809      0.00166667  0.000171422
   1   2   0   2   4   1      0.00539838      0.00555556  0.000157179
   2   4   1   0   3   0      0.00838431      0.00833333  5.09782e-05
   0   1   2   1   0   3       0.0202052       0.0208333  0.000628127
   2   1   3   0   4   4      0.00174982      0.00166667  8.31502e-05
   0   0   2   4   3   2      0.00540151      0.00555556  0.000154047
   0   1   2   3   4   2      0.00258074      0.00277778  0.000197039
   4   2   4   4   3   1     0.000304479     0.000333333  2.88548e-05

HYPERCUBE_INTEGRALS_PRB
  Normal end of execution.

19 January 2014 11:38:06 AM
