  0  1  0
  0.2  1  -0.2
  0.4  0.96  -0.388
  0.6  0.8824  -0.55672
  0.8  0.771056  -0.699797
  1  0.631097  -0.81202
  1.2  0.468693  -0.889518
  1.4  0.290789  -0.929886
  1.6  0.104812  -0.93225
  1.8  -0.0816383  -0.897278
  2  -0.261094  -0.827113
  2.2  -0.426517  -0.725268
  2.4  -0.57157  -0.596448
  2.6  -0.69086  -0.446347
  2.8  -0.780129  -0.281395
  3  -0.836408  -0.108485
  3.2  -0.858105  0.0653057
  3.4  -0.845044  0.233008
  3.6  -0.798443  0.388037
  3.8  -0.720835  0.524443
  4  -0.615947  0.637143
  4.2  -0.488518  0.722104
  4.4  -0.344097  0.776482
  4.6  -0.188801  0.798712
  4.8  -0.0290583  0.788549
  5  0.128652  0.747048
  5.2  0.278061  0.676495
  5.4  0.41336  0.580293
  5.6  0.529419  0.462803
  5.8  0.621979  0.329151
  6  0.68781  0.185006
  6.2  0.724811  0.0363441
  6.4  0.73208  -0.110799
  6.6  0.70992  -0.250567
  6.8  0.659807  -0.377517
  7  0.584303  -0.486827
  7.2  0.486938  -0.574478
  7.4  0.372042  -0.637397
  7.6  0.244563  -0.673562
  7.8  0.10985  -0.682061
  8  -0.0265616  -0.663107
  8.2  -0.159183  -0.618008
  8.4  -0.282785  -0.549091
  8.6  -0.392603  -0.459589
  8.8  -0.484521  -0.353493
  9  -0.555219  -0.235379
  9.2  -0.602295  -0.110213
  9.4  -0.624338  0.0168593
  9.6  -0.620966  0.140715
  9.8  -0.592823  0.256465
  10  -0.54153  0.359642
  10.2  -0.469601  0.44637
  10.4  -0.380327  0.513508
  10.6  -0.277626  0.558763
  10.8  -0.165873  0.580762
  11  -0.0497209  0.579091
  11.2  0.0660973  0.55429
  11.4  0.176955  0.507813
  11.6  0.278518  0.441953
  11.8  0.366908  0.359732
  12  0.438855  0.264767
  12.2  0.491808  0.16111
  12.4  0.52403  0.0530814
  12.6  0.534647  -0.0549095
  12.8  0.523665  -0.158544
  13  0.491956  -0.253765
  13.2  0.441203  -0.33693
  13.4  0.373817  -0.404955
  13.6  0.292826  -0.455421
  13.8  0.201742  -0.486661
  14  0.10441  -0.497809
  14.2  0.00484783  -0.488823
  14.4  -0.0929167  -0.460463
  14.6  -0.185009  -0.414252
  14.8  -0.26786  -0.352395
  15  -0.338339  -0.277679
  15.2  -0.393874  -0.193351
  15.4  -0.432545  -0.102975
  15.6  -0.45314  -0.0102874
  15.8  -0.455197  0.0809578
  16  -0.439005  0.16714
  16.2  -0.405578  0.244912
  16.4  -0.356595  0.311333
  16.6  -0.294328  0.363972
  16.8  -0.221534  0.401
  17  -0.141334  0.421246
  17.2  -0.0570847  0.424238
  17.4  0.0277629  0.410201
  17.6  0.109803  0.380036
  17.8  0.18581  0.335274
  18  0.252865  0.277995
  18.2  0.308464  0.210742
  18.4  0.350613  0.136405
  18.6  0.377894  0.0580982
  18.8  0.389513  -0.0209664
  19  0.38532  -0.0976111
  19.2  0.365798  -0.168818
  19.4  0.332034  -0.231849
  19.6  0.285664  -0.284345
  19.8  0.228795  -0.324417
  20  0.163912  -0.350711
