1.67904
-0.0530087
-0.421902
-0.249747
1.17117
0.826697
1.59232
1.59749
-1.01964
-1.81095
-2.58635
0.0158244
-0.21559
-1.54189
0.181643
-0.161464
-0.4328
0.166162
2.09057
0.641845
0.599723
-0.184671
2.12991
0.694624
1.82063
-0.183304
-0.970249
1.62502
0.394413
0.935398
-0.374563
-0.192727
-0.445817
0.133799
-0.277861
-0.256417
0.0973825
-1.78414
0.123608
1.14417
-0.475122
0.739335
-0.447281
0.716801
-0.200759
-1.68276
-1.01453
1.59146
0.520401
-0.366174
-0.592387
-2.4255
-0.264176
-2.48324
-1.06543
0.104692
-0.251344
-0.725713
-0.974161
-0.0402459
-0.579499
-0.455726
-3.14337
-0.992477
-2.39577
0.868771
0.739748
-1.32875
2.16592
0.566635
1.60413
1.68336
1.59642
1.58426
1.06102
2.28931
1.21559
-0.219225
0.537607
1.37341
0.448215
-0.306762
0.952212
-0.60482
0.35251
0.0128567
1.25811
0.638138
0.0511757
1.38836
0.281153
-0.0678841
0.924925
1.49302
1.17451
0.45767
-0.310438
0.406247
-0.489168
0.577327
0.800589
-0.605443
-0.350459
-1.91078
-0.877462
0.213526
-0.884766
0.515033
1.19585
-0.829141
0.539811
-0.251906
-0.514089
1.82428
0.713972
-1.70113
0.829192
-0.885104
0.688618
-0.130817
0.705025
0.301425
2.30581
0.558147
0.125267
-0.759868
-0.0966479
-0.0239724
