1.67904
0.786511
0.181234
0.0441241
1.33063
1.58549
2.61717
3.23729
1.1168
-0.553557
-2.32108
-0.86884
-0.72573
-1.9879
-0.908367
-0.889809
-1.11511
-0.62522
1.51024
1.16823
1.23534
0.58
2.63849
2.19916
3.35745
2.0081
0.748003
2.66034
2.22368
2.71368
1.67476
1.42233
0.963891
1.25402
0.901942
0.739717
0.95984
-0.86025
0.13665
1.42294
0.452636
1.32973
0.526548
1.37551
0.823101
-0.854532
-1.0558
1.22869
1.16436
0.449888
-0.0545873
-2.18532
-1.16925
-3.18688
-2.80925
-1.73994
-1.67213
-2.0606
-2.49051
-1.8239
-2.11686
-2.10885
-4.82566
-4.05462
-5.42971
-2.94148
-2.06982
-3.53381
-0.606113
-0.848595
0.383533
1.19886
1.74796
2.2394
2.16543
3.54468
3.27151
1.95475
2.16918
3.03586
2.55803
1.69104
2.53055
1.30793
1.72762
1.48485
2.61328
2.5285
2.02735
3.1677
2.60409
2.11131
2.86034
3.75471
3.96032
3.49885
2.60949
2.89301
2.04936
2.69472
3.1372
1.98422
1.73034
-0.0658139
-0.011103
0.839208
0.0332032
1.05076
2.13226
0.712661
1.52689
1.03902
0.589687
2.66671
2.52178
0.255245
1.73896
0.537235
1.59118
1.18024
1.88458
1.81196
3.85878
3.16379
2.65824
1.57477
1.67962
1.67441
