1.67904
0.156871
-0.310471
-0.222588
1.17298
0.986356
1.79349
1.92856
-0.606234
-1.66273
-2.67071
-0.308749
-0.373415
-1.66598
-0.0923482
-0.305649
-0.56127
0.0151044
2.00263
0.827829
0.762319
-0.0167469
2.21259
1.02542
2.10922
0.242577
-0.710467
1.70955
0.700808
1.19838
-0.0564931
-0.00531236
-0.302762
0.213405
-0.167679
-0.188679
0.142129
-1.71303
-0.0303296
1.10145
-0.347048
0.76019
-0.322842
0.747598
-0.0701373
-1.61508
-1.16117
1.40562
0.619923
-0.252393
-0.565391
-2.46784
-0.577615
-2.68565
-1.50832
-0.300333
-0.512505
-0.960468
-1.24892
-0.366173
-0.820507
-0.72267
-3.40632
-1.59067
-2.91455
0.190831
0.372195
-1.55721
1.77112
0.531085
1.56456
1.79808
1.82051
1.87948
1.41536
2.62973
1.71813
0.249949
0.829375
1.66981
0.844848
0.0299096
1.16974
-0.296516
0.508995
0.20786
1.42216
0.939101
0.348236
1.61934
0.646389
0.231828
1.15451
1.80731
1.60267
0.915173
0.0859552
0.681161
-0.19242
0.766019
1.06021
-0.287651
-0.174631
-1.77812
-0.973449
0.110203
-0.878967
0.432086
1.23863
-0.639272
0.564267
-0.136049
-0.453116
1.82596
0.971918
-1.44394
0.801836
-0.747936
0.685725
-0.0105112
0.782617
0.464832
2.46558
0.972782
0.467561
-0.489746
0.0279509
0.100291
