1.67904
-0.472769
-0.56606
-0.231124
1.21293
0.535037
1.26938
1.04954
-1.66609
-1.86523
-2.24246
0.735809
0.0396749
-1.35074
0.673068
0.00777484
-0.275127
0.37494
2.164
0.1856
0.297785
-0.463758
2.04454
0.096577
1.39882
-0.857394
-1.24299
1.67452
-0.0670837
0.620783
-0.794396
-0.324163
-0.523768
0.156483
-0.350567
-0.247757
0.1317
-1.82076
0.53738
1.24857
-0.706416
0.780995
-0.633447
0.750902
-0.389384
-1.71522
-0.630935
1.97003
0.280416
-0.553266
-0.57549
-2.28791
0.385542
-2.16928
-0.27632
0.715245
0.0391251
-0.458894
-0.615292
0.407113
-0.328833
-0.135212
-2.83804
-0.019673
-1.71095
1.84855
1.01779
-1.25301
2.64456
0.290992
1.46052
1.27655
1.05497
0.982082
0.409949
1.72782
0.361448
-0.921036
0.222025
1.0079
-0.12132
-0.716286
0.777794
-1.00044
0.282882
-0.181883
1.12355
0.215752
-0.317849
1.16725
-0.22341
-0.393639
0.734715
1.11009
0.588917
-0.133955
-0.745362
0.210978
-0.768717
0.509619
0.548248
-0.964263
-0.402469
-1.92085
-0.462124
0.542722
-0.819959
0.770218
1.16269
-1.12789
0.632572
-0.381246
-0.51148
1.93174
0.28193
-2.04721
1.08256
-1.05023
0.834683
-0.275993
0.674285
0.0910691
2.13233
-0.115251
-0.301981
-1.02803
-0.0859034
-0.0660599
