1.67904
0.366751
-0.172804
-0.166742
1.19647
1.16187
2.02716
2.30648
-0.120311
-1.41536
-2.67091
-0.582672
-0.528377
-1.79499
-0.375895
-0.483503
-0.722711
-0.169773
1.87578
0.97863
0.924699
0.167063
2.32318
1.38248
2.45632
0.740889
-0.349902
1.89302
1.08734
1.56092
0.366721
0.299329
-0.050261
0.394732
0.0327345
-0.0332271
0.267274
-1.5688
-0.112585
1.10065
-0.180372
0.836447
-0.14857
0.838455
0.114172
-1.48423
-1.24748
1.25236
0.731597
-0.104485
-0.492874
-2.4688
-0.859825
-2.89645
-1.96885
-0.761966
-0.850136
-1.26971
-1.59811
-0.77403
-1.15589
-1.08242
-3.76692
-2.29025
-3.58033
-0.651361
-0.194071
-1.96918
1.21325
0.321033
1.38881
1.79603
1.95996
2.12389
1.75035
2.98035
2.25074
0.785831
1.20898
2.04967
1.32835
0.470906
1.49647
0.112194
0.774942
0.499644
1.68258
1.33269
0.753518
1.96714
1.12674
0.664275
1.51961
2.25222
2.17094
1.53318
0.65951
1.1377
0.276329
1.12632
1.47854
0.191281
0.170695
-1.48863
-0.924052
0.116951
-0.784727
0.435887
1.35284
-0.372782
0.684213
0.0642207
-0.301756
1.9138
1.30632
-1.08412
0.890697
-0.520905
0.78024
0.19273
0.950558
0.716304
2.72293
1.48967
0.947264
-0.0707934
0.302051
0.358878
