  0  0  0
  0  0.025  0
  0  0.05  0
  0  0.075  0
  0  0.1  0
  0  0.125  0
  0  0.15  0
  0  0.175  0
  0  0.2  0
  0  0.225  0
  0  0.25  0
  0  0.275  0.005625
  0  0.3  0.01
  0  0.325  0.013125
  0  0.35  0.015
  0  0.375  0.015625
  0  0.4  0.015
  0  0.425  0.013125
  0  0.45  0.01
  0  0.475  0.005625
  0  0.5  0
  0  0.525  0
  0  0.55  0
  0  0.575  0
  0  0.6  0
  0  0.625  0
  0  0.65  0
  0  0.675  0
  0  0.7  0
  0  0.725  0
  0  0.75  0
  0  0.775  0
  0  0.8  0
  0  0.825  0
  0  0.85  0
  0  0.875  0
  0  0.9  0
  0  0.925  0
  0  0.95  0
  0  0.975  0
  0  1  0

  0.1  0  0
  0.1  0.025  0
  0.1  0.05  0
  0.1  0.075  0
  0.1  0.1  0
  0.1  0.125  0
  0.1  0.15  0
  0.1  0.175  0
  0.1  0.2  0
  0.1  0.225  0
  0.1  0.25  0.0028125
  0.1  0.275  0.005
  0.1  0.3  0.009375
  0.1  0.325  0.0125
  0.1  0.35  0.014375
  0.1  0.375  0.015
  0.1  0.4  0.014375
  0.1  0.425  0.0125
  0.1  0.45  0.009375
  0.1  0.475  0.005
  0.1  0.5  0.0028125
  0.1  0.525  0
  0.1  0.55  0
  0.1  0.575  0
  0.1  0.6  0
  0.1  0.625  0
  0.1  0.65  0
  0.1  0.675  0
  0.1  0.7  0
  0.1  0.725  0
  0.1  0.75  0
  0.1  0.775  0
  0.1  0.8  0
  0.1  0.825  0
  0.1  0.85  0
  0.1  0.875  0
  0.1  0.9  0
  0.1  0.925  0
  0.1  0.95  0
  0.1  0.975  0
  0.1  1  0

  0.2  0  0
  0.2  0.025  0
  0.2  0.05  0
  0.2  0.075  0
  0.2  0.1  0
  0.2  0.125  0
  0.2  0.15  0
  0.2  0.175  0
  0.2  0.2  0
  0.2  0.225  0.0028125
  0.2  0.25  0.005
  0.2  0.275  0.0065625
  0.2  0.3  0.0075
  0.2  0.325  0.010625
  0.2  0.35  0.0125
  0.2  0.375  0.013125
  0.2  0.4  0.0125
  0.2  0.425  0.010625
  0.2  0.45  0.0075
  0.2  0.475  0.0065625
  0.2  0.5  0.005
  0.2  0.525  0.0028125
  0.2  0.55  0
  0.2  0.575  0
  0.2  0.6  0
  0.2  0.625  0
  0.2  0.65  0
  0.2  0.675  0
  0.2  0.7  0
  0.2  0.725  0
  0.2  0.75  0
  0.2  0.775  0
  0.2  0.8  0
  0.2  0.825  0
  0.2  0.85  0
  0.2  0.875  0
  0.2  0.9  0
  0.2  0.925  0
  0.2  0.95  0
  0.2  0.975  0
  0.2  1  0

  0.3  0  0
  0.3  0.025  0
  0.3  0.05  0
  0.3  0.075  0
  0.3  0.1  0
  0.3  0.125  0
  0.3  0.15  0
  0.3  0.175  0
  0.3  0.2  0.0028125
  0.3  0.225  0.005
  0.3  0.25  0.0065625
  0.3  0.275  0.0075
  0.3  0.3  0.0078125
  0.3  0.325  0.0075
  0.3  0.35  0.009375
  0.3  0.375  0.01
  0.3  0.4  0.009375
  0.3  0.425  0.0075
  0.3  0.45  0.0078125
  0.3  0.475  0.0075
  0.3  0.5  0.0065625
  0.3  0.525  0.005
  0.3  0.55  0.0028125
  0.3  0.575  0
  0.3  0.6  0
  0.3  0.625  0
  0.3  0.65  0
  0.3  0.675  0
  0.3  0.7  0
  0.3  0.725  0
  0.3  0.75  0
  0.3  0.775  0
  0.3  0.8  0
  0.3  0.825  0
  0.3  0.85  0
  0.3  0.875  0
  0.3  0.9  0
  0.3  0.925  0
  0.3  0.95  0
  0.3  0.975  0
  0.3  1  0

  0.4  0  0
  0.4  0.025  0
  0.4  0.05  0
  0.4  0.075  0
  0.4  0.1  0
  0.4  0.125  0
  0.4  0.15  0
  0.4  0.175  0.0028125
  0.4  0.2  0.005
  0.4  0.225  0.0065625
  0.4  0.25  0.0075
  0.4  0.275  0.0078125
  0.4  0.3  0.0075
  0.4  0.325  0.0065625
  0.4  0.35  0.005
  0.4  0.375  0.005625
  0.4  0.4  0.005
  0.4  0.425  0.0065625
  0.4  0.45  0.0075
  0.4  0.475  0.0078125
  0.4  0.5  0.0075
  0.4  0.525  0.0065625
  0.4  0.55  0.005
  0.4  0.575  0.0028125
  0.4  0.6  0
  0.4  0.625  0
  0.4  0.65  0
  0.4  0.675  0
  0.4  0.7  0
  0.4  0.725  0
  0.4  0.75  0
  0.4  0.775  0
  0.4  0.8  0
  0.4  0.825  0
  0.4  0.85  0
  0.4  0.875  0
  0.4  0.9  0
  0.4  0.925  0
  0.4  0.95  0
  0.4  0.975  0
  0.4  1  0

  0.5  0  0
  0.5  0.025  0
  0.5  0.05  0
  0.5  0.075  0
  0.5  0.1  0
  0.5  0.125  0
  0.5  0.15  0.0028125
  0.5  0.175  0.005
  0.5  0.2  0.0065625
  0.5  0.225  0.0075
  0.5  0.25  0.0078125
  0.5  0.275  0.0075
  0.5  0.3  0.0065625
  0.5  0.325  0.005
  0.5  0.35  0.0028125
  0.5  0.375  1.73472e-18
  0.5  0.4  0.0028125
  0.5  0.425  0.005
  0.5  0.45  0.0065625
  0.5  0.475  0.0075
  0.5  0.5  0.0078125
  0.5  0.525  0.0075
  0.5  0.55  0.0065625
  0.5  0.575  0.005
  0.5  0.6  0.0028125
  0.5  0.625  0
  0.5  0.65  0
  0.5  0.675  0
  0.5  0.7  0
  0.5  0.725  0
  0.5  0.75  0
  0.5  0.775  0
  0.5  0.8  0
  0.5  0.825  0
  0.5  0.85  0
  0.5  0.875  0
  0.5  0.9  0
  0.5  0.925  0
  0.5  0.95  0
  0.5  0.975  0
  0.5  1  0

  0.6  0  0
  0.6  0.025  0
  0.6  0.05  0
  0.6  0.075  0
  0.6  0.1  0
  0.6  0.125  0.0028125
  0.6  0.15  0.005
  0.6  0.175  0.0065625
  0.6  0.2  0.0075
  0.6  0.225  0.0078125
  0.6  0.25  0.0075
  0.6  0.275  0.0065625
  0.6  0.3  0.005
  0.6  0.325  0.0028125
  0.6  0.35  0
  0.6  0.375  0
  0.6  0.4  1.73472e-18
  0.6  0.425  0.0028125
  0.6  0.45  0.005
  0.6  0.475  0.0065625
  0.6  0.5  0.0075
  0.6  0.525  0.0078125
  0.6  0.55  0.0075
  0.6  0.575  0.0065625
  0.6  0.6  0.005
  0.6  0.625  0.0028125
  0.6  0.65  0
  0.6  0.675  0
  0.6  0.7  0
  0.6  0.725  0
  0.6  0.75  0
  0.6  0.775  0
  0.6  0.8  0
  0.6  0.825  0
  0.6  0.85  0
  0.6  0.875  0
  0.6  0.9  0
  0.6  0.925  0
  0.6  0.95  0
  0.6  0.975  0
  0.6  1  0

  0.7  0  0
  0.7  0.025  0
  0.7  0.05  0
  0.7  0.075  0
  0.7  0.1  0.0028125
  0.7  0.125  0.005
  0.7  0.15  0.0065625
  0.7  0.175  0.0075
  0.7  0.2  0.0078125
  0.7  0.225  0.0075
  0.7  0.25  0.0065625
  0.7  0.275  0.005
  0.7  0.3  0.0028125
  0.7  0.325  1.73472e-18
  0.7  0.35  -1.73472e-18
  0.7  0.375  0
  0.7  0.4  -1.73472e-18
  0.7  0.425  1.73472e-18
  0.7  0.45  0.0028125
  0.7  0.475  0.005
  0.7  0.5  0.0065625
  0.7  0.525  0.0075
  0.7  0.55  0.0078125
  0.7  0.575  0.0075
  0.7  0.6  0.0065625
  0.7  0.625  0.005
  0.7  0.65  0.0028125
  0.7  0.675  0
  0.7  0.7  0
  0.7  0.725  0
  0.7  0.75  0
  0.7  0.775  0
  0.7  0.8  0
  0.7  0.825  0
  0.7  0.85  0
  0.7  0.875  0
  0.7  0.9  0
  0.7  0.925  0
  0.7  0.95  0
  0.7  0.975  0
  0.7  1  0

  0.8  0  0
  0.8  0.025  0
  0.8  0.05  0
  0.8  0.075  0.0028125
  0.8  0.1  0.005
  0.8  0.125  0.0065625
  0.8  0.15  0.0075
  0.8  0.175  0.0078125
  0.8  0.2  0.0075
  0.8  0.225  0.0065625
  0.8  0.25  0.005
  0.8  0.275  0.0028125
  0.8  0.3  8.67362e-19
  0.8  0.325  -1.73472e-18
  0.8  0.35  1.73472e-18
  0.8  0.375  -3.46945e-18
  0.8  0.4  0
  0.8  0.425  -1.73472e-18
  0.8  0.45  1.73472e-18
  0.8  0.475  0.0028125
  0.8  0.5  0.005
  0.8  0.525  0.0065625
  0.8  0.55  0.0075
  0.8  0.575  0.0078125
  0.8  0.6  0.0075
  0.8  0.625  0.0065625
  0.8  0.65  0.005
  0.8  0.675  0.0028125
  0.8  0.7  0
  0.8  0.725  0
  0.8  0.75  0
  0.8  0.775  0
  0.8  0.8  0
  0.8  0.825  0
  0.8  0.85  0
  0.8  0.875  0
  0.8  0.9  0
  0.8  0.925  0
  0.8  0.95  0
  0.8  0.975  0
  0.8  1  0

  0.9  0  0
  0.9  0.025  0
  0.9  0.05  0.0028125
  0.9  0.075  0.005
  0.9  0.1  0.0065625
  0.9  0.125  0.0075
  0.9  0.15  0.0078125
  0.9  0.175  0.0075
  0.9  0.2  0.0065625
  0.9  0.225  0.005
  0.9  0.25  0.0028125
  0.9  0.275  8.67362e-19
  0.9  0.3  -1.73472e-18
  0.9  0.325  8.67362e-19
  0.9  0.35  -3.46945e-18
  0.9  0.375  1.73472e-18
  0.9  0.4  -3.46945e-18
  0.9  0.425  0
  0.9  0.45  -2.60209e-18
  0.9  0.475  1.73472e-18
  0.9  0.5  0.0028125
  0.9  0.525  0.005
  0.9  0.55  0.0065625
  0.9  0.575  0.0075
  0.9  0.6  0.0078125
  0.9  0.625  0.0075
  0.9  0.65  0.0065625
  0.9  0.675  0.005
  0.9  0.7  0.0028125
  0.9  0.725  0
  0.9  0.75  0
  0.9  0.775  0
  0.9  0.8  0
  0.9  0.825  0
  0.9  0.85  0
  0.9  0.875  0
  0.9  0.9  0
  0.9  0.925  0
  0.9  0.95  0
  0.9  0.975  0
  0.9  1  0

  1  0  0
  1  0.025  0.0028125
  1  0.05  0.005
  1  0.075  0.0065625
  1  0.1  0.0075
  1  0.125  0.0078125
  1  0.15  0.0075
  1  0.175  0.0065625
  1  0.2  0.005
  1  0.225  0.0028125
  1  0.25  8.67362e-19
  1  0.275  -1.73472e-18
  1  0.3  8.67362e-19
  1  0.325  -3.46945e-18
  1  0.35  8.67362e-19
  1  0.375  -3.46945e-18
  1  0.4  1.73472e-18
  1  0.425  -4.33681e-18
  1  0.45  0
  1  0.475  -3.46945e-18
  1  0.5  1.73472e-18
  1  0.525  0.0028125
  1  0.55  0.005
  1  0.575  0.0065625
  1  0.6  0.0075
  1  0.625  0.0078125
  1  0.65  0.0075
  1  0.675  0.0065625
  1  0.7  0.005
  1  0.725  0.0028125
  1  0.75  0
  1  0.775  0
  1  0.8  0
  1  0.825  0
  1  0.85  0
  1  0.875  0
  1  0.9  0
  1  0.925  0
  1  0.95  0
  1  0.975  0
  1  1  0

  1.1  0  0
  1.1  0.025  0.005
  1.1  0.05  0.0065625
  1.1  0.075  0.0075
  1.1  0.1  0.0078125
  1.1  0.125  0.0075
  1.1  0.15  0.0065625
  1.1  0.175  0.005
  1.1  0.2  0.0028125
  1.1  0.225  8.67362e-19
  1.1  0.25  -1.73472e-18
  1.1  0.275  8.67362e-19
  1.1  0.3  -3.46945e-18
  1.1  0.325  8.67362e-19
  1.1  0.35  -3.46945e-18
  1.1  0.375  8.67362e-19
  1.1  0.4  -4.33681e-18
  1.1  0.425  1.73472e-18
  1.1  0.45  -5.20417e-18
  1.1  0.475  0
  1.1  0.5  -3.46945e-18
  1.1  0.525  1.73472e-18
  1.1  0.55  0.0028125
  1.1  0.575  0.005
  1.1  0.6  0.0065625
  1.1  0.625  0.0075
  1.1  0.65  0.0078125
  1.1  0.675  0.0075
  1.1  0.7  0.0065625
  1.1  0.725  0.005
  1.1  0.75  0.0028125
  1.1  0.775  0
  1.1  0.8  0
  1.1  0.825  0
  1.1  0.85  0
  1.1  0.875  0
  1.1  0.9  0
  1.1  0.925  0
  1.1  0.95  0
  1.1  0.975  0
  1.1  1  0

  1.2  0  0
  1.2  0.025  0.00375
  1.2  0.05  0.0075
  1.2  0.075  0.0078125
  1.2  0.1  0.0075
  1.2  0.125  0.0065625
  1.2  0.15  0.005
  1.2  0.175  0.0028125
  1.2  0.2  8.67362e-19
  1.2  0.225  -1.73472e-18
  1.2  0.25  8.67362e-19
  1.2  0.275  -3.46945e-18
  1.2  0.3  8.67362e-19
  1.2  0.325  -3.46945e-18
  1.2  0.35  8.67362e-19
  1.2  0.375  -4.33681e-18
  1.2  0.4  8.67362e-19
  1.2  0.425  -5.20417e-18
  1.2  0.45  1.73472e-18
  1.2  0.475  -5.20417e-18
  1.2  0.5  0
  1.2  0.525  -3.46945e-18
  1.2  0.55  1.73472e-18
  1.2  0.575  0.0028125
  1.2  0.6  0.005
  1.2  0.625  0.0065625
  1.2  0.65  0.0075
  1.2  0.675  0.0078125
  1.2  0.7  0.0075
  1.2  0.725  0.0065625
  1.2  0.75  0.005
  1.2  0.775  0.0028125
  1.2  0.8  0
  1.2  0.825  0
  1.2  0.85  0
  1.2  0.875  0
  1.2  0.9  0
  1.2  0.925  0
  1.2  0.95  0
  1.2  0.975  0
  1.2  1  0

  1.3  0  0
  1.3  0.025  0.0025
  1.3  0.05  0.005
  1.3  0.075  0.0075
  1.3  0.1  0.0065625
  1.3  0.125  0.005
  1.3  0.15  0.0028125
  1.3  0.175  8.67362e-19
  1.3  0.2  -1.73472e-18
  1.3  0.225  8.67362e-19
  1.3  0.25  -3.46945e-18
  1.3  0.275  8.67362e-19
  1.3  0.3  -3.46945e-18
  1.3  0.325  8.67362e-19
  1.3  0.35  -4.33681e-18
  1.3  0.375  8.67362e-19
  1.3  0.4  -5.20417e-18
  1.3  0.425  8.67362e-19
  1.3  0.45  -5.20417e-18
  1.3  0.475  1.73472e-18
  1.3  0.5  -5.20417e-18
  1.3  0.525  0
  1.3  0.55  -3.46945e-18
  1.3  0.575  1.73472e-18
  1.3  0.6  0.0028125
  1.3  0.625  0.005
  1.3  0.65  0.0065625
  1.3  0.675  0.0075
  1.3  0.7  0.0078125
  1.3  0.725  0.0075
  1.3  0.75  0.0065625
  1.3  0.775  0.005
  1.3  0.8  0.0028125
  1.3  0.825  0
  1.3  0.85  0
  1.3  0.875  0
  1.3  0.9  0
  1.3  0.925  0
  1.3  0.95  0
  1.3  0.975  0
  1.3  1  0

  1.4  0  0
  1.4  0.025  0.00125
  1.4  0.05  0.0025
  1.4  0.075  0.00375
  1.4  0.1  0.005
  1.4  0.125  0.0028125
  1.4  0.15  8.67362e-19
  1.4  0.175  -1.73472e-18
  1.4  0.2  8.67362e-19
  1.4  0.225  -3.46945e-18
  1.4  0.25  8.67362e-19
  1.4  0.275  -3.46945e-18
  1.4  0.3  8.67362e-19
  1.4  0.325  -4.33681e-18
  1.4  0.35  8.67362e-19
  1.4  0.375  -5.20417e-18
  1.4  0.4  8.67362e-19
  1.4  0.425  -5.20417e-18
  1.4  0.45  8.67362e-19
  1.4  0.475  -5.20417e-18
  1.4  0.5  1.73472e-18
  1.4  0.525  -5.20417e-18
  1.4  0.55  0
  1.4  0.575  -3.46945e-18
  1.4  0.6  1.73472e-18
  1.4  0.625  0.0028125
  1.4  0.65  0.005
  1.4  0.675  0.0065625
  1.4  0.7  0.0075
  1.4  0.725  0.0078125
  1.4  0.75  0.0075
  1.4  0.775  0.0065625
  1.4  0.8  0.005
  1.4  0.825  0.0028125
  1.4  0.85  0
  1.4  0.875  0
  1.4  0.9  0
  1.4  0.925  0
  1.4  0.95  0
  1.4  0.975  0
  1.4  1  0

  1.5  0  0
  1.5  0.025  -2.60209e-18
  1.5  0.05  -3.46945e-18
  1.5  0.075  -6.07153e-18
  1.5  0.1  -6.93889e-18
  1.5  0.125  8.67362e-19
  1.5  0.15  -1.73472e-18
  1.5  0.175  8.67362e-19
  1.5  0.2  -3.46945e-18
  1.5  0.225  8.67362e-19
  1.5  0.25  -3.46945e-18
  1.5  0.275  8.67362e-19
  1.5  0.3  -4.33681e-18
  1.5  0.325  8.67362e-19
  1.5  0.35  -5.20417e-18
  1.5  0.375  8.67362e-19
  1.5  0.4  -5.20417e-18
  1.5  0.425  8.67362e-19
  1.5  0.45  -5.20417e-18
  1.5  0.475  8.67362e-19
  1.5  0.5  -5.20417e-18
  1.5  0.525  1.73472e-18
  1.5  0.55  -5.20417e-18
  1.5  0.575  0
  1.5  0.6  -3.46945e-18
  1.5  0.625  1.73472e-18
  1.5  0.65  0.0028125
  1.5  0.675  0.005
  1.5  0.7  0.0065625
  1.5  0.725  0.0075
  1.5  0.75  0.0078125
  1.5  0.775  0.0075
  1.5  0.8  0.0065625
  1.5  0.825  0.005
  1.5  0.85  0.0028125
  1.5  0.875  0
  1.5  0.9  0
  1.5  0.925  0
  1.5  0.95  0
  1.5  0.975  0
  1.5  1  0

  1.6  0  0
  1.6  0.025  -0.00125
  1.6  0.05  -0.0025
  1.6  0.075  -0.00375
  1.6  0.1  -0.005
  1.6  0.125  -0.0028125
  1.6  0.15  8.67362e-19
  1.6  0.175  -3.46945e-18
  1.6  0.2  8.67362e-19
  1.6  0.225  -3.46945e-18
  1.6  0.25  8.67362e-19
  1.6  0.275  -4.33681e-18
  1.6  0.3  8.67362e-19
  1.6  0.325  -5.20417e-18
  1.6  0.35  8.67362e-19
  1.6  0.375  -5.20417e-18
  1.6  0.4  8.67362e-19
  1.6  0.425  -5.20417e-18
  1.6  0.45  8.67362e-19
  1.6  0.475  -5.20417e-18
  1.6  0.5  8.67362e-19
  1.6  0.525  -5.20417e-18
  1.6  0.55  1.73472e-18
  1.6  0.575  -5.20417e-18
  1.6  0.6  0
  1.6  0.625  -3.46945e-18
  1.6  0.65  1.73472e-18
  1.6  0.675  0.0028125
  1.6  0.7  0.005
  1.6  0.725  0.0065625
  1.6  0.75  0.0075
  1.6  0.775  0.0078125
  1.6  0.8  0.0075
  1.6  0.825  0.0065625
  1.6  0.85  0.005
  1.6  0.875  0.0028125
  1.6  0.9  0
  1.6  0.925  0
  1.6  0.95  0
  1.6  0.975  0
  1.6  1  0

  1.7  0  0
  1.7  0.025  -0.0025
  1.7  0.05  -0.005
  1.7  0.075  -0.0075
  1.7  0.1  -0.0065625
  1.7  0.125  -0.005
  1.7  0.15  -0.0028125
  1.7  0.175  8.67362e-19
  1.7  0.2  -3.46945e-18
  1.7  0.225  8.67362e-19
  1.7  0.25  -4.33681e-18
  1.7  0.275  8.67362e-19
  1.7  0.3  -5.20417e-18
  1.7  0.325  8.67362e-19
  1.7  0.35  -5.20417e-18
  1.7  0.375  8.67362e-19
  1.7  0.4  -5.20417e-18
  1.7  0.425  8.67362e-19
  1.7  0.45  -5.20417e-18
  1.7  0.475  8.67362e-19
  1.7  0.5  -5.20417e-18
  1.7  0.525  8.67362e-19
  1.7  0.55  -5.20417e-18
  1.7  0.575  1.73472e-18
  1.7  0.6  -5.20417e-18
  1.7  0.625  0
  1.7  0.65  -3.46945e-18
  1.7  0.675  1.73472e-18
  1.7  0.7  0.0028125
  1.7  0.725  0.005
  1.7  0.75  0.0065625
  1.7  0.775  0.0075
  1.7  0.8  0.0078125
  1.7  0.825  0.0075
  1.7  0.85  0.0065625
  1.7  0.875  0.005
  1.7  0.9  0.0028125
  1.7  0.925  0
  1.7  0.95  0
  1.7  0.975  0
  1.7  1  0

  1.8  0  0
  1.8  0.025  -0.00375
  1.8  0.05  -0.0075
  1.8  0.075  -0.0078125
  1.8  0.1  -0.0075
  1.8  0.125  -0.0065625
  1.8  0.15  -0.005
  1.8  0.175  -0.0028125
  1.8  0.2  8.67362e-19
  1.8  0.225  -4.33681e-18
  1.8  0.25  8.67362e-19
  1.8  0.275  -5.20417e-18
  1.8  0.3  8.67362e-19
  1.8  0.325  -5.20417e-18
  1.8  0.35  8.67362e-19
  1.8  0.375  -5.20417e-18
  1.8  0.4  8.67362e-19
  1.8  0.425  -5.20417e-18
  1.8  0.45  8.67362e-19
  1.8  0.475  -5.20417e-18
  1.8  0.5  8.67362e-19
  1.8  0.525  -5.20417e-18
  1.8  0.55  8.67362e-19
  1.8  0.575  -5.20417e-18
  1.8  0.6  1.73472e-18
  1.8  0.625  -5.20417e-18
  1.8  0.65  0
  1.8  0.675  -3.46945e-18
  1.8  0.7  1.73472e-18
  1.8  0.725  0.0028125
  1.8  0.75  0.005
  1.8  0.775  0.0065625
  1.8  0.8  0.0075
  1.8  0.825  0.0078125
  1.8  0.85  0.0075
  1.8  0.875  0.0065625
  1.8  0.9  0.005
  1.8  0.925  0.0028125
  1.8  0.95  0
  1.8  0.975  0
  1.8  1  0

  1.9  0  0
  1.9  0.025  -0.005
  1.9  0.05  -0.0065625
  1.9  0.075  -0.0075
  1.9  0.1  -0.0078125
  1.9  0.125  -0.0075
  1.9  0.15  -0.0065625
  1.9  0.175  -0.005
  1.9  0.2  -0.0028125
  1.9  0.225  8.67362e-19
  1.9  0.25  -5.20417e-18
  1.9  0.275  8.67362e-19
  1.9  0.3  -5.20417e-18
  1.9  0.325  8.67362e-19
  1.9  0.35  -5.20417e-18
  1.9  0.375  8.67362e-19
  1.9  0.4  -5.20417e-18
  1.9  0.425  8.67362e-19
  1.9  0.45  -5.20417e-18
  1.9  0.475  8.67362e-19
  1.9  0.5  -5.20417e-18
  1.9  0.525  8.67362e-19
  1.9  0.55  -5.20417e-18
  1.9  0.575  8.67362e-19
  1.9  0.6  -5.20417e-18
  1.9  0.625  1.73472e-18
  1.9  0.65  -5.20417e-18
  1.9  0.675  0
  1.9  0.7  -3.46945e-18
  1.9  0.725  1.73472e-18
  1.9  0.75  0.0028125
  1.9  0.775  0.005
  1.9  0.8  0.0065625
  1.9  0.825  0.0075
  1.9  0.85  0.0078125
  1.9  0.875  0.0075
  1.9  0.9  0.0065625
  1.9  0.925  0.005
  1.9  0.95  0.0028125
  1.9  0.975  0
  1.9  1  0

  2  0  0
  2  0.025  -0.0028125
  2  0.05  -0.005
  2  0.075  -0.0065625
  2  0.1  -0.0075
  2  0.125  -0.0078125
  2  0.15  -0.0075
  2  0.175  -0.0065625
  2  0.2  -0.005
  2  0.225  -0.0028125
  2  0.25  8.67362e-19
  2  0.275  -5.20417e-18
  2  0.3  8.67362e-19
  2  0.325  -5.20417e-18
  2  0.35  8.67362e-19
  2  0.375  -5.20417e-18
  2  0.4  8.67362e-19
  2  0.425  -5.20417e-18
  2  0.45  8.67362e-19
  2  0.475  -5.20417e-18
  2  0.5  8.67362e-19
  2  0.525  -5.20417e-18
  2  0.55  8.67362e-19
  2  0.575  -5.20417e-18
  2  0.6  8.67362e-19
  2  0.625  -5.20417e-18
  2  0.65  1.73472e-18
  2  0.675  -5.20417e-18
  2  0.7  0
  2  0.725  -3.46945e-18
  2  0.75  1.73472e-18
  2  0.775  0.0028125
  2  0.8  0.005
  2  0.825  0.0065625
  2  0.85  0.0075
  2  0.875  0.0078125
  2  0.9  0.0075
  2  0.925  0.0065625
  2  0.95  0.005
  2  0.975  0.0028125
  2  1  0

  2.1  0  0
  2.1  0.025  0
  2.1  0.05  -0.0028125
  2.1  0.075  -0.005
  2.1  0.1  -0.0065625
  2.1  0.125  -0.0075
  2.1  0.15  -0.0078125
  2.1  0.175  -0.0075
  2.1  0.2  -0.0065625
  2.1  0.225  -0.005
  2.1  0.25  -0.0028125
  2.1  0.275  8.67362e-19
  2.1  0.3  -5.20417e-18
  2.1  0.325  8.67362e-19
  2.1  0.35  -5.20417e-18
  2.1  0.375  8.67362e-19
  2.1  0.4  -5.20417e-18
  2.1  0.425  8.67362e-19
  2.1  0.45  -5.20417e-18
  2.1  0.475  8.67362e-19
  2.1  0.5  -5.20417e-18
  2.1  0.525  8.67362e-19
  2.1  0.55  -5.20417e-18
  2.1  0.575  8.67362e-19
  2.1  0.6  -5.20417e-18
  2.1  0.625  8.67362e-19
  2.1  0.65  -5.20417e-18
  2.1  0.675  1.73472e-18
  2.1  0.7  -5.20417e-18
  2.1  0.725  0
  2.1  0.75  -3.46945e-18
  2.1  0.775  1.73472e-18
  2.1  0.8  0.0028125
  2.1  0.825  0.005
  2.1  0.85  0.0065625
  2.1  0.875  0.0075
  2.1  0.9  0.0078125
  2.1  0.925  0.0075
  2.1  0.95  0.0065625
  2.1  0.975  0.005
  2.1  1  0

  2.2  0  0
  2.2  0.025  -2.1684e-18
  2.2  0.05  0
  2.2  0.075  -0.0028125
  2.2  0.1  -0.005
  2.2  0.125  -0.0065625
  2.2  0.15  -0.0075
  2.2  0.175  -0.0078125
  2.2  0.2  -0.0075
  2.2  0.225  -0.0065625
  2.2  0.25  -0.005
  2.2  0.275  -0.0028125
  2.2  0.3  8.67362e-19
  2.2  0.325  -5.20417e-18
  2.2  0.35  8.67362e-19
  2.2  0.375  -5.20417e-18
  2.2  0.4  8.67362e-19
  2.2  0.425  -5.20417e-18
  2.2  0.45  8.67362e-19
  2.2  0.475  -5.20417e-18
  2.2  0.5  8.67362e-19
  2.2  0.525  -5.20417e-18
  2.2  0.55  8.67362e-19
  2.2  0.575  -5.20417e-18
  2.2  0.6  8.67362e-19
  2.2  0.625  -5.20417e-18
  2.2  0.65  8.67362e-19
  2.2  0.675  -5.20417e-18
  2.2  0.7  1.73472e-18
  2.2  0.725  -5.20417e-18
  2.2  0.75  0
  2.2  0.775  -3.46945e-18
  2.2  0.8  1.73472e-18
  2.2  0.825  0.0028125
  2.2  0.85  0.005
  2.2  0.875  0.0065625
  2.2  0.9  0.0075
  2.2  0.925  0.0078125
  2.2  0.95  0.0075
  2.2  0.975  0.00375
  2.2  1  0

  2.3  0  0
  2.3  0.025  0
  2.3  0.05  -2.1684e-18
  2.3  0.075  0
  2.3  0.1  -0.0028125
  2.3  0.125  -0.005
  2.3  0.15  -0.0065625
  2.3  0.175  -0.0075
  2.3  0.2  -0.0078125
  2.3  0.225  -0.0075
  2.3  0.25  -0.0065625
  2.3  0.275  -0.005
  2.3  0.3  -0.0028125
  2.3  0.325  8.67362e-19
  2.3  0.35  -5.20417e-18
  2.3  0.375  8.67362e-19
  2.3  0.4  -5.20417e-18
  2.3  0.425  8.67362e-19
  2.3  0.45  -5.20417e-18
  2.3  0.475  8.67362e-19
  2.3  0.5  -5.20417e-18
  2.3  0.525  8.67362e-19
  2.3  0.55  -5.20417e-18
  2.3  0.575  8.67362e-19
  2.3  0.6  -5.20417e-18
  2.3  0.625  8.67362e-19
  2.3  0.65  -5.20417e-18
  2.3  0.675  8.67362e-19
  2.3  0.7  -5.20417e-18
  2.3  0.725  1.73472e-18
  2.3  0.75  -5.20417e-18
  2.3  0.775  0
  2.3  0.8  -3.46945e-18
  2.3  0.825  1.73472e-18
  2.3  0.85  0.0028125
  2.3  0.875  0.005
  2.3  0.9  0.0065625
  2.3  0.925  0.0075
  2.3  0.95  0.005
  2.3  0.975  0.0025
  2.3  1  0

  2.4  0  0
  2.4  0.025  0
  2.4  0.05  0
  2.4  0.075  -3.90313e-18
  2.4  0.1  0
  2.4  0.125  -0.0028125
  2.4  0.15  -0.005
  2.4  0.175  -0.0065625
  2.4  0.2  -0.0075
  2.4  0.225  -0.0078125
  2.4  0.25  -0.0075
  2.4  0.275  -0.0065625
  2.4  0.3  -0.005
  2.4  0.325  -0.0028125
  2.4  0.35  8.67362e-19
  2.4  0.375  -5.20417e-18
  2.4  0.4  8.67362e-19
  2.4  0.425  -5.20417e-18
  2.4  0.45  8.67362e-19
  2.4  0.475  -5.20417e-18
  2.4  0.5  8.67362e-19
  2.4  0.525  -5.20417e-18
  2.4  0.55  8.67362e-19
  2.4  0.575  -5.20417e-18
  2.4  0.6  8.67362e-19
  2.4  0.625  -5.20417e-18
  2.4  0.65  8.67362e-19
  2.4  0.675  -5.20417e-18
  2.4  0.7  8.67362e-19
  2.4  0.725  -5.20417e-18
  2.4  0.75  1.73472e-18
  2.4  0.775  -5.20417e-18
  2.4  0.8  0
  2.4  0.825  -3.46945e-18
  2.4  0.85  1.73472e-18
  2.4  0.875  0.0028125
  2.4  0.9  0.005
  2.4  0.925  0.00375
  2.4  0.95  0.0025
  2.4  0.975  0.00125
  2.4  1  0

  2.5  0  0
  2.5  0.025  0
  2.5  0.05  -1.73472e-18
  2.5  0.075  0
  2.5  0.1  -5.63785e-18
  2.5  0.125  0
  2.5  0.15  -0.0028125
  2.5  0.175  -0.005
  2.5  0.2  -0.0065625
  2.5  0.225  -0.0075
  2.5  0.25  -0.0078125
  2.5  0.275  -0.0075
  2.5  0.3  -0.0065625
  2.5  0.325  -0.005
  2.5  0.35  -0.0028125
  2.5  0.375  8.67362e-19
  2.5  0.4  -5.20417e-18
  2.5  0.425  8.67362e-19
  2.5  0.45  -5.20417e-18
  2.5  0.475  8.67362e-19
  2.5  0.5  -5.20417e-18
  2.5  0.525  8.67362e-19
  2.5  0.55  -5.20417e-18
  2.5  0.575  8.67362e-19
  2.5  0.6  -5.20417e-18
  2.5  0.625  8.67362e-19
  2.5  0.65  -5.20417e-18
  2.5  0.675  8.67362e-19
  2.5  0.7  -5.20417e-18
  2.5  0.725  8.67362e-19
  2.5  0.75  -5.20417e-18
  2.5  0.775  1.73472e-18
  2.5  0.8  -5.20417e-18
  2.5  0.825  0
  2.5  0.85  -3.46945e-18
  2.5  0.875  1.73472e-18
  2.5  0.9  0
  2.5  0.925  5.20417e-18
  2.5  0.95  -3.46945e-18
  2.5  0.975  -1.73472e-18
  2.5  1  0

  2.6  0  0
  2.6  0.025  -1.73472e-18
  2.6  0.05  0
  2.6  0.075  -3.46945e-18
  2.6  0.1  0
  2.6  0.125  -5.63785e-18
  2.6  0.15  0
  2.6  0.175  -0.0028125
  2.6  0.2  -0.005
  2.6  0.225  -0.0065625
  2.6  0.25  -0.0075
  2.6  0.275  -0.0078125
  2.6  0.3  -0.0075
  2.6  0.325  -0.0065625
  2.6  0.35  -0.005
  2.6  0.375  -0.0028125
  2.6  0.4  8.67362e-19
  2.6  0.425  -5.20417e-18
  2.6  0.45  8.67362e-19
  2.6  0.475  -5.20417e-18
  2.6  0.5  8.67362e-19
  2.6  0.525  -5.20417e-18
  2.6  0.55  8.67362e-19
  2.6  0.575  -5.20417e-18
  2.6  0.6  8.67362e-19
  2.6  0.625  -5.20417e-18
  2.6  0.65  8.67362e-19
  2.6  0.675  -5.20417e-18
  2.6  0.7  8.67362e-19
  2.6  0.725  -5.20417e-18
  2.6  0.75  8.67362e-19
  2.6  0.775  -5.20417e-18
  2.6  0.8  1.73472e-18
  2.6  0.825  -5.20417e-18
  2.6  0.85  0
  2.6  0.875  -0.0028125
  2.6  0.9  -0.005
  2.6  0.925  -0.00375
  2.6  0.95  -0.0025
  2.6  0.975  -0.00125
  2.6  1  0

  2.7  0  0
  2.7  0.025  0
  2.7  0.05  -3.46945e-18
  2.7  0.075  0
  2.7  0.1  -3.46945e-18
  2.7  0.125  0
  2.7  0.15  -5.63785e-18
  2.7  0.175  0
  2.7  0.2  -0.0028125
  2.7  0.225  -0.005
  2.7  0.25  -0.0065625
  2.7  0.275  -0.0075
  2.7  0.3  -0.0078125
  2.7  0.325  -0.0075
  2.7  0.35  -0.0065625
  2.7  0.375  -0.005
  2.7  0.4  -0.0028125
  2.7  0.425  8.67362e-19
  2.7  0.45  -5.20417e-18
  2.7  0.475  8.67362e-19
  2.7  0.5  -5.20417e-18
  2.7  0.525  8.67362e-19
  2.7  0.55  -5.20417e-18
  2.7  0.575  8.67362e-19
  2.7  0.6  -5.20417e-18
  2.7  0.625  8.67362e-19
  2.7  0.65  -5.20417e-18
  2.7  0.675  8.67362e-19
  2.7  0.7  -5.20417e-18
  2.7  0.725  8.67362e-19
  2.7  0.75  -5.20417e-18
  2.7  0.775  8.67362e-19
  2.7  0.8  -5.20417e-18
  2.7  0.825  1.73472e-18
  2.7  0.85  -0.0028125
  2.7  0.875  -0.005
  2.7  0.9  -0.0065625
  2.7  0.925  -0.0075
  2.7  0.95  -0.005
  2.7  0.975  -0.0025
  2.7  1  0

  2.8  0  0
  2.8  0.025  -1.73472e-18
  2.8  0.05  0
  2.8  0.075  -3.46945e-18
  2.8  0.1  0
  2.8  0.125  -3.46945e-18
  2.8  0.15  0
  2.8  0.175  -5.63785e-18
  2.8  0.2  0
  2.8  0.225  -0.0028125
  2.8  0.25  -0.005
  2.8  0.275  -0.0065625
  2.8  0.3  -0.0075
  2.8  0.325  -0.0078125
  2.8  0.35  -0.0075
  2.8  0.375  -0.0065625
  2.8  0.4  -0.005
  2.8  0.425  -0.0028125
  2.8  0.45  8.67362e-19
  2.8  0.475  -5.20417e-18
  2.8  0.5  8.67362e-19
  2.8  0.525  -5.20417e-18
  2.8  0.55  8.67362e-19
  2.8  0.575  -5.20417e-18
  2.8  0.6  8.67362e-19
  2.8  0.625  -5.20417e-18
  2.8  0.65  8.67362e-19
  2.8  0.675  -5.20417e-18
  2.8  0.7  8.67362e-19
  2.8  0.725  -5.20417e-18
  2.8  0.75  8.67362e-19
  2.8  0.775  -5.20417e-18
  2.8  0.8  8.67362e-19
  2.8  0.825  -0.0028125
  2.8  0.85  -0.005
  2.8  0.875  -0.0065625
  2.8  0.9  -0.0075
  2.8  0.925  -0.0078125
  2.8  0.95  -0.0075
  2.8  0.975  -0.00375
  2.8  1  0

  2.9  0  0
  2.9  0.025  0
  2.9  0.05  -1.73472e-18
  2.9  0.075  0
  2.9  0.1  -3.46945e-18
  2.9  0.125  0
  2.9  0.15  -3.46945e-18
  2.9  0.175  0
  2.9  0.2  -5.63785e-18
  2.9  0.225  0
  2.9  0.25  -0.0028125
  2.9  0.275  -0.005
  2.9  0.3  -0.0065625
  2.9  0.325  -0.0075
  2.9  0.35  -0.0078125
  2.9  0.375  -0.0075
  2.9  0.4  -0.0065625
  2.9  0.425  -0.005
  2.9  0.45  -0.0028125
  2.9  0.475  8.67362e-19
  2.9  0.5  -5.20417e-18
  2.9  0.525  8.67362e-19
  2.9  0.55  -5.20417e-18
  2.9  0.575  8.67362e-19
  2.9  0.6  -5.20417e-18
  2.9  0.625  8.67362e-19
  2.9  0.65  -5.20417e-18
  2.9  0.675  8.67362e-19
  2.9  0.7  -5.20417e-18
  2.9  0.725  8.67362e-19
  2.9  0.75  -5.20417e-18
  2.9  0.775  8.67362e-19
  2.9  0.8  -0.0028125
  2.9  0.825  -0.005
  2.9  0.85  -0.0065625
  2.9  0.875  -0.0075
  2.9  0.9  -0.0078125
  2.9  0.925  -0.0075
  2.9  0.95  -0.0065625
  2.9  0.975  -0.005
  2.9  1  0

  3  0  0
  3  0.025  0
  3  0.05  0
  3  0.075  -1.73472e-18
  3  0.1  0
  3  0.125  -3.46945e-18
  3  0.15  0
  3  0.175  -3.46945e-18
  3  0.2  0
  3  0.225  -5.63785e-18
  3  0.25  0
  3  0.275  -0.0028125
  3  0.3  -0.005
  3  0.325  -0.0065625
  3  0.35  -0.0075
  3  0.375  -0.0078125
  3  0.4  -0.0075
  3  0.425  -0.0065625
  3  0.45  -0.005
  3  0.475  -0.0028125
  3  0.5  8.67362e-19
  3  0.525  -5.20417e-18
  3  0.55  8.67362e-19
  3  0.575  -5.20417e-18
  3  0.6  8.67362e-19
  3  0.625  -5.20417e-18
  3  0.65  8.67362e-19
  3  0.675  -5.20417e-18
  3  0.7  8.67362e-19
  3  0.725  -5.20417e-18
  3  0.75  8.67362e-19
  3  0.775  -0.0028125
  3  0.8  -0.005
  3  0.825  -0.0065625
  3  0.85  -0.0075
  3  0.875  -0.0078125
  3  0.9  -0.0075
  3  0.925  -0.0065625
  3  0.95  -0.005
  3  0.975  -0.0028125
  3  1  0

