4
5
6
7
8
24
25
26
27
28
4
20
24
60
5
21
25
60
6
22
26
60
7
23
27
60
8
28
60
4
5
6
7
8
0
4
56
1
5
56
2
6
56
3
7
56
8
56
0
4
9
10
57
1
5
9
11
57
2
6
9
12
57
3
7
9
13
57
8
9
14
57
0
1
2
3
9
14
55
10
11
12
13
14
15
16
17
18
19
10
15
58
11
16
58
12
17
58
13
18
58
14
19
58
15
35
39
63
16
36
40
63
17
37
41
63
18
38
42
63
19
43
63
15
16
17
18
19
24
25
26
27
28
15
24
59
16
25
59
17
26
59
18
27
59
19
28
59
24
25
26
27
28
30
31
32
33
34
20
24
29
30
61
21
25
29
31
61
22
26
29
32
61
23
27
29
33
61
28
29
34
61
20
21
22
23
29
30
45
49
65
31
46
50
65
32
47
51
65
33
48
52
65
34
53
65
30
31
32
33
34
39
40
41
42
43
30
39
62
31
40
62
32
41
62
33
42
62
34
43
62
39
40
41
42
43
49
50
51
52
53
35
39
44
49
64
36
40
44
50
64
37
41
44
51
64
38
42
44
52
64
43
44
53
64
35
36
37
38
44
45
49
54
66
46
50
54
66
47
51
54
66
48
52
54
66
53
54
66
45
46
47
48
54
