02 January 2014 04:58:47 PM

BALL_MONTE_CARLO_PRB
  C++ version
  Test the BALL_MONTE_CARLO library.

TEST01
  Estimate integrals over the interior of the unit ball
  using the Monte Carlo method.

         N        1              X^2             Y^2              Z^2             X^4           X^2Y^2           Z^4

         1         4.18879         1.95456        0.154962        0.222153        0.912032       0.0723078       0.0117819
         2         4.18879         0.30208         1.41866        0.647801       0.0431141        0.103688        0.139884
         4         4.18879        0.394127        0.422192         1.85585        0.067326       0.0688346         1.58415
         8         4.18879        0.869953         1.85205        0.541987        0.345824        0.273545       0.0856052
        16         4.18879        0.605462        0.628688         1.49649        0.278568       0.0311051        0.969962
        32         4.18879        0.702491        0.738047        0.729994        0.255183       0.0953813        0.311035
        64         4.18879        0.841256        0.921435        0.948113        0.375505        0.132859        0.436792
       128         4.18879        0.697263        0.835355        0.840336         0.25897        0.108464        0.385282
       256         4.18879        0.758845        0.982907         0.79947        0.282047        0.135516        0.321607
       512         4.18879        0.861309        0.848892        0.889467        0.383292        0.118559         0.39702
      1024         4.18879        0.824353        0.804706         0.83928        0.353982        0.116929        0.364192
      2048         4.18879        0.802597        0.827287        0.837435        0.339362        0.108983        0.350441
      4096         4.18879        0.814609        0.857322        0.823506        0.346262        0.121103        0.355719
      8192         4.18879        0.846142        0.832733        0.830106        0.365327        0.122692        0.357038
     16384         4.18879        0.825411        0.843814        0.839942        0.350532        0.120549         0.36232
     32768         4.18879        0.826305        0.845943        0.836875        0.350559          0.1201        0.359654
     65536         4.18879        0.838419        0.839585        0.835232        0.359812        0.120075        0.357826

     Exact         4.18879        0.837758        0.837758        0.837758        0.359039         0.11968        0.359039

BALL_MONTE_CARLO_PRB
  Normal end of execution.

02 January 2014 04:58:47 PM
