  0  0  0  0  0  0  0  0
  0.001  0.00495773  0.0222097  0.000715661  0.0188931  0.0188931  0.00969948  0.01
  0.002  0.00250952  0.0139016  0.0217832  0.0793852  0.0793852  0.0251328  0.02
  0.003  0.0133486  0.0148059  0.034914  0.1283  0.1283  0.0360303  0.03
  0.004  0.0294001  0.0083679  0.0346977  0.0911832  0.0911832  0.0540708  0.04
  0.005  0.041881  0.0140892  0.00759856  0.0825711  0.0825711  0.0594412  0.05
  0.006  0.0211723  0.00905771  0.00850474  0.162786  0.162786  0.0738424  0.06
  0.007  0.0103956  0.0290422  0.0365356  0.176415  0.176415  0.0841819  0.07
  0.008  0.0171297  0.0515752  0.0338976  0.241614  0.241614  0.0914992  0.08
  0.009  0.0286264  0.0101972  0.0622599  0.254735  0.254735  0.0990187  0.09
  0.01  0.0214706  0.0180217  0.0413853  0.268505  0.268505  0.103916  0.1
  0.011  0.00479433  0.0150901  0.051889  0.241925  0.241925  0.109184  0.11
  0.012  0.00302153  0.0147803  0.0562485  0.242794  0.242794  0.117374  0.12
  0.013  0.0013444  0.0158943  0.0514794  0.227454  0.227454  0.118908  0.13
  0.014  0.012675  0.00729531  0.0434576  0.239817  0.239817  0.126926  0.14
  0.015  0.0399314  4.2695e-05  0.0873376  0.145424  0.145424  0.126211  0.15
  0.016  0.0302308  0.00810564  0.0903124  0.172308  0.172308  0.134417  0.16
  0.017  0.0120193  0.00837937  0.162325  0.194143  0.194143  0.149806  0.17
  0.018  0.0120265  0.00282471  0.16302  0.190935  0.190935  0.152588  0.18
  0.019  0.0151626  0.00075548  0.163265  0.0763239  0.0763239  0.161273  0.19
  0.02  0.0352173  0.000759553  0.217953  0.0365345  0.0365345  0.165152  0.2
  0.021  0.00100164  0.00475116  0.271659  0.0795218  0.0795218  0.159939  0.21
  0.022  0.000528653  0.00450135  0.2887  0.139582  0.139582  0.170796  0.22
  0.023  0.0131902  0.0026068  0.300411  0.210406  0.210406  0.187621  0.23
  0.024  0.0423087  0.0033106  0.368536  0.218359  0.218359  0.198797  0.24
  0.025  0.0296077  0.0137149  0.376867  0.216803  0.216803  0.206949  0.25
  0.026  0.0764283  0.0148286  0.457946  0.217796  0.217796  0.233481  0.26
  0.027  0.0021277  0.0174116  0.411942  0.207581  0.207581  0.235497  0.27
  0.028  0.00147231  0.0340447  0.426446  0.226331  0.226331  0.236722  0.28
  0.029  0.0079728  0.0167139  0.431736  0.19911  0.19911  0.234331  0.29
  0.03  0.00803875  0.0191797  0.421127  0.260276  0.260276  0.239015  0.3
  0.031  0.0235211  0.0072915  0.390601  0.28601  0.28601  0.241405  0.31
  0.032  0.00433893  0.00265411  0.445476  0.342066  0.342066  0.273096  0.32
  0.033  0.00479527  0.00687709  0.399209  0.347236  0.347236  0.283609  0.33
  0.034  0.0106071  0.00589605  0.409982  0.415555  0.415555  0.312491  0.34
  0.035  0.0192631  0.0279776  0.354895  0.3884  0.3884  0.302632  0.35
  0.036  0.0253635  0.0403774  0.472563  0.383401  0.383401  0.321221  0.36
  0.037  0.0376367  0.0230097  0.445009  0.467211  0.467211  0.347042  0.37
  0.038  0.101564  0.0215754  0.456528  0.470412  0.470412  0.348371  0.38
  0.039  0.124724  0.00880105  0.653703  0.518575  0.518575  0.373178  0.39
  0.04  0.119223  0.0246266  0.682558  0.641672  0.641672  0.368947  0.4
  0.041  0.153922  0.0755762  0.617942  0.640595  0.640595  0.392106  0.41
  0.042  0.113296  0.0698553  0.578977  0.636557  0.636557  0.377483  0.42
  0.043  0.119038  0.0768958  0.705814  0.509684  0.509684  0.368389  0.43
  0.044  0.162342  0.0761853  0.935588  0.513458  0.513458  0.379059  0.44
  0.045  0.137861  0.0938416  1.16442  0.641392  0.641392  0.408377  0.45
  0.046  0.261514  0.0914113  1.09652  0.631534  0.631534  0.39762  0.46
  0.047  0.295469  0.0598832  1.1093  0.511327  0.511327  0.431242  0.47
  0.048  0.279218  0.0612386  1.14538  0.644785  0.644785  0.439414  0.48
  0.049  0.366905  0.0517086  1.13316  0.638225  0.638225  0.459246  0.49
  0.05  0.374584  0.105318  1.20919  0.607746  0.607746  0.446704  0.5
  0.051  0.260443  0.184249  1.65243  0.621057  0.621057  0.460675  0.51
  0.052  0.327859  0.115442  1.55373  0.61174  0.61174  0.457076  0.52
  0.053  0.329255  0.131011  1.66613  0.477623  0.477623  0.486939  0.53
  0.054  0.322391  0.107068  1.37769  0.432974  0.432974  0.503666  0.54
  0.055  0.288556  0.17924  1.24404  0.385656  0.385656  0.511473  0.55
  0.056  0.331891  0.403431  1.23619  0.467269  0.467269  0.536604  0.56
  0.057  0.332031  0.488063  1.65058  0.177937  0.177937  0.557869  0.57
  0.058  0.334155  0.370345  1.72093  0.177527  0.177527  0.566039  0.58
  0.059  0.20481  0.443823  2.01104  0.151697  0.151697  0.558553  0.59
  0.06  0.27966  0.454817  2.26499  0.122202  0.122202  0.563224  0.6
  0.061  0.252453  0.451919  2.11152  0.0558497  0.0558497  0.573098  0.61
  0.062  0.31849  0.286978  2.53735  0.032167  0.032167  0.590735  0.62
  0.063  0.330243  0.297826  2.5099  0.0537552  0.0537552  0.610735  0.63
  0.064  0.200508  0.35532  2.70337  0.109003  0.109003  0.609393  0.64
  0.065  0.202291  0.584966  2.73656  0.126397  0.126397  0.607244  0.65
  0.066  0.175519  0.557192  2.70325  0.0915764  0.0915764  0.623646  0.66
  0.067  0.12808  0.751769  2.6877  0.142994  0.142994  0.640285  0.67
  0.068  0.216873  1.05474  2.72013  0.165719  0.165719  0.668401  0.68
  0.069  0.111127  1.21117  2.72786  0.202828  0.202828  0.706425  0.69
  0.07  0.102367  1.23443  2.80154  0.215165  0.215165  0.740699  0.7
  0.071  0.132335  1.12768  2.84748  0.250445  0.250445  0.729575  0.71
  0.072  0.135705  1.18602  3.23504  0.20077  0.20077  0.721997  0.72
  0.073  0.113089  1.36259  3.51994  0.227894  0.227894  0.710029  0.73
  0.074  0.125188  1.33428  3.6078  0.223448  0.223448  0.743168  0.74
  0.075  0.100372  1.13509  3.45484  0.230913  0.230913  0.741582  0.75
  0.076  0.0804409  0.836393  3.46122  0.144796  0.144796  0.754578  0.76
  0.077  0.0295602  0.75582  4.28778  0.141149  0.141149  0.808204  0.77
  0.078  0.0305273  0.827097  4.72723  0.138882  0.138882  0.865842  0.78
  0.079  0.0263701  1.03136  4.58775  0.128926  0.128926  0.87667  0.79
  0.08  0.0113493  0.810856  4.59217  0.09728  0.09728  0.838081  0.8
  0.081  0.0493048  0.783979  4.60597  0.0727984  0.0727984  0.864501  0.81
  0.082  0.0501346  0.62206  4.60113  0.249529  0.249529  0.863532  0.82
  0.083  0.061956  0.778982  4.71263  0.2532  0.2532  0.879301  0.83
  0.084  0.0688651  0.986548  4.8026  0.268793  0.268793  0.896308  0.84
  0.085  0.0570563  1.33423  4.73276  0.135642  0.135642  0.93027  0.85
  0.086  0.0541229  0.927727  4.52861  0.163621  0.163621  0.923989  0.86
  0.087  0.0408731  0.954707  4.29353  0.190182  0.190182  0.920679  0.87
  0.088  0.0129681  1.09773  3.91179  0.118298  0.118298  0.893528  0.88
  0.089  0.100499  1.03388  4.08444  0.140033  0.140033  0.944712  0.89
  0.09  0.0969919  0.916835  3.89182  0.217025  0.217025  0.943621  0.9
  0.091  0.11785  0.977756  3.50311  0.138751  0.138751  0.92766  0.91
  0.092  0.0999441  0.985713  3.99424  0.129708  0.129708  0.955312  0.92
  0.093  0.0651637  1.02106  4.10491  0.13172  0.13172  0.971347  0.93
  0.094  0.111196  1.17522  4.52242  0.150902  0.150902  1.03547  0.94
  0.095  0.0204354  1.11011  4.50087  0.254844  0.254844  1.05595  0.95
  0.096  0.0507594  1.22283  4.51368  0.32937  0.32937  1.02751  0.96
  0.097  0.159634  1.15438  4.22485  0.23266  0.23266  0.991786  0.97
  0.098  0.121534  1.05923  4.29444  0.143542  0.143542  0.997247  0.98
  0.099  0.189254  0.808446  4.28985  0.133431  0.133431  0.993684  0.99
  0.1  0.151991  0.955992  4.29339  0.133578  0.133578  0.985084  1
  0.101  0.183723  0.961503  4.11569  0.138523  0.138523  1.00856  1.01
  0.102  0.205551  0.955734  4.45755  0.0803419  0.0803419  1.02666  1.02
  0.103  0.229429  0.824372  4.485  0.0674729  0.0674729  1.03374  1.03
  0.104  0.309836  0.830076  4.50069  0.0725315  0.0725315  1.05808  1.04
  0.105  0.317482  0.962851  4.78702  0.051355  0.051355  1.11938  1.05
  0.106  0.261046  0.972971  4.43207  0.0306365  0.0306365  1.10116  1.06
  0.107  0.271831  1.07075  4.52185  0.0301851  0.0301851  1.12356  1.07
  0.108  0.256912  1.25311  4.47753  0.0284283  0.0284283  1.11533  1.08
  0.109  0.193797  1.13682  4.3505  0.0199372  0.0199372  1.09548  1.09
  0.11  0.12663  1.09951  4.89228  0.0175252  0.0175252  1.10082  1.1
  0.111  0.0684714  1.29579  4.89027  0.0174927  0.0174927  1.13691  1.11
  0.112  0.0841351  1.58476  4.9012  0.0470551  0.0470551  1.16462  1.12
  0.113  0.127997  1.57539  4.74423  0.0518542  0.0518542  1.17039  1.13
  0.114  0.176399  2.0417  4.82905  0.0779084  0.0779084  1.21048  1.14
  0.115  0.176666  2.04139  4.84109  0.124155  0.124155  1.22208  1.15
  0.116  0.151331  2.07613  4.82799  0.116863  0.116863  1.2491  1.16
  0.117  0.239515  2.09759  4.34105  0.154854  0.154854  1.24856  1.17
  0.118  0.18552  1.98371  4.10865  0.16778  0.16778  1.23411  1.18
  0.119  0.210995  2.04259  4.26222  0.116201  0.116201  1.26276  1.19
  0.12  0.16106  2.20301  4.27576  0.223298  0.223298  1.30998  1.2
  0.121  0.202629  2.16831  4.30651  0.15371  0.15371  1.3447  1.21
  0.122  0.201765  1.79599  4.54767  0.138722  0.138722  1.39434  1.22
  0.123  0.219347  1.90846  4.40717  0.138474  0.138474  1.42067  1.23
  0.124  0.184834  1.93129  4.13072  0.128318  0.128318  1.41387  1.24
  0.125  0.16379  1.52501  4.31471  0.224309  0.224309  1.43596  1.25
  0.126  0.323624  1.7122  4.30651  0.18191  0.18191  1.43948  1.26
  0.127  0.301595  1.7106  4.24926  0.302774  0.302774  1.43296  1.27
  0.128  0.179299  1.74007  4.23423  0.225622  0.225622  1.49834  1.28
  0.129  0.189377  1.52291  4.30621  0.250827  0.250827  1.49756  1.29
  0.13  0.151917  1.54738  4.12254  0.235466  0.235466  1.47586  1.3
  0.131  0.151313  1.42848  4.26284  0.247074  0.247074  1.42804  1.31
  0.132  0.115049  1.60165  4.68886  0.246987  0.246987  1.44354  1.32
  0.133  0.196698  1.68283  4.67805  0.160028  0.160028  1.42985  1.33
  0.134  0.183803  1.78163  4.38418  0.161484  0.161484  1.46135  1.34
  0.135  0.193873  1.63808  4.37605  0.154147  0.154147  1.49026  1.35
  0.136  0.231898  2.33231  3.89496  0.177903  0.177903  1.52524  1.36
  0.137  0.244922  2.25675  3.95402  0.16128  0.16128  1.49647  1.37
  0.138  0.429801  2.61214  4.29994  0.174881  0.174881  1.55204  1.38
  0.139  0.478936  2.8903  4.28883  0.267798  0.267798  1.54317  1.39
  0.14  0.425391  3.06045  4.18399  0.27098  0.27098  1.54483  1.4
  0.141  0.434421  3.12381  4.53357  0.34154  0.34154  1.54561  1.41
  0.142  0.473846  3.60071  3.70271  0.355236  0.355236  1.58216  1.42
  0.143  0.511379  3.54871  3.76138  0.33869  0.33869  1.62624  1.43
  0.144  0.396819  3.20151  3.66456  0.33922  0.33922  1.58882  1.44
  0.145  0.255495  3.46912  3.92256  0.172909  0.172909  1.58609  1.45
  0.146  0.294477  3.54685  3.71036  0.185959  0.185959  1.54895  1.46
  0.147  0.374353  3.40809  3.75038  0.19215  0.19215  1.52228  1.47
  0.148  0.458151  3.27991  3.6174  0.112907  0.112907  1.51372  1.48
  0.149  0.481738  3.89641  3.44098  0.143132  0.143132  1.52358  1.49
  0.15  0.576001  3.80265  3.91878  0.168428  0.168428  1.56468  1.5
  0.151  0.586304  3.82981  3.86544  0.12832  0.12832  1.52539  1.51
  0.152  0.535163  3.71129  3.95779  0.124048  0.124048  1.5739  1.52
  0.153  0.270809  3.33668  3.95165  0.216982  0.216982  1.48755  1.53
  0.154  0.270807  3.3454  3.22031  0.067909  0.067909  1.47716  1.54
  0.155  0.468972  3.47948  2.95478  0.0696014  0.0696014  1.49304  1.55
  0.156  0.601708  3.45157  3.01529  0.20674  0.20674  1.51882  1.56
  0.157  0.373732  3.72541  2.79131  0.129201  0.129201  1.48887  1.57
  0.158  0.257022  3.61733  2.77012  0.181233  0.181233  1.49604  1.58
  0.159  0.226274  4.11282  3.00638  0.256529  0.256529  1.52576  1.59
  0.16  0.256357  4.73027  3.06706  0.216133  0.216133  1.51066  1.6
  0.161  0.368198  4.60495  3.03722  0.129798  0.129798  1.55344  1.61
  0.162  0.356735  5.34325  3.0327  0.0890881  0.0890881  1.56244  1.62
  0.163  0.47311  5.43514  3.02096  0.0801848  0.0801848  1.51672  1.63
  0.164  0.521143  5.20104  3.05496  0.0815905  0.0815905  1.45405  1.64
  0.165  0.871852  4.89719  2.9479  0.0815659  0.0815659  1.46403  1.65
  0.166  0.670191  4.95628  3.04325  0.133063  0.133063  1.45667  1.66
  0.167  0.448866  4.734  2.99838  0.135123  0.135123  1.4414  1.67
  0.168  0.368743  5.19522  2.75791  0.19099  0.19099  1.45461  1.68
  0.169  0.386171  5.1791  2.67496  0.188254  0.188254  1.45495  1.69
  0.17  0.430115  5.53863  2.74605  0.377652  0.377652  1.49595  1.7
  0.171  0.356498  5.66574  2.75677  0.383939  0.383939  1.5026  1.71
  0.172  0.226199  6.34401  2.77163  0.562339  0.562339  1.53225  1.72
  0.173  0.179746  6.41707  2.8055  0.538237  0.538237  1.4928  1.73
  0.174  0.15503  6.49931  3.38928  0.694237  0.694237  1.54675  1.74
  0.175  0.203015  7.44417  3.34509  0.674481  0.674481  1.62857  1.75
  0.176  0.267485  6.63694  3.66637  0.639685  0.639685  1.65251  1.76
  0.177  0.386865  6.97564  3.66384  0.634516  0.634516  1.61971  1.77
  0.178  0.340685  7.20451  4.34918  0.626257  0.626257  1.6817  1.78
  0.179  0.333896  7.25208  4.4019  0.618051  0.618051  1.68205  1.79
  0.18  0.243489  6.69623  4.68552  0.620627  0.620627  1.67384  1.8
  0.181  0.302714  5.40446  4.77607  0.691794  0.691794  1.67494  1.81
  0.182  0.291104  5.34583  5.29015  0.583449  0.583449  1.69553  1.82
  0.183  0.29519  5.39347  5.1873  0.591753  0.591753  1.70102  1.83
  0.184  0.384573  5.12699  5.48186  0.595287  0.595287  1.69398  1.84
  0.185  0.629427  5.23516  5.79469  0.707081  0.707081  1.70864  1.85
  0.186  0.638706  5.08521  5.7899  0.626282  0.626282  1.72234  1.86
  0.187  0.640846  5.09936  5.75241  0.49025  0.49025  1.72986  1.87
  0.188  0.690371  5.10131  5.98702  0.414361  0.414361  1.76615  1.88
  0.189  0.338886  4.99438  6.21081  0.306254  0.306254  1.76811  1.89
  0.19  0.330017  4.9135  5.9105  0.23671  0.23671  1.74646  1.9
  0.191  0.422717  5.02342  5.5854  0.200085  0.200085  1.74957  1.91
  0.192  0.629074  5.25473  6.06286  0.281438  0.281438  1.79096  1.92
  0.193  0.63187  5.15339  6.43595  0.293364  0.293364  1.80143  1.93
  0.194  0.624828  4.94438  6.28445  0.327965  0.327965  1.80555  1.94
  0.195  0.528891  5.03697  6.60349  0.344704  0.344704  1.78802  1.95
  0.196  0.839508  5.62554  6.22395  0.250702  0.250702  1.70944  1.96
  0.197  0.880617  5.61894  6.30885  0.134556  0.134556  1.67824  1.97
  0.198  0.935012  5.35253  6.74955  0.1485  0.1485  1.69798  1.98
  0.199  0.752246  5.39449  6.75408  0.134176  0.134176  1.69388  1.99
  0.2  0.824301  5.32977  6.48334  0.0408138  0.0408138  1.68601  2
  0.201  0.928937  4.96799  6.45489  0.00814914  0.00814914  1.70589  2.01
  0.202  0.906629  5.69115  6.14761  0.0079254  0.0079254  1.70243  2.02
  0.203  0.884596  6.20993  6.17947  0.0282447  0.0282447  1.72329  2.03
  0.204  1.07178  5.68592  6.17537  0.0384716  0.0384716  1.76147  2.04
  0.205  1.16962  5.66823  6.50002  0.0820566  0.0820566  1.7338  2.05
  0.206  1.19512  5.76033  6.17485  0.122941  0.122941  1.73022  2.06
  0.207  1.12829  5.65848  6.62364  0.119296  0.119296  1.74123  2.07
  0.208  1.18249  5.37876  7.33631  0.163619  0.163619  1.75485  2.08
  0.209  1.02119  5.40166  7.7145  0.0808847  0.0808847  1.75433  2.09
  0.21  1.03859  5.26247  7.65365  0.102229  0.102229  1.77921  2.1
  0.211  1.08054  5.67606  7.87734  0.0933442  0.0933442  1.81262  2.11
  0.212  1.10182  5.92853  8.16375  0.13986  0.13986  1.81221  2.12
  0.213  1.38626  5.7229  7.82681  0.463419  0.463419  1.82755  2.13
  0.214  1.53376  5.21155  7.36995  0.471673  0.471673  1.85474  2.14
  0.215  1.77907  5.22766  8.25808  0.549298  0.549298  1.87626  2.15
  0.216  1.9954  5.40965  8.2602  0.545253  0.545253  1.87761  2.16
  0.217  1.67889  5.45292  8.02598  0.668616  0.668616  1.84017  2.17
  0.218  1.98288  5.31964  8.0445  0.668791  0.668791  1.87055  2.18
  0.219  1.73658  5.48892  8.2923  0.739428  0.739428  1.82647  2.19
  0.22  1.78018  5.67363  7.64125  0.937903  0.937903  1.78839  2.2
  0.221  1.62701  5.87989  6.51961  0.785216  0.785216  1.71391  2.21
  0.222  1.8207  6.48793  6.42688  0.68175  0.68175  1.72236  2.22
  0.223  1.82043  6.70734  6.73085  0.707833  0.707833  1.69826  2.23
  0.224  1.426  7.0909  6.73064  0.622579  0.622579  1.65044  2.24
  0.225  0.770655  7.0908  6.72802  0.608885  0.608885  1.60937  2.25
  0.226  0.771315  6.39766  6.75367  0.923517  0.923517  1.60033  2.26
  0.227  0.829391  6.40862  5.52401  0.972215  0.972215  1.56971  2.27
  0.228  0.602649  6.56398  5.67402  1.21178  1.21178  1.59696  2.28
  0.229  0.567146  6.60449  6.16078  1.0016  1.0016  1.59397  2.29
  0.23  0.620885  6.56428  6.06864  0.988146  0.988146  1.59421  2.3
  0.231  0.573855  6.48233  6.85643  1.0586  1.0586  1.60614  2.31
  0.232  0.69849  6.4665  7.07389  1.03342  1.03342  1.64936  2.32
  0.233  0.702596  6.20393  7.15189  1.00881  1.00881  1.62967  2.33
  0.234  0.691057  6.28599  6.82446  1.06232  1.06232  1.64492  2.34
  0.235  0.664964  6.25934  7.75234  0.965832  0.965832  1.64677  2.35
  0.236  0.845418  5.83603  7.74948  0.837055  0.837055  1.62915  2.36
  0.237  0.987177  5.19615  7.48629  0.839313  0.839313  1.60902  2.37
  0.238  1.08984  4.80597  8.40757  0.726168  0.726168  1.64041  2.38
  0.239  0.910959  4.27331  8.2899  0.841736  0.841736  1.64239  2.39
  0.24  1.07932  4.16365  8.32425  1.09974  1.09974  1.69187  2.4
  0.241  1.3031  3.99725  8.22834  0.993889  0.993889  1.67824  2.41
  0.242  1.68523  4.3431  8.1986  1.27722  1.27722  1.71642  2.42
  0.243  1.86573  4.47658  7.96441  1.24959  1.24959  1.73494  2.43
  0.244  1.74647  4.70066  7.65486  1.42002  1.42002  1.73063  2.44
  0.245  2.30932  3.76897  6.51305  1.2943  1.2943  1.72919  2.45
  0.246  2.33197  4.10893  6.50237  1.25021  1.25021  1.73598  2.46
  0.247  2.37421  4.16315  7.28078  1.24142  1.24142  1.74145  2.47
  0.248  2.43416  4.14297  6.71699  1.22017  1.22017  1.78443  2.48
  0.249  2.48475  3.7876  6.18535  1.35993  1.35993  1.74949  2.49
  0.25  2.37391  4.56473  6.37164  1.09746  1.09746  1.78246  2.5
  0.251  2.51512  4.13273  6.21793  1.28495  1.28495  1.7668  2.51
  0.252  2.55746  4.33843  6.17452  1.28179  1.28179  1.79437  2.52
  0.253  2.44131  4.60911  6.39988  1.0961  1.0961  1.80281  2.53
  0.254  2.18665  4.82298  6.35737  1.13268  1.13268  1.78834  2.54
  0.255  2.45086  4.32504  5.91478  1.13333  1.13333  1.78792  2.55
  0.256  2.23233  4.11231  5.81698  1.22941  1.22941  1.78737  2.56
  0.257  2.10538  4.63205  5.55823  1.31009  1.31009  1.77109  2.57
  0.258  1.8598  4.7869  5.42838  1.35551  1.35551  1.76178  2.58
  0.259  1.84919  4.80986  5.29204  1.35221  1.35221  1.77462  2.59
  0.26  2.221  5.06684  5.15966  1.21825  1.21825  1.78119  2.6
  0.261  2.47854  5.1066  5.34673  1.65549  1.65549  1.81308  2.61
  0.262  2.63503  5.24131  5.32307  1.87777  1.87777  1.82714  2.62
  0.263  2.48777  5.15119  5.39137  1.82611  1.82611  1.87026  2.63
  0.264  2.62826  4.98547  5.37588  1.82608  1.82608  1.87005  2.64
  0.265  2.38085  5.00559  4.97931  1.8204  1.8204  1.87888  2.65
  0.266  1.982  4.77208  4.92209  2.24899  2.24899  1.88987  2.66
  0.267  2.02187  4.67382  4.95818  2.19729  2.19729  1.92637  2.67
  0.268  2.02901  5.26967  4.72083  2.16007  2.16007  1.91914  2.68
  0.269  1.83295  5.33939  4.32478  2.15866  2.15866  1.90177  2.69
  0.27  1.79511  5.79181  4.29591  2.23183  2.23183  1.88331  2.7
  0.271  2.117  5.58957  4.6834  2.09154  2.09154  1.88669  2.71
  0.272  2.44897  5.2654  5.11882  2.02754  2.02754  1.90912  2.72
  0.273  2.43899  5.56279  4.83953  1.51128  1.51128  1.89323  2.73
  0.274  2.19931  5.68552  4.881  1.43162  1.43162  1.92164  2.74
  0.275  2.07402  5.80407  4.97031  1.33451  1.33451  1.94119  2.75
  0.276  2.09096  5.74842  4.23323  1.08491  1.08491  1.92626  2.76
  0.277  1.88607  6.26705  4.14419  0.99257  0.99257  1.8903  2.77
  0.278  2.03677  5.89586  3.72731  0.91735  0.91735  1.88133  2.78
  0.279  1.93495  5.91906  3.73061  0.904295  0.904295  1.89343  2.79
  0.28  2.0538  6.09746  3.43952  0.931089  0.931089  1.89699  2.8
  0.281  1.97858  6.23711  3.36706  0.789561  0.789561  1.93905  2.81
  0.282  2.28221  6.30985  3.36235  1.23595  1.23595  2.04508  2.82
  0.283  2.38989  6.25558  3.22579  1.08292  1.08292  2.06152  2.83
  0.284  2.41916  5.85967  3.22515  1.09876  1.09876  2.08063  2.84
  0.285  2.44767  6.18798  3.60334  1.11515  1.11515  2.11161  2.85
  0.286  2.47415  6.3162  3.83234  1.04561  1.04561  2.12077  2.86
  0.287  2.36615  6.46856  4.39245  1.46211  1.46211  2.21579  2.87
  0.288  2.44703  6.66268  4.56959  1.42255  1.42255  2.22433  2.88
  0.289  2.34461  7.38543  4.75505  1.44029  1.44029  2.33427  2.89
  0.29  2.66767  7.81206  5.25559  1.48965  1.48965  2.35899  2.9
  0.291  2.16834  8.49349  4.57473  1.38119  1.38119  2.34608  2.91
  0.292  2.06973  8.70946  4.53887  1.70992  1.70992  2.36649  2.92
  0.293  2.06088  7.61624  4.61505  1.94487  1.94487  2.3146  2.93
  0.294  2.25733  7.88763  5.62732  2.46347  2.46347  2.37869  2.94
  0.295  2.27084  7.22951  5.90831  2.12131  2.12131  2.40135  2.95
  0.296  2.06834  7.20358  5.93585  2.05523  2.05523  2.38555  2.96
  0.297  2.37494  7.31517  6.1167  1.94681  1.94681  2.38598  2.97
  0.298  2.51464  6.75006  6.37351  1.99274  1.99274  2.357  2.98
  0.299  2.63952  6.911  6.19681  1.39988  1.39988  2.38768  2.99
  0.3  3.50718  6.74806  6.41688  1.07064  1.07064  2.4509  3
  0.301  3.41922  6.78219  6.11421  1.03214  1.03214  2.37448  3.01
  0.302  3.17217  6.6545  6.14277  0.988192  0.988192  2.41365  3.02
  0.303  3.08567  6.65899  5.80013  1.20815  1.20815  2.49353  3.03
  0.304  2.98786  6.13946  5.14415  1.3038  1.3038  2.51364  3.04
  0.305  3.0078  5.6616  5.07015  1.33037  1.33037  2.5506  3.05
  0.306  2.63571  5.84976  5.35701  1.25007  1.25007  2.61113  3.06
  0.307  2.82805  5.61123  5.93661  1.30278  1.30278  2.58335  3.07
  0.308  2.94878  5.93164  5.19927  1.13543  1.13543  2.63124  3.08
  0.309  2.71996  5.76799  5.54617  1.11775  1.11775  2.58593  3.09
  0.31  3.13297  5.52268  6.15567  1.07975  1.07975  2.62057  3.1
  0.311  3.48833  5.50547  6.2477  0.966995  0.966995  2.62173  3.11
  0.312  3.26077  5.25553  5.76211  1.05782  1.05782  2.59118  3.12
  0.313  4.06334  5.2714  5.99997  1.05258  1.05258  2.65897  3.13
  0.314  3.96858  5.36708  6.02551  1.10486  1.10486  2.6792  3.14
  0.315  3.68435  5.5591  6.20408  1.21479  1.21479  2.68448  3.15
  0.316  3.15343  5.74655  6.15182  1.30069  1.30069  2.69458  3.16
  0.317  3.02983  5.65688  5.8825  1.74288  1.74288  2.68392  3.17
  0.318  2.99179  5.22698  5.78208  1.57592  1.57592  2.66832  3.18
  0.319  3.17632  5.23939  5.25972  1.63547  1.63547  2.70355  3.19
  0.32  2.94892  5.38835  5.34115  1.41818  1.41818  2.67549  3.2
  0.321  3.24775  5.54245  5.03556  1.44304  1.44304  2.67288  3.21
  0.322  3.3543  5.53348  5.12898  1.41995  1.41995  2.72912  3.22
  0.323  3.17728  6.17882  5.49686  1.40278  1.40278  2.76788  3.23
  0.324  3.22743  6.0126  5.32306  1.52489  1.52489  2.74143  3.24
  0.325  3.24131  6.36486  5.39121  1.61626  1.61626  2.67539  3.25
  0.326  2.94032  6.54547  6.37843  1.80645  1.80645  2.70975  3.26
  0.327  2.8324  6.79055  6.35847  1.71636  1.71636  2.69078  3.27
  0.328  3.2514  6.45605  5.98181  1.73679  1.73679  2.67981  3.28
  0.329  3.30512  7.16977  6.10422  1.75589  1.75589  2.68703  3.29
  0.33  3.68853  7.25224  5.91603  1.5568  1.5568  2.6615  3.3
  0.331  3.70841  6.95471  5.27647  1.59498  1.59498  2.62669  3.31
  0.332  3.58591  6.81329  5.59045  1.42536  1.42536  2.65339  3.32
  0.333  3.68039  6.78765  4.86117  1.38336  1.38336  2.6449  3.33
  0.334  3.61348  6.30513  4.57094  1.32649  1.32649  2.60698  3.34
  0.335  3.74985  6.05928  4.82358  1.27643  1.27643  2.62373  3.35
  0.336  3.75709  5.80648  4.60159  1.25485  1.25485  2.61179  3.36
  0.337  3.95732  5.84176  4.58626  1.68852  1.68852  2.67545  3.37
  0.338  3.71593  5.87709  4.35756  1.69183  1.69183  2.60576  3.38
  0.339  3.73108  5.71288  4.18561  1.74995  1.74995  2.59907  3.39
  0.34  3.6322  5.4824  4.12358  1.7177  1.7177  2.65097  3.4
  0.341  3.02869  5.85349  4.17266  1.72395  1.72395  2.63926  3.41
  0.342  3.37392  6.54957  4.18695  1.7759  1.7759  2.65413  3.42
  0.343  3.12516  6.19881  4.17635  1.79078  1.79078  2.6642  3.43
  0.344  3.23367  6.22315  4.2654  1.60516  1.60516  2.68578  3.44
  0.345  3.39277  6.20604  4.27273  1.39038  1.39038  2.73837  3.45
  0.346  3.43146  5.76897  3.73132  0.894715  0.894715  2.66716  3.46
  0.347  2.90778  5.75915  3.90458  0.877527  0.877527  2.66445  3.47
  0.348  2.69797  5.66962  3.92352  0.773236  0.773236  2.69947  3.48
  0.349  2.94382  5.47601  4.03278  0.584614  0.584614  2.72111  3.49
  0.35  2.88318  5.34544  4.06667  0.435649  0.435649  2.74485  3.5
  0.351  3.10255  6.31762  4.39867  0.417737  0.417737  2.71112  3.51
  0.352  3.05327  6.42746  4.5212  0.413282  0.413282  2.71632  3.52
  0.353  2.9083  6.39656  4.52526  0.278409  0.278409  2.66594  3.53
  0.354  2.92951  6.8402  4.91598  0.239221  0.239221  2.68779  3.54
  0.355  3.06682  7.03951  5.12859  0.254137  0.254137  2.64987  3.55
  0.356  2.98713  6.81331  4.97428  0.256383  0.256383  2.65756  3.56
  0.357  2.96416  6.79809  5.70564  0.273178  0.273178  2.61655  3.57
  0.358  3.40178  6.22491  5.75962  0.258273  0.258273  2.62344  3.58
  0.359  3.47148  5.50163  5.56996  0.255699  0.255699  2.54793  3.59
  0.36  3.3878  5.47391  5.56529  0.299072  0.299072  2.5058  3.6
  0.361  3.18856  5.09542  5.61095  0.236622  0.236622  2.49804  3.61
  0.362  3.06066  5.3969  5.57547  0.280033  0.280033  2.59213  3.62
  0.363  3.22245  5.6839  5.42636  0.233634  0.233634  2.5718  3.63
  0.364  3.15527  5.78056  5.4511  0.27071  0.27071  2.58814  3.64
  0.365  2.99373  5.36986  5.45532  0.48147  0.48147  2.60411  3.65
  0.366  2.92905  5.74836  5.30514  0.559398  0.559398  2.66858  3.66
  0.367  3.0212  5.05096  5.37619  0.557356  0.557356  2.64851  3.67
  0.368  3.06642  5.11779  4.89908  0.701047  0.701047  2.63353  3.68
  0.369  2.80793  5.22057  5.11906  0.441805  0.441805  2.60744  3.69
  0.37  2.8506  5.3018  5.13027  0.475992  0.475992  2.61542  3.7
  0.371  2.96331  5.30196  5.09229  0.416515  0.416515  2.67814  3.71
  0.372  2.8519  5.18823  5.17715  0.426878  0.426878  2.75002  3.72
  0.373  2.38339  4.69902  5.35016  0.382955  0.382955  2.75363  3.73
  0.374  2.35985  5.0916  5.68742  0.294517  0.294517  2.75909  3.74
  0.375  1.98045  5.58927  5.50874  0.323622  0.323622  2.71191  3.75
  0.376  1.9316  5.93081  6.085  0.300917  0.300917  2.67455  3.76
  0.377  1.91659  5.96576  6.16861  0.335053  0.335053  2.68571  3.77
  0.378  1.93165  6.06583  6.1927  0.477461  0.477461  2.70458  3.78
  0.379  1.90911  5.66749  6.15863  0.556998  0.556998  2.6604  3.79
  0.38  2.23185  5.86029  6.27935  0.638813  0.638813  2.66624  3.8
  0.381  2.21885  5.62337  6.80941  0.740283  0.740283  2.72282  3.81
  0.382  2.22628  6.0609  6.56458  0.753933  0.753933  2.75729  3.82
  0.383  2.25425  6.09867  6.13459  0.811824  0.811824  2.69957  3.83
  0.384  2.23805  5.9188  6.16841  0.790743  0.790743  2.7018  3.84
  0.385  2.23929  5.82523  5.8726  0.885801  0.885801  2.6379  3.85
  0.386  2.27237  5.95591  5.94447  0.971408  0.971408  2.65198  3.86
  0.387  1.85645  6.53277  6.20328  0.892154  0.892154  2.72729  3.87
  0.388  1.71199  6.40098  6.72507  0.887328  0.887328  2.76184  3.88
  0.389  1.99986  6.81096  6.99846  0.84714  0.84714  2.76372  3.89
  0.39  2.01559  7.09107  7.48195  0.911003  0.911003  2.83828  3.9
  0.391  2.07182  7.10136  7.75937  0.813925  0.813925  2.84315  3.91
  0.392  1.94706  6.88287  8.15279  0.968048  0.968048  2.85783  3.92
  0.393  1.9345  6.63173  8.14357  1.08118  1.08118  2.89305  3.93
  0.394  1.84469  6.5645  8.13884  0.929408  0.929408  2.89659  3.94
  0.395  1.81776  6.8293  8.50086  1.01797  1.01797  2.90683  3.95
  0.396  1.88656  6.9862  8.51578  1.01705  1.01705  2.96163  3.96
  0.397  1.79107  7.05436  8.51335  1.22292  1.22292  3.007  3.97
  0.398  1.58562  7.6855  8.72176  1.13344  1.13344  2.97754  3.98
  0.399  1.47838  7.62615  8.6779  0.862766  0.862766  2.9343  3.99
  0.4  1.90261  7.137  8.67848  1.10173  1.10173  2.93095  4
  0.401  1.85162  6.69381  9.36213  1.11921  1.11921  2.91718  4.01
  0.402  1.93565  6.69988  9.3085  1.61158  1.61158  2.95229  4.02
  0.403  2.16621  5.87669  9.52971  1.7752  1.7752  2.99101  4.03
  0.404  2.45735  5.71923  9.13191  1.77702  1.77702  2.99897  4.04
  0.405  2.7519  5.3144  9.06759  1.77793  1.77793  3.07063  4.05
  0.406  3.01666  5.87477  9.4037  1.81186  1.81186  3.19387  4.06
  0.407  3.00765  5.84022  9.84754  1.71458  1.71458  3.21079  4.07
  0.408  3.30229  5.90403  10.2035  1.49597  1.49597  3.20129  4.08
  0.409  3.25074  5.89505  9.69962  1.43761  1.43761  3.14244  4.09
  0.41  3.3206  5.70226  9.90172  1.62481  1.62481  3.14903  4.1
  0.411  3.85861  5.38039  9.91497  1.55861  1.55861  3.14364  4.11
  0.412  3.72059  5.35835  9.93198  1.57931  1.57931  3.23087  4.12
  0.413  4.14581  5.37615  9.78246  1.56905  1.56905  3.22324  4.13
  0.414  4.03083  4.85017  9.94896  1.51515  1.51515  3.25671  4.14
  0.415  4.09822  5.28663  9.72382  1.58426  1.58426  3.30954  4.15
  0.416  4.14964  4.94128  9.72797  1.54177  1.54177  3.27553  4.16
  0.417  4.20441  5.44335  9.49047  1.60427  1.60427  3.27308  4.17
  0.418  4.45307  4.97572  9.55703  1.97354  1.97354  3.2383  4.18
  0.419  5.43377  5.09877  9.44375  1.83344  1.83344  3.30592  4.19
  0.42  5.33751  6.03513  8.46011  2.0507  2.0507  3.35594  4.2
  0.421  5.2704  5.19696  8.66165  2.03625  2.03625  3.36857  4.21
  0.422  4.62106  5.07832  8.58184  2.05355  2.05355  3.39222  4.22
  0.423  4.44655  4.80772  8.22321  2.00312  2.00312  3.38649  4.23
  0.424  4.45416  5.29838  8.36168  2.33597  2.33597  3.44099  4.24
  0.425  4.48488  5.33473  8.11805  2.24433  2.24433  3.46036  4.25
  0.426  4.48583  5.39943  8.16678  1.93644  1.93644  3.42991  4.26
  0.427  4.37705  5.4643  7.55404  2.11699  2.11699  3.4186  4.27
  0.428  4.37324  6.16044  7.02622  1.88924  1.88924  3.42506  4.28
  0.429  4.43967  5.78943  7.17571  1.90884  1.90884  3.45649  4.29
  0.43  4.42977  5.83446  6.79758  2.32138  2.32138  3.44568  4.3
  0.431  3.97949  5.79343  6.56189  2.32095  2.32095  3.45514  4.31
  0.432  4.4828  5.62917  6.58065  2.21494  2.21494  3.46976  4.32
  0.433  4.1901  5.29228  6.8502  2.13332  2.13332  3.46396  4.33
  0.434  3.76608  5.239  7.001  2.33393  2.33393  3.41417  4.34
  0.435  4.09368  5.1834  6.5579  3.21144  3.21144  3.47237  4.35
  0.436  4.67027  5.17265  6.29147  3.31098  3.31098  3.50574  4.36
  0.437  4.72905  5.27021  6.53098  3.4026  3.4026  3.46843  4.37
  0.438  5.23082  5.33452  6.47056  3.39718  3.39718  3.48004  4.38
  0.439  5.67702  5.46601  6.90509  3.68247  3.68247  3.52793  4.39
  0.44  5.53393  5.56265  6.48588  3.87776  3.87776  3.55697  4.4
  0.441  5.32575  5.46967  6.64036  3.8714  3.8714  3.57755  4.41
  0.442  5.29489  5.56838  6.79294  3.95351  3.95351  3.62047  4.42
  0.443  5.52602  5.83479  6.61134  4.21988  4.21988  3.72048  4.43
  0.444  5.54991  6.03141  6.80926  4.08259  4.08259  3.77905  4.44
  0.445  5.09595  6.13892  6.59886  4.09324  4.09324  3.87635  4.45
  0.446  5.37291  6.4009  6.24188  3.3845  3.3845  3.94404  4.46
  0.447  5.71692  6.17965  6.30958  3.51654  3.51654  3.9629  4.47
  0.448  6.01727  5.76063  6.48165  3.27786  3.27786  3.99334  4.48
  0.449  6.0927  5.60338  6.51079  3.33162  3.33162  3.89932  4.49
  0.45  6.1691  5.77237  6.99831  3.24501  3.24501  3.86727  4.5
  0.451  5.62631  5.86925  6.83035  3.36697  3.36697  3.88268  4.51
  0.452  5.917  5.75631  6.16588  3.30379  3.30379  3.87339  4.52
  0.453  5.97202  5.75967  5.65091  3.37099  3.37099  3.82519  4.53
  0.454  5.88346  5.56855  5.70605  3.00809  3.00809  3.80128  4.54
  0.455  4.93376  5.55475  5.59914  3.24289  3.24289  3.70419  4.55
  0.456  4.93444  5.65695  6.04542  3.59566  3.59566  3.75726  4.56
  0.457  5.03248  5.63667  6.10567  3.60419  3.60419  3.78661  4.57
  0.458  5.05199  5.6864  6.00305  3.00841  3.00841  3.75897  4.58
  0.459  5.35873  6.25373  5.98578  3.01696  3.01696  3.80905  4.59
  0.46  5.35196  6.22249  6.02721  2.93821  2.93821  3.81895  4.6
  0.461  5.37232  6.22457  6.28173  3.68219  3.68219  3.80837  4.61
  0.462  5.26057  6.47769  6.42777  3.67909  3.67909  3.86029  4.62
  0.463  5.8396  6.58299  6.49224  3.87584  3.87584  3.87374  4.63
  0.464  6.16332  6.08761  6.49393  3.88895  3.88895  3.95016  4.64
  0.465  6.45132  5.58378  6.48369  3.86935  3.86935  3.95363  4.65
  0.466  6.07228  5.52058  6.44309  3.69743  3.69743  3.9091  4.66
  0.467  6.14298  5.32889  5.89566  3.68491  3.68491  3.91395  4.67
  0.468  6.10278  5.12343  5.97814  3.37738  3.37738  3.91022  4.68
  0.469  6.73527  5.00266  5.9332  3.4016  3.4016  3.91802  4.69
  0.47  5.51493  4.92952  5.91356  2.6617  2.6617  3.82656  4.7
  0.471  5.54053  4.95082  6.49729  2.83562  2.83562  3.79154  4.71
  0.472  5.54669  5.09865  6.64543  2.94441  2.94441  3.82976  4.72
  0.473  5.58387  4.7175  7.40314  2.62122  2.62122  3.7758  4.73
  0.474  5.46423  4.70944  7.58932  2.61542  2.61542  3.81429  4.74
  0.475  5.34877  4.4531  7.65221  2.24418  2.24418  3.81608  4.75
  0.476  4.95916  4.46895  8.36724  2.34915  2.34915  3.95863  4.76
  0.477  4.36493  4.32699  8.67201  2.33321  2.33321  3.97821  4.77
  0.478  4.34131  4.04531  9.0319  2.45297  2.45297  4.00763  4.78
  0.479  4.28052  4.13964  8.19044  2.42454  2.42454  3.95907  4.79
  0.48  4.47647  4.47851  7.83248  2.14479  2.14479  3.93656  4.8
  0.481  4.47504  4.78404  7.7473  2.35937  2.35937  4.05198  4.81
  0.482  4.5344  4.69458  8.40162  2.36879  2.36879  4.08778  4.82
  0.483  4.65013  4.70114  8.42068  2.13863  2.13863  4.06665  4.83
  0.484  4.52171  5.22046  8.06398  2.15377  2.15377  4.02501  4.84
  0.485  4.88008  5.08586  7.57942  2.13644  2.13644  3.99324  4.85
  0.486  4.87513  5.56689  8.50064  2.40177  2.40177  4.04672  4.86
  0.487  4.91887  5.51605  8.91071  2.32426  2.32426  4.03977  4.87
  0.488  4.62895  5.38317  8.99535  2.37189  2.37189  3.98518  4.88
  0.489  4.53478  5.57407  8.63302  2.44299  2.44299  3.95775  4.89
  0.49  4.15694  6.34183  9.58348  2.11838  2.11838  3.98109  4.9
  0.491  3.89582  6.39235  9.59355  2.28047  2.28047  4.01655  4.91
  0.492  3.88548  6.06592  9.59434  2.52579  2.52579  3.94564  4.92
  0.493  3.99697  7.39885  9.38516  2.64529  2.64529  4.00178  4.93
  0.494  3.57346  7.35784  10.4494  2.85237  2.85237  4.05013  4.94
  0.495  3.95698  6.78027  10.3119  2.88523  2.88523  4.13258  4.95
  0.496  4.08677  6.15177  10.5151  2.61502  2.61502  4.09416  4.96
  0.497  4.38999  6.20482  10.8866  2.36581  2.36581  4.05118  4.97
  0.498  4.04688  6.25564  10.4516  2.34299  2.34299  4.0935  4.98
  0.499  4.26283  6.23925  10.4039  2.28413  2.28413  4.09924  4.99
  0.5  4.61082  6.22396  10.2468  2.39935  2.39935  4.12241  5
  0.501  4.64394  6.03771  10.5901  2.37804  2.37804  4.19147  5.01
  0.502  4.62644  5.94582  11.5553  2.04302  2.04302  4.28064  5.02
  0.503  4.55704  5.77045  11.044  2.45583  2.45583  4.35239  5.03
  0.504  4.01679  5.90023  11.3987  2.5582  2.5582  4.31634  5.04
  0.505  4.25453  5.8903  11.4918  2.87842  2.87842  4.30298  5.05
  0.506  4.22023  6.23478  11.6296  3.45695  3.45695  4.31235  5.06
  0.507  3.84012  6.21675  11.5488  3.58076  3.58076  4.22043  5.07
  0.508  4.0238  5.70034  11.6475  3.97934  3.97934  4.29898  5.08
  0.509  4.05965  6.25421  11.6217  3.97918  3.97918  4.35556  5.09
  0.51  3.76231  6.28303  11.6305  4.11612  4.11612  4.3692  5.1
  0.511  4.0592  5.91552  12.1071  4.22556  4.22556  4.4526  5.11
  0.512  3.75652  5.97524  12.5958  4.2083  4.2083  4.45289  5.12
  0.513  3.74486  6.75942  12.8038  4.93946  4.93946  4.54431  5.13
  0.514  4.61539  6.56214  12.8673  5.03828  5.03828  4.55439  5.14
  0.515  4.71081  6.48582  12.5169  4.59262  4.59262  4.55423  5.15
  0.516  4.24986  6.16018  12.1888  4.61785  4.61785  4.5279  5.16
  0.517  4.38683  5.86019  11.849  4.46509  4.46509  4.57217  5.17
  0.518  4.56049  5.9615  11.7409  4.44633  4.44633  4.58689  5.18
  0.519  4.44331  6.12318  12.1443  4.74529  4.74529  4.61982  5.19
  0.52  4.61187  5.58951  12.3056  4.88068  4.88068  4.68791  5.2
  0.521  4.71558  5.11939  12.5383  4.69486  4.69486  4.71141  5.21
  0.522  5.26354  5.42236  12.5985  4.78766  4.78766  4.68192  5.22
  0.523  5.87082  5.44843  12.0454  4.86109  4.86109  4.72135  5.23
  0.524  5.58708  5.90824  11.5328  4.85752  4.85752  4.76589  5.24
  0.525  5.70174  6.09653  11.1239  4.17433  4.17433  4.69958  5.25
  0.526  5.91901  6.0918  11.4056  4.22334  4.22334  4.62744  5.26
  0.527  6.0504  6.73047  11.4236  4.22116  4.22116  4.72762  5.27
  0.528  5.85369  7.02004  11.4092  4.22581  4.22581  4.73764  5.28
  0.529  6.77819  6.97433  11.1418  4.42442  4.42442  4.68495  5.29
  0.53  7.60345  6.98879  11.1413  5.11033  5.11033  4.74568  5.3
  0.531  8.20199  7.0021  11.1283  5.16939  5.16939  4.78826  5.31
  0.532  7.84685  6.58691  11.4968  5.35529  5.35529  4.82168  5.32
  0.533  7.27633  6.97935  11.7811  5.36101  5.36101  4.90422  5.33
  0.534  7.22998  7.83546  11.6637  5.36321  5.36321  4.95354  5.34
  0.535  7.15872  7.56142  12.3106  4.9154  4.9154  4.94898  5.35
  0.536  7.59607  7.53626  13.8285  4.88857  4.88857  5.0427  5.36
  0.537  7.65335  7.35641  13.2037  4.49144  4.49144  4.93959  5.37
  0.538  7.71581  7.69415  12.9987  4.30647  4.30647  4.91459  5.38
  0.539  6.77307  8.30818  11.9493  4.22888  4.22888  4.82127  5.39
  0.54  6.14658  8.42995  12.3719  3.97535  3.97535  4.84364  5.4
  0.541  5.97235  8.30598  12.5362  3.91145  3.91145  4.80762  5.41
  0.542  6.45357  8.40371  11.7135  3.9735  3.9735  4.82274  5.42
  0.543  6.40128  8.43453  11.4959  3.9233  3.9233  4.91214  5.43
  0.544  6.28431  9.54449  11.4619  4.60981  4.60981  5.01356  5.44
  0.545  6.387  9.5862  10.8504  4.59659  4.59659  4.93071  5.45
  0.546  6.69349  8.7044  10.167  4.38236  4.38236  4.83033  5.46
  0.547  6.97157  8.31801  10.3118  4.26313  4.26313  4.79005  5.47
  0.548  6.64715  7.96752  10.4777  4.48979  4.48979  4.84929  5.48
  0.549  6.08254  8.08875  9.96652  4.44868  4.44868  4.7968  5.49
  0.55  6.11619  7.57549  9.83503  4.83616  4.83616  4.76976  5.5
  0.551  6.07906  7.60761  10.0943  4.29206  4.29206  4.81097  5.51
  0.552  6.20297  7.65536  10.4124  3.97771  3.97771  4.81509  5.52
  0.553  5.95041  7.58742  10.1707  3.94244  3.94244  4.81286  5.53
  0.554  5.94795  7.58633  10.6868  3.82244  3.82244  4.81775  5.54
  0.555  6.04367  7.54219  10.9162  3.47311  3.47311  4.79664  5.55
  0.556  6.14527  6.86047  10.7878  3.27763  3.27763  4.71073  5.56
  0.557  6.18365  7.13962  11.1269  3.25763  3.25763  4.68248  5.57
  0.558  6.68031  7.29839  10.9864  3.41886  3.41886  4.7135  5.58
  0.559  6.57567  7.31854  10.4382  3.64567  3.64567  4.71471  5.59
  0.56  5.78669  7.34403  10.4169  3.58197  3.58197  4.62538  5.6
  0.561  6.08844  7.30654  10.1167  3.60303  3.60303  4.68399  5.61
  0.562  5.87113  7.51528  10.1194  3.30294  3.30294  4.71141  5.62
  0.563  5.84447  7.98043  10.0995  3.54506  3.54506  4.70794  5.63
  0.564  5.59633  8.23651  10.3734  3.6527  3.6527  4.83818  5.64
  0.565  5.9326  8.07273  10.3113  3.50488  3.50488  4.80364  5.65
  0.566  7.04708  8.36765  10.2271  3.34839  3.34839  4.82433  5.66
  0.567  6.49332  8.7389  9.32494  3.32018  3.32018  4.81384  5.67
  0.568  6.49023  8.29228  9.1518  3.4434  3.4434  4.84049  5.68
  0.569  6.58995  7.81876  9.06214  3.7049  3.7049  4.8685  5.69
  0.57  6.58004  7.02848  8.75445  3.764  3.764  4.83832  5.7
  0.571  6.45484  7.17189  8.70754  4.09544  4.09544  4.88277  5.71
  0.572  6.05876  7.40685  8.71949  4.0997  4.0997  4.88645  5.72
  0.573  6.26426  7.68181  8.38516  3.89471  3.89471  4.82802  5.73
  0.574  6.30673  7.64675  8.45446  3.57457  3.57457  4.81497  5.74
  0.575  6.27549  6.81017  8.18556  3.64357  3.64357  4.80407  5.75
  0.576  6.16701  6.61855  8.05473  3.66137  3.66137  4.79813  5.76
  0.577  6.40099  6.47678  8.35627  3.56706  3.56706  4.90239  5.77
  0.578  6.3834  6.61706  8.7116  4.32597  4.32597  4.94113  5.78
  0.579  6.40362  6.66085  9.06048  4.70894  4.70894  4.94641  5.79
  0.58  6.46463  7.09406  9.1317  5.09504  5.09504  5.03258  5.8
  0.581  6.70023  7.07976  9.18126  4.56834  4.56834  5.0403  5.81
  0.582  6.55707  6.84719  8.85784  4.61528  4.61528  5.04525  5.82
  0.583  6.95551  6.98475  8.81475  4.73429  4.73429  4.95376  5.83
  0.584  6.99243  7.14503  8.536  4.42215  4.42215  4.94898  5.84
  0.585  7.11949  7.36574  8.93615  4.08759  4.08759  4.94843  5.85
  0.586  7.10658  6.5707  9.06585  3.72989  3.72989  4.88525  5.86
  0.587  6.56741  6.76316  9.51985  3.98375  3.98375  4.97332  5.87
  0.588  6.49702  6.76547  10.0253  3.95778  3.95778  5.04534  5.88
  0.589  6.59569  6.16129  10.3244  3.89348  3.89348  4.94164  5.89
  0.59  6.92807  6.26037  10.6834  3.94408  3.94408  4.9825  5.9
  0.591  6.76021  6.22646  10.4707  3.9412  3.9412  4.99897  5.91
  0.592  6.53848  6.15609  10.5304  3.97366  3.97366  5.01925  5.92
  0.593  6.53658  6.29759  10.2437  3.86002  3.86002  5.01773  5.93
  0.594  6.19255  6.34105  9.7685  3.76697  3.76697  4.99472  5.94
  0.595  6.17127  6.65879  9.76861  3.7194  3.7194  4.96105  5.95
  0.596  6.84812  7.85033  9.94611  3.50676  3.50676  4.99284  5.96
  0.597  7.19269  8.06263  9.87504  3.53894  3.53894  5.06178  5.97
  0.598  6.93157  7.79426  8.42081  3.49724  3.49724  5.04313  5.98
  0.599  6.89214  7.78732  8.44933  3.29009  3.29009  5.10281  5.99
  0.6  6.96116  7.61268  8.31142  3.31216  3.31216  5.14268  6
  0.601  6.17031  7.61239  9.01251  3.52905  3.52905  5.18217  6.01
  0.602  6.20366  7.16286  8.82936  3.46855  3.46855  5.16703  6.02
  0.603  6.79399  7.15439  8.77203  3.51534  3.51534  5.23833  6.03
  0.604  7.60373  7.3248  8.77354  3.42811  3.42811  5.3416  6.04
  0.605  7.61105  7.14144  9.00464  3.19081  3.19081  5.30296  6.05
  0.606  6.44045  6.51372  8.78295  3.11376  3.11376  5.20228  6.06
  0.607  6.34977  6.39157  9.55577  3.03375  3.03375  5.26295  6.07
  0.608  6.58596  6.04257  8.82162  2.4398  2.4398  5.23488  6.08
  0.609  6.6906  6.08704  8.90627  2.39137  2.39137  5.23624  6.09
  0.61  6.73188  5.25069  9.60353  2.28801  2.28801  5.27825  6.1
  0.611  6.65401  5.33363  10.7152  2.16094  2.16094  5.36124  6.11
  0.612  6.54897  5.44049  11.227  2.16207  2.16207  5.44476  6.12
  0.613  6.50582  5.03046  11.0185  2.17501  2.17501  5.40547  6.13
  0.614  6.95747  4.93951  10.8633  2.11274  2.11274  5.38596  6.14
  0.615  6.96343  5.26058  10.7543  1.94109  1.94109  5.41179  6.15
  0.616  6.97849  5.0624  11.177  2.17944  2.17944  5.49935  6.16
  0.617  7.33658  4.88971  11.306  2.3398  2.3398  5.46967  6.17
  0.618  7.10644  4.56703  11.6279  2.34448  2.34448  5.43416  6.18
  0.619  7.08449  5.00503  11.5211  2.32551  2.32551  5.43115  6.19
  0.62  6.99018  5.13274  11.585  2.51603  2.51603  5.50274  6.2
  0.621  6.83954  5.12199  11.0584  2.73008  2.73008  5.49751  6.21
  0.622  6.8645  5.31383  11.2358  2.52368  2.52368  5.57644  6.22
  0.623  6.62524  5.30246  11.6902  2.11135  2.11135  5.61886  6.23
  0.624  6.77106  5.62354  12.3437  2.10947  2.10947  5.72197  6.24
  0.625  6.55785  5.65389  12.8595  2.1068  2.1068  5.74463  6.25
  0.626  7.42777  5.32528  11.0126  1.96095  1.96095  5.62272  6.26
  0.627  6.91282  4.83361  11.236  2.01329  2.01329  5.63494  6.27
  0.628  6.54815  4.8896  11.4647  2.01522  2.01522  5.72364  6.28
  0.629  6.46079  5.05253  11.0884  1.95202  1.95202  5.63354  6.29
  0.63  5.68983  5.08589  11.5242  2.31379  2.31379  5.60095  6.3
  0.631  5.60778  5.13294  11.2975  2.47323  2.47323  5.62963  6.31
  0.632  6.23201  5.81152  10.5502  2.55519  2.55519  5.70852  6.32
  0.633  6.4724  5.51157  10.9175  2.48105  2.48105  5.72658  6.33
  0.634  6.3628  5.38202  11.0606  2.17541  2.17541  5.78173  6.34
  0.635  6.69164  5.38471  10.9094  2.17967  2.17967  5.84533  6.35
  0.636  7.40185  5.16943  11.5582  2.30687  2.30687  6.01169  6.36
  0.637  6.95431  5.40571  11.9643  2.34761  2.34761  6.00617  6.37
  0.638  7.02623  5.14234  11.9392  2.31684  2.31684  6.03289  6.38
  0.639  6.52683  5.14708  12.4145  2.74421  2.74421  6.08224  6.39
  0.64  6.17154  5.26039  12.6921  3.12443  3.12443  6.19073  6.4
  0.641  6.31604  6.47093  12.826  2.52273  2.52273  6.19865  6.41
  0.642  6.37723  6.60891  12.5455  3.03206  3.03206  6.19829  6.42
  0.643  7.02472  6.65417  12.7072  3.16426  3.16426  6.1692  6.43
  0.644  6.34113  6.56838  12.601  2.99555  2.99555  6.0545  6.44
  0.645  6.66534  6.63086  12.5785  2.82476  2.82476  6.05344  6.45
  0.646  6.80062  7.33699  13.1811  2.82647  2.82647  6.15021  6.46
  0.647  6.63632  6.81344  12.6344  2.8794  2.8794  6.17922  6.47
  0.648  6.51451  6.93006  13.3847  2.80248  2.80248  6.16608  6.48
  0.649  7.10528  6.4277  13.5805  2.65508  2.65508  6.12298  6.49
  0.65  5.88063  6.6988  12.5878  2.61003  2.61003  6.07297  6.5
  0.651  6.07502  6.71076  12.1075  2.68117  2.68117  6.05747  6.51
  0.652  5.61395  7.00999  12.1096  2.68149  2.68149  6.12856  6.52
  0.653  5.68009  7.10668  12.1007  2.35307  2.35307  6.11973  6.53
  0.654  5.75928  7.16233  12.606  2.55501  2.55501  6.15336  6.54
  0.655  6.03286  7.40399  12.8144  2.6082  2.6082  6.19426  6.55
  0.656  5.88575  7.40511  13.5943  2.06744  2.06744  6.26491  6.56
  0.657  5.57624  7.22459  13.2826  1.99673  1.99673  6.26802  6.57
  0.658  5.47336  7.82811  13.4293  2.11632  2.11632  6.35977  6.58
  0.659  4.93767  7.68586  13.3762  2.07186  2.07186  6.343  6.59
  0.66  4.9766  7.58273  14.4739  1.90994  1.90994  6.34682  6.6
  0.661  4.97154  7.27273  14.9684  1.78197  1.78197  6.32292  6.61
  0.662  5.17264  7.54179  15.424  2.1398  2.1398  6.35707  6.62
  0.663  5.17877  7.75257  15.5837  1.61048  1.61048  6.25801  6.63
  0.664  5.46113  8.36145  16.1468  2.13336  2.13336  6.33186  6.64
  0.665  5.65544  8.75272  16.4028  2.10585  2.10585  6.31866  6.65
  0.666  5.9776  8.67921  17.1546  2.39211  2.39211  6.32916  6.66
  0.667  6.0073  8.67945  17.1688  2.45399  2.45399  6.2224  6.67
  0.668  5.92255  8.70233  17.56  2.37127  2.37127  6.36817  6.68
  0.669  5.59824  9.11281  18.4193  1.99593  1.99593  6.42598  6.69
  0.67  6.2836  9.16627  18.6143  2.19291  2.19291  6.40621  6.7
  0.671  6.28902  9.08837  18.2764  2.26822  2.26822  6.37517  6.71
  0.672  6.17314  8.80188  18.4146  2.24676  2.24676  6.36087  6.72
  0.673  5.55526  8.92854  18.2392  2.40694  2.40694  6.37099  6.73
  0.674  5.24636  8.63769  18.4773  2.40109  2.40109  6.36294  6.74
  0.675  5.46942  8.4199  18.8606  2.49542  2.49542  6.35042  6.75
  0.676  5.02448  8.98919  19.246  2.85507  2.85507  6.3512  6.76
  0.677  4.75696  10.027  20.4248  2.97472  2.97472  6.43199  6.77
  0.678  5.51488  10.6005  20.1092  2.76793  2.76793  6.46856  6.78
  0.679  5.72198  11.7913  19.9378  2.62405  2.62405  6.55973  6.79
  0.68  5.1468  11.9048  20.0839  3.28104  3.28104  6.60466  6.8
  0.681  5.3644  11.8877  20.2513  3.29356  3.29356  6.64516  6.81
  0.682  5.50882  11.7084  19.9596  3.28605  3.28605  6.64956  6.82
  0.683  5.04704  11.2552  19.9471  3.16625  3.16625  6.6245  6.83
  0.684  4.96621  10.9075  20.0617  3.2652  3.2652  6.6262  6.84
  0.685  5.68686  10.9389  20.027  3.10387  3.10387  6.5498  6.85
  0.686  5.66562  11.2385  20.4474  3.0195  3.0195  6.62641  6.86
  0.687  5.88005  10.2585  21.7186  2.70147  2.70147  6.77667  6.87
  0.688  5.96391  10.8286  21.125  2.68273  2.68273  6.82847  6.88
  0.689  6.09588  10.975  20.6758  2.78086  2.78086  6.95715  6.89
  0.69  6.13434  10.5131  20.295  2.21354  2.21354  6.89521  6.9
  0.691  6.08219  10.6476  19.9212  1.75778  1.75778  6.85498  6.91
  0.692  5.80107  10.8739  19.645  2.04697  2.04697  6.94947  6.92
  0.693  5.82622  10.485  20.3238  1.58478  1.58478  6.83019  6.93
  0.694  5.90076  11.2176  20.8004  1.58673  1.58673  6.96151  6.94
  0.695  5.63827  11.2092  21.3539  1.2951  1.2951  6.91333  6.95
  0.696  5.88817  11.3793  20.979  1.31291  1.31291  6.8617  6.96
  0.697  5.76162  11.3248  20.5096  1.41349  1.41349  6.89033  6.97
  0.698  5.77209  10.8074  21.4273  1.41165  1.41165  6.81636  6.98
  0.699  6.51913  11.1498  21.8343  1.20524  1.20524  6.75257  6.99
  0.7  6.35027  11.4774  21.4133  1.64348  1.64348  6.79842  7
  0.701  6.3297  11.2982  21.711  1.655  1.655  6.84834  7.01
  0.702  6.45721  11.3949  21.695  1.6111  1.6111  6.91064  7.02
  0.703  6.42082  11.3855  22.8687  1.62722  1.62722  6.95415  7.03
  0.704  6.22534  11.4225  22.7718  1.68185  1.68185  7.01802  7.04
  0.705  6.27167  10.7597  22.6106  1.5665  1.5665  6.906  7.05
  0.706  6.37358  11.1304  22.4752  1.28961  1.28961  6.94683  7.06
  0.707  6.48605  11.6532  22.1445  1.49298  1.49298  6.90615  7.07
  0.708  6.55878  11.1339  21.9406  1.41037  1.41037  6.81026  7.08
  0.709  6.97329  11.6323  21.7906  1.49633  1.49633  6.80394  7.09
  0.71  7.355  11.7807  22.0824  1.46542  1.46542  6.82707  7.1
  0.711  7.32246  12.5406  21.9919  1.36934  1.36934  6.86206  7.11
  0.712  7.06679  13.4141  22.4157  1.36986  1.36986  6.98315  7.12
  0.713  7.90297  14.1283  23.7341  1.40899  1.40899  7.08879  7.13
  0.714  7.65513  13.6989  23.4634  1.36247  1.36247  7.03253  7.14
  0.715  5.79602  13.5463  23.2966  1.27035  1.27035  6.9323  7.15
  0.716  6.17299  12.4115  22.941  1.24462  1.24462  6.87669  7.16
  0.717  6.07939  12.5909  22.9849  1.23531  1.23531  6.80795  7.17
  0.718  5.52102  12.4601  23.0607  1.27348  1.27348  6.7228  7.18
  0.719  5.4552  12.4155  23.0999  1.39121  1.39121  6.78848  7.19
  0.72  5.73454  12.5042  23.0373  1.37014  1.37014  6.82458  7.2
  0.721  6.07743  12.4421  22.7473  1.33409  1.33409  6.88838  7.21
  0.722  6.17216  12.5669  22.7601  0.950517  0.950517  6.91826  7.22
  0.723  6.16062  12.1516  23.7513  0.951155  0.951155  6.82575  7.23
  0.724  6.67562  11.9771  23.5733  0.878062  0.878062  6.98537  7.24
  0.725  6.72862  11.7352  23.6851  1.0808  1.0808  7.02704  7.25
  0.726  7.01494  11.7315  24.4008  1.08624  1.08624  7.11539  7.26
  0.727  7.06166  12.2552  25.5227  1.1488  1.1488  7.05164  7.27
  0.728  6.7942  12.3007  25.8759  1.11418  1.11418  7.13192  7.28
  0.729  6.31692  12.5068  26.3423  1.08561  1.08561  7.25759  7.29
  0.73  6.0652  13.2363  26.8782  1.10641  1.10641  7.26142  7.3
  0.731  5.393  12.6545  25.679  1.08768  1.08768  7.22707  7.31
  0.732  6.24735  11.2216  26.2369  1.18355  1.18355  7.25897  7.32
  0.733  5.99061  10.329  26.7373  1.23008  1.23008  7.32272  7.33
  0.734  6.12825  10.5765  25.824  1.09248  1.09248  7.27  7.34
  0.735  6.01685  11.6329  25.7599  1.30301  1.30301  7.31902  7.35
  0.736  5.49972  11.569  24.8751  1.24308  1.24308  7.26885  7.36
  0.737  5.91044  11.1924  25.7568  1.20862  1.20862  7.35736  7.37
  0.738  5.66042  11.3296  25.9058  1.10659  1.10659  7.31016  7.38
  0.739  5.09113  11.1469  26.6904  1.11405  1.11405  7.39307  7.39
  0.74  4.85386  12.4331  27.6259  1.08938  1.08938  7.50641  7.4
  0.741  4.69322  13.9491  27.2106  1.09962  1.09962  7.53922  7.41
  0.742  4.79366  13.8101  27.3954  1.32511  1.32511  7.55078  7.42
  0.743  4.87363  14.6765  27.3872  1.25079  1.25079  7.50769  7.43
  0.744  4.99821  14.2217  27.2644  1.1591  1.1591  7.52  7.44
  0.745  5.70303  14.7179  28.3304  1.12806  1.12806  7.59787  7.45
  0.746  5.54658  14.7201  30.5929  1.17772  1.17772  7.70685  7.46
  0.747  5.43808  15.312  29.0781  1.35509  1.35509  7.70873  7.47
  0.748  5.53003  14.3299  28.7711  1.51047  1.51047  7.72937  7.48
  0.749  5.6016  14.719  28.6008  1.59974  1.59974  7.63392  7.49
  0.75  5.54034  14.9142  28.2891  1.6392  1.6392  7.58474  7.5
  0.751  5.42084  15.0842  29.2395  1.89807  1.89807  7.6115  7.51
  0.752  5.51371  15.6787  30.3483  1.62743  1.62743  7.65124  7.52
  0.753  5.45359  14.614  30.0943  1.77396  1.77396  7.65485  7.53
  0.754  5.62082  15.2662  30.2563  1.66516  1.66516  7.62551  7.54
  0.755  5.38762  15.507  28.829  1.56442  1.56442  7.60377  7.55
  0.756  5.06924  15.5061  29.4084  1.62542  1.62542  7.65688  7.56
  0.757  4.82876  15.6119  29.1044  1.53592  1.53592  7.71175  7.57
  0.758  4.65828  15.7404  28.3071  1.81438  1.81438  7.6578  7.58
  0.759  5.82419  15.4714  28.9302  1.77598  1.77598  7.73564  7.59
  0.76  5.93434  14.2714  28.7198  1.783  1.783  7.80693  7.6
  0.761  5.84338  13.8414  27.8671  1.92631  1.92631  7.76737  7.61
  0.762  6.02267  13.4876  28.5271  2.22954  2.22954  7.83836  7.62
  0.763  6.28137  13.646  26.5837  2.50656  2.50656  7.80865  7.63
  0.764  6.67623  13.6254  26.8415  2.49147  2.49147  7.90277  7.64
  0.765  6.49632  14.3719  26.5207  2.43977  2.43977  7.9044  7.65
  0.766  6.48463  14.7097  25.0918  2.2687  2.2687  7.84  7.66
  0.767  6.48139  14.7971  25.1346  2.28038  2.28038  7.82609  7.67
  0.768  6.37544  15.7053  24.8659  1.81958  1.81958  7.90137  7.68
  0.769  6.11262  15.9589  27.1515  1.79092  1.79092  8.05713  7.69
  0.77  5.55824  16.1081  26.7003  2.12518  2.12518  8.01745  7.7
  0.771  6.25971  16.0213  24.9819  2.44369  2.44369  8.00595  7.71
  0.772  5.93734  15.5421  25.0789  2.56081  2.56081  8.02066  7.72
  0.773  5.71882  15.5776  25.7829  2.28632  2.28632  7.99931  7.73
  0.774  5.66582  15.4051  24.3585  1.89836  1.89836  8.00623  7.74
  0.775  6.34662  15.4354  24.3027  1.97987  1.97987  8.04312  7.75
  0.776  6.35934  16.517  23.3816  2.01255  2.01255  8.12287  7.76
  0.777  6.40928  16.883  23.3113  2.02393  2.02393  8.21996  7.77
  0.778  6.48383  16.4932  24.8422  1.83016  1.83016  8.30362  7.78
  0.779  7.18007  15.5596  24.7029  1.64385  1.64385  8.32861  7.79
  0.78  7.24423  16.4783  24.1878  1.44273  1.44273  8.22313  7.8
  0.781  7.86008  16.8707  23.8874  1.4398  1.4398  8.37176  7.81
  0.782  8.63228  17.7304  23.9693  1.44448  1.44448  8.50362  7.82
  0.783  8.33826  16.7927  23.5846  1.34855  1.34855  8.45853  7.83
  0.784  8.54507  16.9078  24.5486  1.74221  1.74221  8.59418  7.84
  0.785  8.90894  16.9297  24.4471  1.86462  1.86462  8.58947  7.85
  0.786  8.37629  16.9099  22.9981  2.04832  2.04832  8.436  7.86
  0.787  8.1023  15.6402  23.1973  1.57214  1.57214  8.40266  7.87
  0.788  8.14344  15.4914  22.0693  1.55801  1.55801  8.33298  7.88
  0.789  7.58615  16.3748  21.7973  1.78494  1.78494  8.33431  7.89
  0.79  7.65432  16.0599  22.2106  1.83435  1.83435  8.38433  7.9
  0.791  7.67174  17.1841  22.23  1.63424  1.63424  8.35011  7.91
  0.792  7.67278  17.3188  22.4735  1.9918  1.9918  8.31639  7.92
  0.793  7.55889  17.336  23.6235  2.08348  2.08348  8.32252  7.93
  0.794  7.55723  17.2201  24.1281  2.06431  2.06431  8.46426  7.94
  0.795  7.08784  17.2523  23.3418  1.94433  1.94433  8.44704  7.95
  0.796  7.09469  16.6119  23.3901  2.26005  2.26005  8.45841  7.96
  0.797  7.6165  16.678  23.7898  2.37336  2.37336  8.53308  7.97
  0.798  7.79678  16.0948  23.5207  2.30458  2.30458  8.60877  7.98
  0.799  7.66455  15.4262  22.4732  2.07457  2.07457  8.53426  7.99
  0.8  7.87987  15.2992  23.0323  1.94374  1.94374  8.59094  8
  0.801  7.54344  14.6048  23.1016  2.08021  2.08021  8.5412  8.01
  0.802  7.12743  14.6269  21.7472  1.83254  1.83254  8.47977  8.02
  0.803  7.12609  14.2058  21.8491  1.8217  1.8217  8.51095  8.03
  0.804  7.08803  13.3821  21.4855  1.60032  1.60032  8.45768  8.04
  0.805  7.19866  14.0359  21.0612  1.6779  1.6779  8.4925  8.05
  0.806  6.37166  14.4523  21.6847  1.69517  1.69517  8.54076  8.06
  0.807  5.93198  14.863  21.9971  1.8429  1.8429  8.4705  8.07
  0.808  6.53415  15.1657  21.3341  2.08675  2.08675  8.42223  8.08
  0.809  6.07012  15.2402  20.6042  1.57613  1.57613  8.35097  8.09
  0.81  6.2032  15.1705  20.5536  1.52998  1.52998  8.35471  8.1
  0.811  6.03295  15.0729  21.9965  1.84375  1.84375  8.3851  8.11
  0.812  5.93343  14.896  22.1302  1.84037  1.84037  8.43733  8.12
  0.813  5.92549  15.1911  21.6653  1.70191  1.70191  8.41851  8.13
  0.814  6.68567  15.2759  20.9463  1.65684  1.65684  8.47562  8.14
  0.815  6.25822  15.2142  21.0901  1.74186  1.74186  8.48645  8.15
  0.816  6.32795  15.0924  18.7294  1.83226  1.83226  8.55275  8.16
  0.817  6.54406  14.1562  17.802  1.47826  1.47826  8.58161  8.17
  0.818  6.65444  14.1559  18.7198  1.11733  1.11733  8.56514  8.18
  0.819  6.75399  13.44  19.1117  0.917583  0.917583  8.46197  8.19
  0.82  6.69503  13.4534  19.2156  0.813862  0.813862  8.58208  8.2
  0.821  5.87894  12.9163  18.7175  0.756443  0.756443  8.48053  8.21
  0.822  5.87838  14.0653  18.7237  0.685846  0.685846  8.49639  8.22
  0.823  5.99981  14.6817  18.8961  0.794987  0.794987  8.50934  8.23
  0.824  6.0734  14.8341  19.3228  0.981019  0.981019  8.47296  8.24
  0.825  6.0457  14.4121  18.7206  0.958971  0.958971  8.43312  8.25
  0.826  6.11929  13.5316  18.6729  0.99821  0.99821  8.45808  8.26
  0.827  6.20322  14.4299  18.5163  1.11983  1.11983  8.68774  8.27
  0.828  6.33306  14.4677  18.904  1.05174  1.05174  8.67901  8.28
  0.829  5.98912  13.5409  18.34  1.1244  1.1244  8.60886  8.29
  0.83  5.80316  12.5276  18.4253  1.32585  1.32585  8.65361  8.3
  0.831  5.31306  11.7028  18.7063  1.34405  1.34405  8.64163  8.31
  0.832  5.51895  11.7382  18.5893  1.45076  1.45076  8.65796  8.32
  0.833  5.87279  11.8534  18.653  1.49187  1.49187  8.71821  8.33
  0.834  6.46785  12.2708  18.8867  1.50878  1.50878  8.70039  8.34
  0.835  6.47166  11.682  18.9243  1.51181  1.51181  8.66393  8.35
  0.836  6.44947  11.7301  18.8926  1.67494  1.67494  8.67095  8.36
  0.837  6.09079  12.0209  18.8469  1.52596  1.52596  8.73345  8.37
  0.838  6.15348  12.7784  18.3897  1.76078  1.76078  8.71338  8.38
  0.839  6.02847  12.7495  18.3677  1.74809  1.74809  8.76835  8.39
  0.84  5.81007  12.5793  18.8187  1.696  1.696  8.68761  8.4
  0.841  5.45206  12.8776  19.2337  1.49941  1.49941  8.74759  8.41
  0.842  6.32725  12.7691  19.2735  1.58644  1.58644  8.77855  8.42
  0.843  6.39569  12.6477  19.0593  1.58601  1.58601  8.8306  8.43
  0.844  6.40181  12.7743  19.4356  1.61683  1.61683  8.85498  8.44
  0.845  6.49193  13.6966  19.7164  1.74599  1.74599  8.8657  8.45
  0.846  6.46578  13.6913  20.9889  1.70287  1.70287  8.78548  8.46
  0.847  6.66185  14.2348  20.536  1.6288  1.6288  8.78897  8.47
  0.848  6.66026  14.3155  20.4576  1.62225  1.62225  8.78478  8.48
  0.849  5.84451  14.2918  20.1493  1.78129  1.78129  8.73551  8.49
  0.85  5.65023  14.413  19.9956  1.66963  1.66963  8.77265  8.5
  0.851  5.12411  14.8423  19.5686  1.87666  1.87666  8.75711  8.51
  0.852  5.10961  13.9928  19.5862  1.89121  1.89121  8.72646  8.52
  0.853  5.34244  14.691  19.0639  1.75768  1.75768  8.76848  8.53
  0.854  5.49736  15.2782  19.0381  1.62019  1.62019  8.80751  8.54
  0.855  4.77789  15.4687  18.371  1.54782  1.54782  8.78661  8.55
  0.856  4.7057  16.2957  18.9249  1.58178  1.58178  8.76959  8.56
  0.857  4.4033  18.072  18.4697  1.65586  1.65586  8.84958  8.57
  0.858  4.40298  18.6839  18.6417  1.62314  1.62314  8.91248  8.58
  0.859  3.89639  18.6203  19.0936  1.40776  1.40776  8.94166  8.59
  0.86  3.91715  18.4536  19.2202  1.44059  1.44059  9.00168  8.6
  0.861  4.39223  17.8257  19.8218  1.72988  1.72988  9.05369  8.61
  0.862  4.35579  17.0184  20.7827  1.88723  1.88723  9.07034  8.62
  0.863  4.3609  15.7659  21.0794  1.97865  1.97865  9.09953  8.63
  0.864  4.49566  16.3023  21.2358  1.9766  1.9766  9.18447  8.64
  0.865  3.68177  15.8558  22.4516  2.0792  2.0792  9.23382  8.65
  0.866  2.86433  15.682  23.1941  2.15863  2.15863  9.17914  8.66
  0.867  2.90966  15.2377  22.4197  1.88446  1.88446  9.06643  8.67
  0.868  3.08883  15.2513  22.7456  1.49141  1.49141  9.04132  8.68
  0.869  3.0495  15.1698  22.6742  2.16586  2.16586  9.11747  8.69
  0.87  3.56931  15.373  22.5557  2.10515  2.10515  9.1432  8.7
  0.871  3.07337  15.452  23.0909  2.11572  2.11572  9.22813  8.71
  0.872  3.05384  15.6319  22.3236  2.07634  2.07634  9.20846  8.72
  0.873  2.77098  15.5975  23.2667  2.12526  2.12526  9.25008  8.73
  0.874  2.85222  15.4424  23.5973  1.96378  1.96378  9.30582  8.74
  0.875  3.08482  15.1543  23.7909  2.28256  2.28256  9.31564  8.75
  0.876  2.91452  16.4588  24.085  2.39862  2.39862  9.31409  8.76
  0.877  2.93807  15.8837  25.2801  2.41882  2.41882  9.38098  8.77
  0.878  2.99067  15.8771  25.9991  2.39102  2.39102  9.34237  8.78
  0.879  2.9139  16.0387  26.326  2.36725  2.36725  9.22547  8.79
  0.88  2.9227  15.4196  25.9415  2.13598  2.13598  9.28628  8.8
  0.881  2.48714  15.8002  25.992  2.12562  2.12562  9.33409  8.81
  0.882  2.51541  15.893  25.5268  2.12493  2.12493  9.317  8.82
  0.883  2.5081  16.2414  27.0602  1.7618  1.7618  9.47037  8.83
  0.884  2.45606  17.0216  27.3531  1.89138  1.89138  9.49331  8.84
  0.885  2.30629  17.0256  26.9162  1.90951  1.90951  9.43919  8.85
  0.886  2.6337  17.0892  28.0071  1.8711  1.8711  9.58827  8.86
  0.887  2.64121  17.8256  28.1101  1.40003  1.40003  9.59207  8.87
  0.888  2.77723  17.916  27.1074  1.42274  1.42274  9.49708  8.88
  0.889  2.44889  17.9044  27.3927  1.4969  1.4969  9.47715  8.89
  0.89  2.93125  18.0255  27.2787  1.48521  1.48521  9.51266  8.9
  0.891  2.90204  18.7501  26.3205  1.32214  1.32214  9.50439  8.91
  0.892  2.89744  19.0731  26.4513  1.33733  1.33733  9.55777  8.92
  0.893  2.75885  19.2437  26.3858  1.43234  1.43234  9.51915  8.93
  0.894  2.65598  19.0744  26.3547  1.44696  1.44696  9.49423  8.94
  0.895  2.99603  19.1508  25.9805  1.44822  1.44822  9.59373  8.95
  0.896  2.88125  18.7869  25.6782  1.56061  1.56061  9.58108  8.96
  0.897  3.11706  18.7246  25.7457  1.48897  1.48897  9.62729  8.97
  0.898  3.30773  18.8359  24.7781  1.5503  1.5503  9.65235  8.98
  0.899  3.2361  18.8288  24.774  1.56855  1.56855  9.52221  8.99
  0.9  3.52767  18.7843  24.3479  1.65243  1.65243  9.59929  9
  0.901  3.49526  18.4878  23.258  1.72562  1.72562  9.61208  9.01
  0.902  3.43345  18.4042  23.0745  1.69647  1.69647  9.5273  9.02
  0.903  3.47568  18.8671  23.1138  1.8537  1.8537  9.53687  9.03
  0.904  3.1889  19.1419  23.3288  1.78801  1.78801  9.66854  9.04
  0.905  3.18938  17.9593  21.4822  2.37085  2.37085  9.58474  9.05
  0.906  2.99321  18.1664  22.6836  2.37614  2.37614  9.55107  9.06
  0.907  2.66395  19.4184  23.1411  2.55683  2.55683  9.49977  9.07
  0.908  2.59034  19.4662  24.0217  3.3697  3.3697  9.60525  9.08
  0.909  2.89065  19.5728  24.4064  3.43081  3.43081  9.71439  9.09
  0.91  2.76558  20.0305  24.1645  3.57988  3.57988  9.78371  9.1
  0.911  2.41013  19.931  24.4039  3.60877  3.60877  9.81538  9.11
  0.912  2.54368  19.9196  24.3849  3.47479  3.47479  9.80737  9.12
  0.913  2.44645  19.5221  24.4969  3.35812  3.35812  9.73173  9.13
  0.914  2.24554  19.3394  24.0326  3.28392  3.28392  9.70153  9.14
  0.915  2.20039  19.5416  23.968  3.22688  3.22688  9.73229  9.15
  0.916  2.0678  19.69  23.2129  3.19057  3.19057  9.56004  9.16
  0.917  2.17859  18.7302  24.72  2.91773  2.91773  9.51395  9.17
  0.918  2.10952  19.5494  21.3286  2.73155  2.73155  9.54448  9.18
  0.919  2.33217  20.0095  21.5148  2.60024  2.60024  9.43673  9.19
  0.92  2.38582  20.3985  22.1687  2.70275  2.70275  9.45988  9.2
  0.921  2.3973  20.6981  22.2082  2.30598  2.30598  9.55676  9.21
  0.922  2.50767  19.2481  22.0114  2.39075  2.39075  9.57146  9.22
  0.923  2.54905  18.2995  21.4045  2.65116  2.65116  9.6065  9.23
  0.924  2.11608  18.3736  19.3545  2.69335  2.69335  9.53775  9.24
  0.925  2.02107  18.006  21.0158  2.75939  2.75939  9.53337  9.25
  0.926  2.04517  17.6562  21.4038  2.35099  2.35099  9.5658  9.26
  0.927  1.9238  18.3205  21.6981  2.41221  2.41221  9.66924  9.27
  0.928  2.11838  18.3182  21.4031  2.46823  2.46823  9.77116  9.28
  0.929  2.12035  18.1416  20.7219  2.85478  2.85478  9.80089  9.29
  0.93  2.08895  16.3492  20.7543  2.44142  2.44142  9.71752  9.3
  0.931  2.08479  16.6417  20.8788  2.37119  2.37119  9.64869  9.31
  0.932  2.20696  16.5105  20.994  2.38612  2.38612  9.73654  9.32
  0.933  2.71605  16.8242  19.6172  2.42608  2.42608  9.68229  9.33
  0.934  2.93473  16.5283  20.1517  2.60275  2.60275  9.70739  9.34
  0.935  3.13089  16.3109  19.9253  2.60263  2.60263  9.77675  9.35
  0.936  2.94881  15.8437  21.1044  2.36088  2.36088  9.8702  9.36
  0.937  2.71871  15.9104  20.9426  2.62221  2.62221  9.83187  9.37
  0.938  2.49762  15.7936  21.0883  2.55985  2.55985  9.92802  9.38
  0.939  2.35425  15.8446  23.7908  2.32634  2.32634  9.94596  9.39
  0.94  2.66862  15.9867  24.0555  2.30606  2.30606  9.95082  9.4
  0.941  2.30302  15.9538  22.8431  2.72222  2.72222  9.95465  9.41
  0.942  2.29126  16.476  23.2526  2.45722  2.45722  10.0422  9.42
  0.943  2.38619  16.8017  23.2673  2.22904  2.22904  10.1676  9.43
  0.944  2.33897  16.7685  24.3801  2.10725  2.10725  10.216  9.44
  0.945  2.27006  16.8859  24.5363  2.18739  2.18739  10.2093  9.45
  0.946  2.24114  15.9472  23.7296  2.3721  2.3721  10.2435  9.46
  0.947  2.39233  15.911  24.9611  2.3708  2.3708  10.3348  9.47
  0.948  2.06534  15.9045  24.6415  2.44547  2.44547  10.3633  9.48
  0.949  1.81156  15.8838  24.8642  2.43635  2.43635  10.3909  9.49
  0.95  1.68839  14.8174  25.0982  2.8768  2.8768  10.3702  9.5
  0.951  1.61994  14.7012  25.3284  2.87108  2.87108  10.3904  9.51
  0.952  1.70773  13.7053  26.4561  2.82168  2.82168  10.515  9.52
  0.953  1.60868  13.4127  26.233  2.85583  2.85583  10.5189  9.53
  0.954  1.59633  13.5346  26.0646  2.98764  2.98764  10.5304  9.54
  0.955  1.62101  13.4457  26.5747  3.38506  3.38506  10.4984  9.55
  0.956  1.59241  14.0049  26.3814  3.38184  3.38184  10.5524  9.56
  0.957  1.60532  14.0644  25.8762  3.52031  3.52031  10.5513  9.57
  0.958  1.34648  14.2821  25.4241  3.57087  3.57087  10.4815  9.58
  0.959  1.43985  15.1532  25.2346  4.17438  4.17438  10.5524  9.59
  0.96  1.15215  15.0544  25.7898  4.01737  4.01737  10.4925  9.6
  0.961  1.21943  14.8572  25.1793  4.21137  4.21137  10.6338  9.61
  0.962  1.20987  15.5779  26.4817  4.47714  4.47714  10.725  9.62
  0.963  1.23668  15.2769  26.4227  4.69429  4.69429  10.7548  9.63
  0.964  1.21696  15.6643  25.2622  4.56776  4.56776  10.799  9.64
  0.965  1.18691  16.3561  25.019  4.71479  4.71479  10.9404  9.65
  0.966  1.24908  16.0314  25.0185  4.98515  4.98515  10.9308  9.66
  0.967  1.07435  15.3733  22.9658  5.56534  5.56534  10.949  9.67
  0.968  1.08311  15.3771  21.8503  5.1838  5.1838  10.9741  9.68
  0.969  1.09271  14.8211  21.7737  5.69606  5.69606  10.9208  9.69
  0.97  1.13241  14.4159  21.8768  6.00402  6.00402  10.9249  9.7
  0.971  1.1684  15.0128  22.3499  5.43309  5.43309  11.028  9.71
  0.972  1.22374  14.3132  22.0481  6.26629  6.26629  10.921  9.72
  0.973  1.1268  13.3542  22.3359  6.88449  6.88449  10.896  9.73
  0.974  1.11248  13.4038  21.7349  6.63637  6.63637  10.8016  9.74
  0.975  1.14336  13.7381  21.7978  6.91451  6.91451  10.6924  9.75
  0.976  1.2125  14.5767  21.2305  7.35423  7.35423  10.7734  9.76
  0.977  1.19968  14.9124  21.2348  7.33806  7.33806  10.6795  9.77
  0.978  1.13255  14.9109  20.9544  7.37285  7.37285  10.7368  9.78
  0.979  1.45485  14.6904  20.1461  7.52137  7.52137  10.7591  9.79
  0.98  1.4937  15.1485  20.3239  7.2062  7.2062  10.858  9.8
  0.981  1.72203  14.0167  20.4956  7.2018  7.2018  10.8977  9.81
  0.982  1.65642  13.8515  21.7747  7.60193  7.60193  10.885  9.82
  0.983  1.75561  13.8395  22.5147  7.53737  7.53737  10.9029  9.83
  0.984  1.74922  13.7222  20.601  7.33383  7.33383  10.9393  9.84
  0.985  1.82331  13.5925  22.6962  5.89153  5.89153  10.8615  9.85
  0.986  1.80105  12.1853  24.4023  5.72818  5.72818  10.9003  9.86
  0.987  1.84064  12.4303  24.5179  5.94295  5.94295  10.9103  9.87
  0.988  1.9155  13.5317  27.1563  6.12604  6.12604  11.0106  9.88
  0.989  2.16705  13.1596  26.2791  6.37512  6.37512  10.9659  9.89
  0.99  2.15717  11.8291  26.7545  6.22419  6.22419  11.007  9.9
  0.991  2.25652  11.7368  27.9787  6.64851  6.64851  11.0151  9.91
  0.992  2.2638  11.5339  28.4726  6.69987  6.69987  10.9706  9.92
  0.993  2.28898  11.1544  27.9493  6.56657  6.56657  10.9419  9.93
  0.994  2.46746  11.9498  29.0104  6.73937  6.73937  10.927  9.94
  0.995  2.66866  12.3349  29.1824  7.42642  7.42642  10.9973  9.95
  0.996  2.56946  12.4358  29.3168  7.42919  7.42919  11.0411  9.96
  0.997  2.71847  13.2154  29.5359  7.56273  7.56273  11.1101  9.97
  0.998  2.81038  12.1204  29.817  8.03165  8.03165  11.1192  9.98
  0.999  2.81124  12.3795  30.2488  8.4915  8.4915  11.1559  9.99
  1  3.24483  12.98  28.5855  8.23876  8.23876  11.1284  10
