  0  0  0  0  0  0  0  0
  0.001  0.00771709  0.000918461  0.0188931  0.00128026  0.00128026  0.014395  0.01
  0.002  0.0130028  0.00271026  7.30958e-05  0.00238022  0.00238022  0.0252471  0.02
  0.003  0.0224465  0.000432411  0.00119224  5.51011e-07  5.51011e-07  0.0371251  0.03
  0.004  0.00569335  0.00283663  0.0282566  0.00699705  0.00699705  0.042899  0.04
  0.005  0.0105692  0.014447  0.0474264  5.1585e-05  5.1585e-05  0.0398738  0.05
  0.006  0.00123149  0.00655092  0.0451441  0.00629541  0.00629541  0.0483439  0.06
  0.007  0.000317593  0.0351401  0.0385407  0.00291831  0.00291831  0.0510498  0.07
  0.008  0.00252248  0.0159322  0.00606158  9.42852e-05  9.42852e-05  0.0560266  0.08
  0.009  0.042852  0.00706503  0.0115806  0.00129039  0.00129039  0.0667705  0.09
  0.01  0.0536114  0.00321092  0.0205099  0.00163772  0.00163772  0.0710579  0.1
  0.011  0.0358409  0.0106446  0.018086  0.00467555  0.00467555  0.0742388  0.11
  0.012  0.0397883  0.0171766  0.00233707  0.000407937  0.000407937  0.0740105  0.12
  0.013  0.149675  0.0366159  0.00118538  0.00495172  0.00495172  0.0773826  0.13
  0.014  0.0946309  0.0348847  0.000419318  0.00234692  0.00234692  0.0768484  0.14
  0.015  0.0828574  0.0270798  0.000950229  0.00471555  0.00471555  0.082911  0.15
  0.016  0.0977721  0.0574253  0.0206929  0.00389525  0.00389525  0.0865742  0.16
  0.017  0.187088  0.0601005  0.00996696  0.00263056  0.00263056  0.110417  0.17
  0.018  0.2209  0.00905922  0.000680292  0.00957233  0.00957233  0.119622  0.18
  0.019  0.342341  0.00109561  0.0028375  0.0226295  0.0226295  0.146371  0.19
  0.02  0.201293  0.014268  0.00635441  0.01712  0.01712  0.156874  0.2
  0.021  0.206587  0.0163237  0.0313328  0.00792515  0.00792515  0.177112  0.21
  0.022  0.182215  0.0417589  0.0159477  0.0203234  0.0203234  0.186378  0.22
  0.023  0.226733  0.00704473  4.88726e-05  0.000536544  0.000536544  0.202608  0.23
  0.024  0.272013  0.0400355  0.00179666  0.00225761  0.00225761  0.210482  0.24
  0.025  0.283862  0.0221699  0.00904353  0.0121202  0.0121202  0.211673  0.25
  0.026  0.234088  0.0558879  0.010227  0.00560155  0.00560155  0.221746  0.26
  0.027  0.196318  0.10187  0.0386306  0.0218056  0.0218056  0.232147  0.27
  0.028  0.260627  0.128492  0.0101005  0.00456719  0.00456719  0.235641  0.28
  0.029  0.207465  0.258262  0.0463996  0.00911144  0.00911144  0.26081  0.29
  0.03  0.0922954  0.159666  0.192766  0.00533422  0.00533422  0.291115  0.3
  0.031  0.0600912  0.121391  0.320907  0.022422  0.022422  0.281041  0.31
  0.032  0.0891848  0.134371  0.173526  0.0500828  0.0500828  0.293028  0.32
  0.033  0.137787  0.215626  0.224708  0.10509  0.10509  0.318483  0.33
  0.034  0.209556  0.390974  0.228289  0.152352  0.152352  0.336107  0.34
  0.035  0.14354  0.486187  0.293988  0.138301  0.138301  0.346739  0.35
  0.036  0.163802  0.653001  0.322086  0.210711  0.210711  0.381662  0.36
  0.037  0.279172  0.568617  0.325734  0.283095  0.283095  0.366023  0.37
  0.038  0.4959  0.517168  0.327878  0.269634  0.269634  0.366297  0.38
  0.039  0.535943  0.339508  0.157833  0.123296  0.123296  0.38845  0.39
  0.04  0.423462  0.408385  0.21489  0.0835316  0.0835316  0.422192  0.4
  0.041  0.26722  0.413096  0.237064  0.197327  0.197327  0.415428  0.41
  0.042  0.318143  0.340695  0.160928  0.270049  0.270049  0.451873  0.42
  0.043  0.197062  0.418614  0.137975  0.205353  0.205353  0.436884  0.43
  0.044  0.067615  0.374578  0.189689  0.182432  0.182432  0.446421  0.44
  0.045  0.0956861  0.790231  0.387234  0.13463  0.13463  0.468814  0.45
  0.046  0.125328  0.524839  0.308724  0.221252  0.221252  0.478617  0.46
  0.047  0.159113  0.434022  0.53604  0.341228  0.341228  0.466782  0.47
  0.048  0.149585  0.478945  0.595441  0.401329  0.401329  0.475111  0.48
  0.049  0.0393725  0.540605  0.642473  0.58833  0.58833  0.510713  0.49
  0.05  0.0461084  0.512891  0.522234  0.470965  0.470965  0.52659  0.5
  0.051  0.125886  0.400445  0.350946  0.403205  0.403205  0.5454  0.51
  0.052  0.187436  0.651597  0.232143  0.369966  0.369966  0.56891  0.52
  0.053  0.369117  0.752691  0.300106  0.414665  0.414665  0.592049  0.53
  0.054  0.333069  0.846338  0.207025  0.350521  0.350521  0.662597  0.54
  0.055  0.587999  1.48538  0.272751  0.215431  0.215431  0.721151  0.55
  0.056  0.65201  1.43264  0.26975  0.252164  0.252164  0.739573  0.56
  0.057  0.312818  1.26464  0.178579  0.239733  0.239733  0.740595  0.57
  0.058  0.285142  1.01147  0.127517  0.196977  0.196977  0.747631  0.58
  0.059  0.329961  1.28174  0.178674  0.180594  0.180594  0.787076  0.59
  0.06  0.368483  1.41916  0.0858073  0.109426  0.109426  0.79839  0.6
  0.061  0.457223  1.21848  0.0845962  0.0928462  0.0928462  0.861521  0.61
  0.062  0.657129  0.93549  0.21989  0.0767155  0.0767155  0.843223  0.62
  0.063  0.738395  1.01317  0.243025  0.090385  0.090385  0.855642  0.63
  0.064  0.51906  0.929416  0.388147  0.0654408  0.0654408  0.860166  0.64
  0.065  0.501535  0.915301  0.451991  0.12305  0.12305  0.912406  0.65
  0.066  0.449948  0.852698  0.548523  0.127007  0.127007  0.914296  0.66
  0.067  0.525616  0.860934  0.700748  0.128985  0.128985  0.950501  0.67
  0.068  0.404111  0.998321  0.578416  0.112522  0.112522  0.971575  0.68
  0.069  0.3801  1.40289  0.615961  0.163266  0.163266  0.98627  0.69
  0.07  0.512382  1.58054  0.982016  0.100389  0.100389  1.0601  0.7
  0.071  0.68018  1.1645  1.27993  0.0847103  0.0847103  1.08069  0.71
  0.072  0.495898  0.957682  1.37529  0.0437563  0.0437563  1.12275  0.72
  0.073  0.512881  1.18168  1.34808  0.0267576  0.0267576  1.16595  0.73
  0.074  0.536505  1.03818  1.07646  0.0406616  0.0406616  1.16109  0.74
  0.075  0.584734  1.00013  1.08539  0.124607  0.124607  1.19101  0.75
  0.076  0.448696  0.776692  0.902177  0.144973  0.144973  1.1532  0.76
  0.077  0.353013  0.69926  1.05562  0.101166  0.101166  1.18331  0.77
  0.078  0.561865  0.903997  1.15667  0.116987  0.116987  1.2002  0.78
  0.079  1.09749  0.751572  0.772849  0.0666732  0.0666732  1.21729  0.79
  0.08  1.01731  0.85485  0.851815  0.0968921  0.0968921  1.21387  0.8
  0.081  1.28289  1.04847  0.677587  0.101398  0.101398  1.2291  0.81
  0.082  1.8537  1.18406  0.767245  0.141621  0.141621  1.2414  0.82
  0.083  1.69919  1.04666  0.917786  0.205683  0.205683  1.22366  0.83
  0.084  1.875  1.0053  1.07849  0.316631  0.316631  1.27083  0.84
  0.085  1.91644  1.10647  0.539656  0.336901  0.336901  1.27784  0.85
  0.086  2.00941  1.31042  0.537265  0.606065  0.606065  1.29615  0.86
  0.087  2.17169  1.2331  0.531167  0.704481  0.704481  1.29355  0.87
  0.088  2.49544  1.37504  0.524819  0.525532  0.525532  1.31632  0.88
  0.089  2.70921  1.33477  0.513657  0.38296  0.38296  1.31242  0.89
  0.09  3.42625  1.40657  0.366315  0.146082  0.146082  1.29771  0.9
  0.091  3.64817  1.46295  0.225408  0.250399  0.250399  1.28124  0.91
  0.092  3.69308  1.44411  0.170741  0.155148  0.155148  1.26676  0.92
  0.093  3.02922  1.43471  0.257809  0.156338  0.156338  1.23066  0.93
  0.094  2.73595  1.33498  0.258605  0.0398826  0.0398826  1.21902  0.94
  0.095  3.0765  1.75171  0.348987  0.0411541  0.0411541  1.21546  0.95
  0.096  3.02704  1.53341  0.326009  0.0277774  0.0277774  1.20423  0.96
  0.097  2.91011  1.64656  0.356392  0.013123  0.013123  1.22184  0.97
  0.098  3.25052  1.73033  0.243661  0.0480191  0.0480191  1.20878  0.98
  0.099  3.21655  1.53299  0.453132  0.0390129  0.0390129  1.16147  0.99
  0.1  3.63366  1.60145  0.379008  0.142242  0.142242  1.1974  1
  0.101  3.31435  1.80988  0.290158  0.0483612  0.0483612  1.20036  1.01
  0.102  3.07007  1.72377  0.100004  0.0253327  0.0253327  1.13934  1.02
  0.103  2.93032  1.83746  0.0571127  0.0226834  0.0226834  1.20678  1.03
  0.104  2.93925  2.19238  0.0480791  0.0489434  0.0489434  1.16678  1.04
  0.105  3.22151  1.91173  0.0373909  0.144682  0.144682  1.20026  1.05
  0.106  3.36711  2.36271  0.0169127  0.141179  0.141179  1.23257  1.06
  0.107  2.89827  2.95304  0.0317324  0.198439  0.198439  1.25438  1.07
  0.108  1.98685  2.86246  0.0177476  0.393627  0.393627  1.23905  1.08
  0.109  1.94414  2.85365  0.00669076  0.491347  0.491347  1.23093  1.09
  0.11  2.43472  2.41305  0.00822929  0.502214  0.502214  1.26677  1.1
  0.111  2.11675  2.21317  0.0132964  0.400257  0.400257  1.29118  1.11
  0.112  2.31833  1.91762  0.00990279  0.531524  0.531524  1.26837  1.12
  0.113  2.31499  1.85401  0.0805389  0.664412  0.664412  1.20834  1.13
  0.114  2.0403  1.87574  0.081654  0.711387  0.711387  1.24767  1.14
  0.115  2.07067  1.68095  0.13181  0.839402  0.839402  1.26691  1.15
  0.116  1.8274  2.1365  0.134923  0.728889  0.728889  1.30599  1.16
  0.117  1.58961  2.25045  0.0455348  0.79872  0.79872  1.32402  1.17
  0.118  1.32793  2.37303  0.0338356  0.716959  0.716959  1.33748  1.18
  0.119  1.06057  2.18736  0.0894655  0.556838  0.556838  1.39376  1.19
  0.12  0.915294  2.06759  0.0265754  0.677751  0.677751  1.40051  1.2
  0.121  0.738605  1.92113  0.139531  1.02466  1.02466  1.3844  1.21
  0.122  0.854936  1.55152  0.00547777  1.11723  1.11723  1.38639  1.22
  0.123  0.833927  1.47715  0.00415736  1.20124  1.20124  1.39089  1.23
  0.124  0.759442  1.06606  0.0934743  1.42011  1.42011  1.3971  1.24
  0.125  0.723093  0.909165  0.084383  0.930885  0.930885  1.49092  1.25
  0.126  0.501658  0.829673  0.0750893  1.02361  1.02361  1.49993  1.26
  0.127  0.76311  0.76919  0.222943  0.943466  0.943466  1.4589  1.27
  0.128  0.869329  0.712624  0.304601  0.926715  0.926715  1.45792  1.28
  0.129  0.878191  0.622453  0.469092  0.693613  0.693613  1.50534  1.29
  0.13  1.12001  0.632981  0.451951  0.678671  0.678671  1.51333  1.3
  0.131  1.383  0.712523  0.354956  0.612355  0.612355  1.50577  1.31
  0.132  1.67151  0.770717  0.290702  0.709112  0.709112  1.56311  1.32
  0.133  2.08882  0.894767  0.344614  0.696303  0.696303  1.60933  1.33
  0.134  1.84372  1.21092  0.209711  0.973545  0.973545  1.55182  1.34
  0.135  1.74203  1.01452  0.29734  1.10902  1.10902  1.57018  1.35
  0.136  1.6205  1.26128  0.161664  0.864721  0.864721  1.50885  1.36
  0.137  1.42587  1.20837  0.136224  0.796662  0.796662  1.52487  1.37
  0.138  1.70145  1.20969  0.106444  1.17969  1.17969  1.56448  1.38
  0.139  1.535  1.31554  0.111455  1.4662  1.4662  1.57826  1.39
  0.14  1.64566  1.237  0.0948019  1.73674  1.73674  1.58398  1.4
  0.141  1.63117  1.63348  0.0533992  1.50694  1.50694  1.60128  1.41
  0.142  1.78172  1.85141  0.106759  1.71935  1.71935  1.63006  1.42
  0.143  1.9105  1.68993  0.162409  1.41067  1.41067  1.68374  1.43
  0.144  2.08459  2.22388  0.155422  0.920926  0.920926  1.72645  1.44
  0.145  2.3515  2.55685  0.0558875  0.827731  0.827731  1.70778  1.45
  0.146  2.10267  2.54914  0.0129383  0.747034  0.747034  1.71786  1.46
  0.147  2.18416  2.45312  0.00167783  0.958457  0.958457  1.69579  1.47
  0.148  2.16585  2.4297  0.00149943  0.918778  0.918778  1.71905  1.48
  0.149  2.0767  2.33224  0.0320279  1.32777  1.32777  1.74417  1.49
  0.15  2.58202  2.1493  0.111425  1.61508  1.61508  1.75846  1.5
  0.151  2.262  2.27938  0.106651  1.82898  1.82898  1.73059  1.51
  0.152  1.87706  1.55894  0.238985  1.76172  1.76172  1.74425  1.52
  0.153  2.04052  1.82244  0.25102  2.23206  2.23206  1.79664  1.53
  0.154  2.28827  2.30586  0.118631  2.33842  2.33842  1.883  1.54
  0.155  2.70843  2.22733  0.292328  2.3818  2.3818  1.93042  1.55
  0.156  3.29136  2.52432  0.327566  2.2131  2.2131  1.96452  1.56
  0.157  3.1196  3.73565  0.380011  2.43316  2.43316  2.05076  1.57
  0.158  3.66869  3.46991  0.306594  2.76158  2.76158  2.18379  1.58
  0.159  3.98207  2.95698  0.280679  3.292  3.292  2.29571  1.59
  0.16  3.51304  3.82958  0.240279  3.34419  3.34419  2.32582  1.6
  0.161  3.51928  3.46727  0.232528  3.14059  3.14059  2.3518  1.61
  0.162  3.13258  3.29485  0.31777  2.97134  2.97134  2.34126  1.62
  0.163  3.46398  3.79314  0.351953  2.48853  2.48853  2.32754  1.63
  0.164  3.93998  4.01061  0.332925  2.60044  2.60044  2.43002  1.64
  0.165  4.75873  4.08631  0.230982  2.20583  2.20583  2.52023  1.65
  0.166  4.63202  4.79659  0.190793  2.24817  2.24817  2.5256  1.66
  0.167  4.69973  4.7059  0.164115  2.1007  2.1007  2.59428  1.67
  0.168  4.54293  4.56829  0.221148  2.53352  2.53352  2.62792  1.68
  0.169  4.24095  4.61548  0.260947  2.4521  2.4521  2.63921  1.69
  0.17  3.88479  5.01643  0.199604  2.35277  2.35277  2.66736  1.7
  0.171  3.69927  4.72553  0.153131  2.61909  2.61909  2.68299  1.71
  0.172  4.11769  4.70872  0.143204  2.23309  2.23309  2.66449  1.72
  0.173  3.53856  4.67304  0.207387  2.13846  2.13846  2.71054  1.73
  0.174  3.32713  4.43845  0.116295  2.34899  2.34899  2.6287  1.74
  0.175  3.80216  4.23168  0.0457503  2.32834  2.32834  2.67271  1.75
  0.176  3.7425  4.29715  0.0287386  1.90445  1.90445  2.63256  1.76
  0.177  3.69198  4.83974  0.0263611  2.13693  2.13693  2.65157  1.77
  0.178  3.37171  5.47119  0.0490578  1.83601  1.83601  2.59179  1.78
  0.179  2.80937  6.26205  0.0232776  2.1191  2.1191  2.53934  1.79
  0.18  2.48303  6.68058  0.00621483  1.83832  1.83832  2.52091  1.8
  0.181  2.17177  5.99174  0.123462  1.8365  1.8365  2.4704  1.81
  0.182  1.56672  6.07316  0.142198  1.88161  1.88161  2.43528  1.82
  0.183  1.72922  5.54596  0.216202  1.57509  1.57509  2.48086  1.83
  0.184  1.68011  5.94689  0.276895  1.60325  1.60325  2.55439  1.84
  0.185  1.72581  6.00602  0.0728058  1.48213  1.48213  2.52603  1.85
  0.186  1.88374  5.95489  0.117889  1.19364  1.19364  2.51302  1.86
  0.187  1.74312  6.10634  0.231516  0.773047  0.773047  2.54484  1.87
  0.188  1.80132  6.88605  0.314082  0.799602  0.799602  2.50646  1.88
  0.189  1.55339  6.72468  0.187981  0.755504  0.755504  2.52176  1.89
  0.19  1.95699  6.90025  0.0916379  0.82611  0.82611  2.54593  1.9
  0.191  2.06538  7.321  0.0902348  0.766374  0.766374  2.5853  1.91
  0.192  2.36457  6.36946  0.0427777  0.628938  0.628938  2.62532  1.92
  0.193  2.47811  6.48833  0.0904292  0.503908  0.503908  2.58571  1.93
  0.194  2.31394  6.51567  0.132334  0.426796  0.426796  2.63326  1.94
  0.195  2.19032  6.8621  0.246794  0.21376  0.21376  2.70691  1.95
  0.196  1.92499  7.5968  0.235257  0.202255  0.202255  2.74075  1.96
  0.197  2.21815  8.41726  0.134383  0.188615  0.188615  2.79012  1.97
  0.198  1.51369  8.87498  0.133256  0.0877646  0.0877646  2.82688  1.98
  0.199  1.59733  8.5255  0.236362  0.12351  0.12351  2.75579  1.99
  0.2  1.58452  8.33498  0.221492  0.164542  0.164542  2.80096  2
  0.201  1.41198  8.06145  0.0720578  0.112893  0.112893  2.74316  2.01
  0.202  1.27463  8.66128  0.0764016  0.0534582  0.0534582  2.75508  2.02
  0.203  1.32659  8.86175  0.217962  0.000256642  0.000256642  2.78223  2.03
  0.204  1.19515  9.08896  0.323573  0.000318768  0.000318768  2.79014  2.04
  0.205  1.02618  8.26751  0.280297  0.000250723  0.000250723  2.72918  2.05
  0.206  0.962638  8.31373  0.0914348  0.000184353  0.000184353  2.74378  2.06
  0.207  0.940972  8.56471  0.117901  0.0189053  0.0189053  2.76432  2.07
  0.208  0.757771  8.49324  0.11804  0.000798969  0.000798969  2.72119  2.08
  0.209  0.462808  8.23478  0.0633516  0.017273  0.017273  2.62541  2.09
  0.21  0.466103  8.18556  0.120456  0.102355  0.102355  2.56159  2.1
  0.211  0.198415  9.4068  0.169393  0.122016  0.122016  2.60521  2.11
  0.212  0.43387  9.36625  0.15383  0.12599  0.12599  2.63898  2.12
  0.213  0.559561  8.76194  0.0202686  0.0771091  0.0771091  2.62648  2.13
  0.214  0.49196  8.45318  0.0807289  0.0238521  0.0238521  2.69262  2.14
  0.215  0.287045  9.21477  0.0679528  0.0129961  0.0129961  2.68702  2.15
  0.216  0.945741  7.53712  0.0469466  0.0464603  0.0464603  2.65886  2.16
  0.217  0.941225  7.80436  0.000151676  0.0247956  0.0247956  2.68738  2.17
  0.218  0.82656  8.29471  9.63593e-06  0.0161654  0.0161654  2.76934  2.18
  0.219  0.64895  8.13846  0.000515526  0.0814972  0.0814972  2.78488  2.19
  0.22  0.690429  7.71421  0.0369389  0.177359  0.177359  2.71684  2.2
  0.221  0.768759  7.11747  0.00259989  0.202561  0.202561  2.76111  2.21
  0.222  0.826264  6.26164  0.00979901  0.170014  0.170014  2.76127  2.22
  0.223  0.800465  7.04734  0.00318174  0.101452  0.101452  2.78639  2.23
  0.224  1.17634  6.81749  0.0307769  0.0922062  0.0922062  2.80755  2.24
  0.225  1.08297  6.33969  0.000179945  0.10128  0.10128  2.71414  2.25
  0.226  1.1059  5.97849  0.00386734  0.174559  0.174559  2.64659  2.26
  0.227  1.56396  5.75047  0.0385166  0.176266  0.176266  2.6996  2.27
  0.228  1.73457  5.79971  0.0138529  0.103933  0.103933  2.77987  2.28
  0.229  1.90161  6.18047  0.0535073  0.0498928  0.0498928  2.78457  2.29
  0.23  1.8858  6.25323  0.209481  0.0107916  0.0107916  2.86695  2.3
  0.231  1.98031  6.20888  0.283026  0.0193164  0.0193164  2.8439  2.31
  0.232  1.83131  6.18264  0.243154  0.0217275  0.0217275  2.78847  2.32
  0.233  1.95416  5.5943  0.255911  0.0418966  0.0418966  2.83832  2.33
  0.234  2.25488  5.69371  0.309419  0.0358704  0.0358704  2.77276  2.34
  0.235  2.02364  5.58737  0.120665  0.0968392  0.0968392  2.79136  2.35
  0.236  1.65502  4.81975  0.173594  0.0638314  0.0638314  2.78834  2.36
  0.237  1.23366  5.10229  0.12582  0.0200979  0.0200979  2.79361  2.37
  0.238  1.35596  4.75241  0.217526  0.0833866  0.0833866  2.82824  2.38
  0.239  1.05541  4.97441  0.289776  0.122712  0.122712  2.83165  2.39
  0.24  0.878805  5.02771  0.177938  0.0914159  0.0914159  2.76352  2.4
  0.241  1.33656  4.8285  0.294543  0.0862606  0.0862606  2.81246  2.41
  0.242  1.73949  3.44583  0.228205  0.121933  0.121933  2.78214  2.42
  0.243  1.3537  3.50256  0.429728  0.203559  0.203559  2.78115  2.43
  0.244  1.52653  3.57608  0.713975  0.148098  0.148098  2.8105  2.44
  0.245  2.07156  3.8224  0.630259  0.171362  0.171362  2.85816  2.45
  0.246  1.83094  3.91463  0.623426  0.12737  0.12737  2.82677  2.46
  0.247  1.92893  4.17973  0.510377  0.135183  0.135183  2.84649  2.47
  0.248  2.10135  4.40988  0.399128  0.130692  0.130692  2.87417  2.48
  0.249  1.78585  4.3  0.381887  0.159981  0.159981  2.90144  2.49
  0.25  1.4007  4.65867  0.352602  0.177851  0.177851  2.95595  2.5
  0.251  1.66741  4.93774  0.69508  0.156874  0.156874  2.9818  2.51
  0.252  1.61648  4.39504  0.747466  0.096854  0.096854  3.08549  2.52
  0.253  1.77391  4.48256  0.753986  0.0915004  0.0915004  3.10718  2.53
  0.254  1.6128  3.77691  1.21452  0.0424288  0.0424288  3.12611  2.54
  0.255  1.78665  3.3542  1.07405  0.0140398  0.0140398  3.23526  2.55
  0.256  1.58484  3.05977  1.13856  0.0319704  0.0319704  3.17566  2.56
  0.257  1.75058  3.19891  1.25316  0.0559101  0.0559101  3.20794  2.57
  0.258  1.9511  2.75131  0.804297  0.111654  0.111654  3.12259  2.58
  0.259  2.06734  2.9996  0.771154  0.119962  0.119962  3.19647  2.59
  0.26  2.35658  3.29669  0.956571  0.0215398  0.0215398  3.1077  2.6
  0.261  2.76764  3.42122  0.890559  6.14547e-05  6.14547e-05  3.1742  2.61
  0.262  3.53176  3.4253  0.990194  0.00358137  0.00358137  3.22105  2.62
  0.263  3.2723  3.20235  1.41989  0.00818568  0.00818568  3.27154  2.63
  0.264  3.34579  3.47667  1.05189  0.0125978  0.0125978  3.26993  2.64
  0.265  2.87657  3.68873  1.30459  0.0620181  0.0620181  3.21365  2.65
  0.266  3.24133  3.904  1.29191  0.0628805  0.0628805  3.34583  2.66
  0.267  3.13138  4.66484  1.31527  0.0619357  0.0619357  3.44329  2.67
  0.268  3.13076  4.78165  1.57367  0.0690627  0.0690627  3.39748  2.68
  0.269  2.81319  4.49547  2.00494  0.0613071  0.0613071  3.45078  2.69
  0.27  3.05641  4.62522  2.03241  0.0640289  0.0640289  3.46101  2.7
  0.271  3.78995  4.38789  1.73079  0.0509235  0.0509235  3.44936  2.71
  0.272  3.96995  4.34974  1.94556  0.0334111  0.0334111  3.42999  2.72
  0.273  3.98753  4.34935  1.29431  0.0403557  0.0403557  3.35049  2.73
  0.274  4.26788  3.9468  1.72837  0.0440251  0.0440251  3.38323  2.74
  0.275  4.33704  4.38131  2.08409  0.0547683  0.0547683  3.42454  2.75
  0.276  4.65244  3.91598  1.76843  0.151717  0.151717  3.34413  2.76
  0.277  4.55692  3.84515  1.58783  0.160445  0.160445  3.28146  2.77
  0.278  4.67457  3.50787  1.36605  0.19311  0.19311  3.24777  2.78
  0.279  3.87887  3.35937  1.67209  0.14925  0.14925  3.16867  2.79
  0.28  4.28993  3.62241  1.19861  0.140576  0.140576  3.17838  2.8
  0.281  3.97834  3.31334  1.39813  0.122414  0.122414  3.17956  2.81
  0.282  3.819  3.11838  1.43433  0.131366  0.131366  3.256  2.82
  0.283  4.03691  2.9046  1.76616  0.13569  0.13569  3.27375  2.83
  0.284  3.57147  3.25079  1.47976  0.194395  0.194395  3.21753  2.84
  0.285  3.39334  4.10316  1.2018  0.180499  0.180499  3.20666  2.85
  0.286  3.56049  3.86608  1.40772  0.228865  0.228865  3.11267  2.86
  0.287  3.31312  3.65  1.88762  0.346916  0.346916  3.15661  2.87
  0.288  3.02638  2.96211  2.32781  0.495251  0.495251  3.13449  2.88
  0.289  3  3.19582  2.28667  0.351423  0.351423  3.07772  2.89
  0.29  2.96373  3.04411  2.60283  0.257978  0.257978  3.07783  2.9
  0.291  3.32528  2.25941  3.7736  0.218325  0.218325  3.05278  2.91
  0.292  3.59681  2.21436  3.51867  0.26697  0.26697  3.09491  2.92
  0.293  3.48117  2.61984  3.89677  0.300128  0.300128  3.15432  2.93
  0.294  3.20485  2.42564  4.44411  0.26434  0.26434  3.06951  2.94
  0.295  3.02321  2.42625  5.07327  0.296  0.296  3.09524  2.95
  0.296  2.89242  3.06087  5.15712  0.310055  0.310055  3.17246  2.96
  0.297  2.68343  2.86539  5.04349  0.351615  0.351615  3.27909  2.97
  0.298  2.5874  2.20739  6.28406  0.271935  0.271935  3.2402  2.98
  0.299  2.27183  2.13796  6.63658  0.210723  0.210723  3.2747  2.99
  0.3  2.38808  2.03761  6.33399  0.365431  0.365431  3.25594  3
  0.301  2.21706  2.6972  6.90923  0.36785  0.36785  3.309  3.01
  0.302  1.78553  2.37129  7.49957  0.293431  0.293431  3.35532  3.02
  0.303  2.19957  2.73971  8.23141  0.325653  0.325653  3.37528  3.03
  0.304  2.06103  2.36148  7.51442  0.217293  0.217293  3.38076  3.04
  0.305  1.70546  2.30071  7.97871  0.21275  0.21275  3.43389  3.05
  0.306  1.61571  2.51401  7.79376  0.309189  0.309189  3.47051  3.06
  0.307  1.7957  2.5396  7.0552  0.171996  0.171996  3.46453  3.07
  0.308  1.75423  2.28007  7.53903  0.268587  0.268587  3.41457  3.08
  0.309  1.59322  1.84425  7.90249  0.181197  0.181197  3.42282  3.09
  0.31  1.23508  2.12709  7.09742  0.188581  0.188581  3.33816  3.1
  0.311  1.44614  2.12114  6.88168  0.290823  0.290823  3.37561  3.11
  0.312  1.47423  2.12135  6.98298  0.176376  0.176376  3.41609  3.12
  0.313  1.97318  2.58513  7.67692  0.280553  0.280553  3.48366  3.13
  0.314  1.93526  2.18489  7.91852  0.187464  0.187464  3.49923  3.14
  0.315  1.92255  2.39116  7.24438  0.164905  0.164905  3.53328  3.15
  0.316  1.98041  2.7608  7.25553  0.0505691  0.0505691  3.55786  3.16
  0.317  2.06919  2.6204  6.54113  0.106798  0.106798  3.53102  3.17
  0.318  1.9159  2.51199  5.61293  0.11846  0.11846  3.51002  3.18
  0.319  1.90293  2.34665  4.24503  0.240035  0.240035  3.46822  3.19
  0.32  1.90254  2.83076  4.27013  0.138697  0.138697  3.43331  3.2
  0.321  1.54881  2.72411  4.39696  0.115998  0.115998  3.36073  3.21
  0.322  1.25011  2.85805  4.5149  0.0663704  0.0663704  3.32395  3.22
  0.323  1.13767  2.54017  4.6063  0.0720585  0.0720585  3.29096  3.23
  0.324  1.38441  2.00792  5.76854  0.209814  0.209814  3.28416  3.24
  0.325  1.29631  1.70104  5.04553  0.137876  0.137876  3.3193  3.25
  0.326  1.51047  1.95698  5.0177  0.141588  0.141588  3.3409  3.26
  0.327  1.34651  2.37716  5.12019  0.147097  0.147097  3.44405  3.27
  0.328  1.86365  2.11544  5.29279  0.0602705  0.0602705  3.43191  3.28
  0.329  2.07072  2.18916  5.34864  0.16331  0.16331  3.44566  3.29
  0.33  2.06389  3.14145  4.90013  0.0615171  0.0615171  3.41911  3.3
  0.331  1.77513  2.758  5.43356  0.0483136  0.0483136  3.41927  3.31
  0.332  1.29037  2.50798  5.85369  0.0246633  0.0246633  3.44798  3.32
  0.333  1.39274  3.06561  5.72097  0.0050564  0.0050564  3.34  3.33
  0.334  1.52149  2.7628  5.45052  0.00495901  0.00495901  3.3896  3.34
  0.335  1.59697  2.89105  5.64786  0.00271716  0.00271716  3.33596  3.35
  0.336  1.46939  3.18404  5.21565  0.0287908  0.0287908  3.17971  3.36
  0.337  1.58735  3.62919  5.26473  0.00338651  0.00338651  3.19241  3.37
  0.338  1.30248  3.76145  4.2431  3.54236e-05  3.54236e-05  3.19691  3.38
  0.339  1.26329  3.69779  4.61537  0.000134447  0.000134447  3.19353  3.39
  0.34  1.31481  3.50417  4.7424  0.00014804  0.00014804  3.25835  3.4
  0.341  1.19233  3.68612  5.5267  0.000696712  0.000696712  3.19517  3.41
  0.342  0.997563  3.61431  4.75223  0.00665532  0.00665532  3.10072  3.42
  0.343  1.00638  4.11255  5.20938  9.38343e-05  9.38343e-05  3.17765  3.43
  0.344  1.14138  4.54888  4.97919  0.00981645  0.00981645  3.20589  3.44
  0.345  1.11386  5.70917  4.87246  0.00104832  0.00104832  3.21383  3.45
  0.346  0.998726  5.46912  5.18455  0.0753134  0.0753134  3.26622  3.46
  0.347  1.13986  5.59546  5.36152  0.143188  0.143188  3.43683  3.47
  0.348  0.949976  5.43352  5.32953  0.00972165  0.00972165  3.49556  3.48
  0.349  0.792  5.86511  5.41422  0.0403484  0.0403484  3.60701  3.49
  0.35  0.897425  6.30941  5.27432  0.00592044  0.00592044  3.62083  3.5
  0.351  1.02558  5.99117  5.9227  0.0319993  0.0319993  3.61549  3.51
  0.352  1.11594  6.53313  6.1277  0.0793291  0.0793291  3.5987  3.52
  0.353  1.24425  6.81504  6.65371  0.117865  0.117865  3.575  3.53
  0.354  1.22747  6.12839  6.86354  0.0606615  0.0606615  3.48478  3.54
  0.355  1.25912  6.53428  6.85298  0.0892869  0.0892869  3.50705  3.55
  0.356  1.20284  6.40255  6.51759  0.0562924  0.0562924  3.55393  3.56
  0.357  1.29674  6.00084  7.25422  0.130158  0.130158  3.6034  3.57
  0.358  1.29236  5.69443  7.47692  0.161866  0.161866  3.62031  3.58
  0.359  1.44638  5.99929  7.19256  0.0840705  0.0840705  3.55472  3.59
  0.36  0.863603  7.11155  7.56001  0.111649  0.111649  3.65178  3.6
  0.361  0.877922  7.43612  8.33169  0.221262  0.221262  3.64726  3.61
  0.362  0.574711  6.40013  9.19508  0.210301  0.210301  3.70459  3.62
  0.363  0.630136  6.79465  8.52363  0.202425  0.202425  3.7853  3.63
  0.364  0.691584  7.70748  8.60256  0.239482  0.239482  3.85649  3.64
  0.365  0.640131  7.59998  8.96672  0.200318  0.200318  3.85193  3.65
  0.366  0.877048  7.71195  9.59389  0.100205  0.100205  3.81412  3.66
  0.367  0.615389  7.39265  10.2981  0.144504  0.144504  3.88115  3.67
  0.368  0.562698  7.23024  9.78667  0.129205  0.129205  3.88595  3.68
  0.369  0.681365  8.39109  10.4587  0.22003  0.22003  3.97376  3.69
  0.37  0.688408  8.68612  9.41629  0.381966  0.381966  3.89463  3.7
  0.371  0.517614  7.51725  9.13573  0.512435  0.512435  3.81159  3.71
  0.372  0.542585  6.83292  9.72856  0.517499  0.517499  3.7631  3.72
  0.373  0.733902  7.05476  9.12442  0.411439  0.411439  3.74539  3.73
  0.374  0.382934  6.86525  8.42175  0.281257  0.281257  3.77666  3.74
  0.375  0.301973  5.937  7.56759  0.123275  0.123275  3.77261  3.75
  0.376  0.281994  5.88504  8.09058  0.107038  0.107038  3.77272  3.76
  0.377  0.228905  5.69571  7.37556  0.0500025  0.0500025  3.88845  3.77
  0.378  0.199688  5.69502  8.33251  0.0311441  0.0311441  3.92399  3.78
  0.379  0.162776  6.50917  8.8642  0.0487009  0.0487009  4.008  3.79
  0.38  0.153042  5.69136  8.66687  0.0308015  0.0308015  3.99377  3.8
  0.381  0.268178  5.61271  8.17345  0.0153204  0.0153204  4.04849  3.81
  0.382  0.278948  6.36097  7.93705  0.000272972  0.000272972  4.09817  3.82
  0.383  0.195353  5.71858  8.43831  0.00292085  0.00292085  4.16169  3.83
  0.384  0.14774  5.88206  7.8582  0.000742739  0.000742739  4.20536  3.84
  0.385  0.155948  6.27116  7.63757  0.0190865  0.0190865  4.28429  3.85
  0.386  0.134144  6.02532  7.2985  0.0346946  0.0346946  4.24226  3.86
  0.387  0.2864  5.44218  7.41354  0.0564821  0.0564821  4.11256  3.87
  0.388  0.301569  5.47632  7.76996  0.0605339  0.0605339  4.2432  3.88
  0.389  0.391357  5.7428  7.32257  0.0669076  0.0669076  4.22198  3.89
  0.39  0.507253  4.85306  7.2953  0.0967805  0.0967805  4.25234  3.9
  0.391  0.776198  4.26448  6.17936  0.0311471  0.0311471  4.22744  3.91
  0.392  0.661555  3.71591  5.62353  0.0755792  0.0755792  4.13043  3.92
  0.393  0.777358  4.0171  5.21561  0.0420099  0.0420099  4.11516  3.93
  0.394  0.846426  4.31529  5.1554  0.0314491  0.0314491  4.15804  3.94
  0.395  0.544344  3.95678  5.65941  0.100279  0.100279  4.10503  3.95
  0.396  0.511289  4.15936  6.15949  0.205224  0.205224  4.07748  3.96
  0.397  0.588977  4.2102  6.13433  0.262984  0.262984  4.06291  3.97
  0.398  0.689605  3.67615  5.34207  0.464934  0.464934  3.96154  3.98
  0.399  0.670711  3.1121  5.27732  0.431755  0.431755  3.96303  3.99
  0.4  0.715863  3.37179  5.1388  0.235554  0.235554  3.87139  4
  0.401  0.763132  3.58819  5.49197  0.162684  0.162684  3.84866  4.01
  0.402  0.841954  3.3362  5.46377  0.197859  0.197859  3.84971  4.02
  0.403  0.790867  3.08323  5.46601  0.280531  0.280531  3.85269  4.03
  0.404  0.925588  2.70771  5.24091  0.28882  0.28882  3.87107  4.04
  0.405  0.765025  2.12053  4.90689  0.528981  0.528981  3.88352  4.05
  0.406  0.62622  1.84482  5.01764  0.342602  0.342602  3.81547  4.06
  0.407  0.388156  1.99989  5.87254  0.191146  0.191146  3.805  4.07
  0.408  0.556504  1.88466  5.65323  0.14145  0.14145  3.73067  4.08
  0.409  0.5031  1.89435  6.71421  0.0242343  0.0242343  3.81472  4.09
  0.41  0.513663  1.33632  6.43114  0.00135228  0.00135228  3.75019  4.1
  0.411  0.409804  1.56222  5.61631  0.00722651  0.00722651  3.78657  4.11
  0.412  0.461641  1.17504  5.37221  0.0507606  0.0507606  3.76961  4.12
  0.413  0.470535  1.67596  5.74325  0.071481  0.071481  3.7657  4.13
  0.414  0.444232  1.63894  5.54726  0.0137723  0.0137723  3.69486  4.14
  0.415  0.238094  1.80731  5.0952  0.00371611  0.00371611  3.63947  4.15
  0.416  0.211019  2.36699  5.34389  0.00288621  0.00288621  3.66117  4.16
  0.417  0.173658  2.59046  5.12164  0.00889853  0.00889853  3.70391  4.17
  0.418  0.166623  2.76109  4.33994  0.00901874  0.00901874  3.68399  4.18
  0.419  0.240884  2.53171  4.82532  0.00189395  0.00189395  3.68141  4.19
  0.42  0.194848  2.40242  4.77064  0.0204936  0.0204936  3.68879  4.2
  0.421  0.257349  2.05639  5.32757  0.0837859  0.0837859  3.7394  4.21
  0.422  0.277188  2.07861  4.34648  0.217169  0.217169  3.72668  4.22
  0.423  0.135788  1.93544  5.51822  0.104754  0.104754  3.69984  4.23
  0.424  0.143172  2.01149  6.15787  0.0819873  0.0819873  3.73322  4.24
  0.425  0.0657023  2.24429  6.43755  0.0534219  0.0534219  3.78353  4.25
  0.426  0.0436323  2.41954  5.44314  0.0400283  0.0400283  3.6755  4.26
  0.427  0.0484496  2.21175  5.19739  0.0205531  0.0205531  3.58814  4.27
  0.428  0.00564297  1.67144  5.46254  0.000200409  0.000200409  3.58782  4.28
  0.429  0.00997336  1.99112  5.5101  0.0181588  0.0181588  3.54487  4.29
  0.43  0.0137147  2.0176  5.38361  1.28534e-05  1.28534e-05  3.51799  4.3
  0.431  6.80471e-05  2.01496  4.3786  0.0267118  0.0267118  3.51277  4.31
  0.432  0.0257088  2.23213  4.6795  0.0078492  0.0078492  3.45937  4.32
  0.433  0.0418372  1.65862  4.61525  0.00437925  0.00437925  3.45049  4.33
  0.434  0.000349973  1.7915  4.81549  0.0116628  0.0116628  3.46189  4.34
  0.435  0.000167223  1.71254  4.59347  0.00422092  0.00422092  3.46502  4.35
  0.436  0.0109114  1.53503  4.93148  0.017007  0.017007  3.44992  4.36
  0.437  0.042569  1.37963  5.35847  0.0317126  0.0317126  3.44089  4.37
  0.438  0.00943979  1.17485  5.14318  0.011242  0.011242  3.4831  4.38
  0.439  0.00924884  0.911555  4.3548  3.17303e-06  3.17303e-06  3.53133  4.39
  0.44  0.0529343  0.6952  5.17594  0.00906628  0.00906628  3.53104  4.4
  0.441  0.0366406  0.511793  5.44394  0.0174899  0.0174899  3.45912  4.41
  0.442  0.188524  0.351203  5.29889  0.00102402  0.00102402  3.47339  4.42
  0.443  0.185755  0.193919  4.51486  0.000242192  0.000242192  3.49924  4.43
  0.444  0.208958  0.21942  4.69004  0.00709155  0.00709155  3.45091  4.44
  0.445  0.280783  0.104086  4.87917  0.000207319  0.000207319  3.38015  4.45
  0.446  0.289343  0.110837  4.95187  0.00654337  0.00654337  3.38323  4.46
  0.447  0.271459  0.159988  4.51143  0.0241191  0.0241191  3.32638  4.47
  0.448  0.370992  0.0792091  4.42008  0.0215242  0.0215242  3.24205  4.48
  0.449  0.594465  0.0994713  4.8274  0.0674095  0.0674095  3.30795  4.49
  0.45  0.579878  0.0292159  4.63113  0.0294124  0.0294124  3.35105  4.5
  0.451  0.833611  0.0258587  4.74673  0.00179385  0.00179385  3.42439  4.51
  0.452  0.815538  0.0935668  4.39633  0.00145237  0.00145237  3.43504  4.52
  0.453  0.823023  0.0975671  4.37455  0.0490394  0.0490394  3.39887  4.53
  0.454  0.616393  0.0865447  3.94286  0.0402358  0.0402358  3.37772  4.54
  0.455  0.682379  0.0347974  4.34746  0.0692703  0.0692703  3.34581  4.55
  0.456  0.502004  0.0695231  4.68376  0.0736632  0.0736632  3.31369  4.56
  0.457  0.458262  0.183392  4.60082  0.0835284  0.0835284  3.34008  4.57
  0.458  0.807645  0.149295  4.85882  0.0616791  0.0616791  3.33102  4.58
  0.459  0.715107  0.127678  4.46104  0.12435  0.12435  3.32181  4.59
  0.46  0.746153  0.252608  3.65736  0.118406  0.118406  3.39621  4.6
  0.461  0.668468  0.323436  2.91133  0.0992065  0.0992065  3.41235  4.61
  0.462  0.603545  0.470194  2.83175  0.107022  0.107022  3.34577  4.62
  0.463  0.510649  0.664737  2.86176  0.231278  0.231278  3.3805  4.63
  0.464  0.550831  0.711822  2.92705  0.104652  0.104652  3.41263  4.64
  0.465  0.642006  0.650667  3.36129  0.158219  0.158219  3.37518  4.65
  0.466  0.665886  1.00338  3.29797  0.167722  0.167722  3.29884  4.66
  0.467  0.570488  1.16936  2.74337  0.160192  0.160192  3.40711  4.67
  0.468  0.705525  0.909738  3.01398  0.177779  0.177779  3.39956  4.68
  0.469  0.781594  0.793538  3.02779  0.26399  0.26399  3.42732  4.69
  0.47  0.733966  1.23879  2.91567  0.484545  0.484545  3.37088  4.7
  0.471  0.436002  1.22736  3.2841  0.460249  0.460249  3.3797  4.71
  0.472  0.534208  1.61184  3.11053  0.633598  0.633598  3.50641  4.72
  0.473  0.536916  1.18348  3.58104  0.704169  0.704169  3.40887  4.73
  0.474  0.726554  1.34631  4.08501  0.937456  0.937456  3.53469  4.74
  0.475  0.730372  0.8733  3.37339  0.970505  0.970505  3.57816  4.75
  0.476  0.747168  0.690424  3.08924  1.11205  1.11205  3.61695  4.76
  0.477  0.815825  0.907819  3.4953  1.04202  1.04202  3.74918  4.77
  0.478  1.0357  0.64207  3.85813  1.07159  1.07159  3.69746  4.78
  0.479  1.02275  0.747174  3.79843  1.20269  1.20269  3.79518  4.79
  0.48  1.14462  0.70148  3.48321  1.04794  1.04794  3.74902  4.8
  0.481  1.03369  0.648568  3.38153  0.996809  0.996809  3.77768  4.81
  0.482  0.940981  0.935448  3.45239  1.1003  1.1003  3.83506  4.82
  0.483  0.964997  0.92374  3.80677  1.15267  1.15267  3.79023  4.83
  0.484  0.793676  1.13979  4.35429  1.26585  1.26585  3.71003  4.84
  0.485  0.882204  1.43753  4.47395  1.78492  1.78492  3.64919  4.85
  0.486  1.02951  1.61153  4.02979  1.23771  1.23771  3.62816  4.86
  0.487  1.01514  1.54234  3.86697  1.27883  1.27883  3.5469  4.87
  0.488  1.65433  2.26705  3.5772  1.17768  1.17768  3.5669  4.88
  0.489  1.71586  1.80928  3.14878  0.854979  0.854979  3.41696  4.89
  0.49  1.65161  1.6587  2.98442  0.76093  0.76093  3.3482  4.9
  0.491  1.33568  1.44127  2.39771  0.705622  0.705622  3.35926  4.91
  0.492  1.13458  1.40607  2.51232  0.982595  0.982595  3.40163  4.92
  0.493  1.37209  1.35482  2.79934  1.49057  1.49057  3.36937  4.93
  0.494  1.63662  1.42924  3.08111  1.49318  1.49318  3.32686  4.94
  0.495  1.74416  1.52592  3.31285  1.6361  1.6361  3.34883  4.95
  0.496  1.75437  1.60292  3.2849  1.27583  1.27583  3.3881  4.96
  0.497  1.44613  1.47067  3.34837  1.30223  1.30223  3.37597  4.97
  0.498  1.12056  1.85022  3.7763  1.4748  1.4748  3.46114  4.98
  0.499  0.964844  1.65143  3.87796  1.28867  1.28867  3.49166  4.99
  0.5  0.703944  1.69329  3.08657  1.7627  1.7627  3.49913  5
  0.501  0.459196  1.64413  2.94555  1.85707  1.85707  3.38957  5.01
  0.502  0.612979  1.59998  2.20865  2.0219  2.0219  3.34509  5.02
  0.503  0.699596  1.75395  2.0852  2.03563  2.03563  3.36869  5.03
  0.504  0.859957  1.74914  2.18784  1.9552  1.9552  3.34995  5.04
  0.505  0.925861  1.38961  1.68685  1.94743  1.94743  3.35521  5.05
  0.506  0.936654  1.17783  1.78885  1.77149  1.77149  3.35124  5.06
  0.507  1.55709  0.840676  1.66443  1.95299  1.95299  3.33009  5.07
  0.508  1.75338  0.752381  2.19533  2.01691  2.01691  3.34767  5.08
  0.509  1.55883  0.92343  2.03005  2.49427  2.49427  3.35306  5.09
  0.51  1.52056  0.906252  1.61181  3.08406  3.08406  3.35564  5.1
  0.511  1.35463  0.826119  1.54176  2.96245  2.96245  3.37024  5.11
  0.512  1.20641  0.720429  1.60246  3.01148  3.01148  3.25878  5.12
  0.513  1.73716  0.747299  1.45516  3.26423  3.26423  3.31186  5.13
  0.514  1.28553  0.589489  1.37409  3.40368  3.40368  3.31833  5.14
  0.515  1.43682  0.563505  1.50963  2.73561  2.73561  3.3006  5.15
  0.516  1.51125  0.742628  1.82433  2.48748  2.48748  3.27911  5.16
  0.517  1.08538  0.710285  2.07079  2.51445  2.51445  3.24807  5.17
  0.518  1.16329  0.679585  2.80245  2.32129  2.32129  3.20461  5.18
  0.519  1.3479  0.795359  2.41523  1.91826  1.91826  3.21322  5.19
  0.52  1.50837  0.809909  2.5153  1.84639  1.84639  3.25637  5.2
  0.521  1.75735  0.884931  2.46634  1.79495  1.79495  3.28121  5.21
  0.522  1.91492  0.993669  2.0534  1.91285  1.91285  3.30108  5.22
  0.523  1.73684  1.14665  2.45908  2.1398  2.1398  3.29365  5.23
  0.524  2.02272  1.39156  2.82947  2.21093  2.21093  3.2864  5.24
  0.525  2.40333  1.54815  2.93478  2.55407  2.55407  3.23434  5.25
  0.526  2.17731  1.74853  2.97014  2.3013  2.3013  3.22767  5.26
  0.527  2.60776  2.41591  2.76452  2.03391  2.03391  3.19372  5.27
  0.528  2.88449  2.93871  2.42506  1.65953  1.65953  3.26132  5.28
  0.529  3.42614  2.99428  2.80058  1.92947  1.92947  3.3379  5.29
  0.53  3.28607  2.98798  2.63614  1.67145  1.67145  3.34596  5.3
  0.531  3.25733  2.73423  2.27419  1.79155  1.79155  3.2858  5.31
  0.532  3.6256  3.14358  2.49393  1.54442  1.54442  3.29009  5.32
  0.533  2.94886  3.5659  2.30481  1.33159  1.33159  3.29033  5.33
  0.534  3.50286  3.29737  2.61959  1.51073  1.51073  3.3375  5.34
  0.535  3.58317  3.65733  3.0013  1.61691  1.61691  3.46347  5.35
  0.536  3.53307  3.39601  3.69041  1.71375  1.71375  3.50858  5.36
  0.537  3.63292  3.47003  4.04254  1.67232  1.67232  3.48273  5.37
  0.538  3.0135  3.74085  3.60716  1.49871  1.49871  3.48743  5.38
  0.539  3.16249  3.21068  3.50614  1.09408  1.09408  3.47463  5.39
  0.54  3.2479  3.11881  3.63275  1.30551  1.30551  3.42781  5.4
  0.541  2.7898  3.19781  3.91171  1.54841  1.54841  3.45801  5.41
  0.542  2.24709  3.16978  3.65714  1.65858  1.65858  3.51925  5.42
  0.543  2.62664  3.68382  3.7127  1.5904  1.5904  3.50405  5.43
  0.544  2.81939  4.62011  3.06274  1.43767  1.43767  3.5298  5.44
  0.545  2.85628  5.26839  3.5154  1.22594  1.22594  3.44591  5.45
  0.546  3.65596  4.26401  3.63512  0.757768  0.757768  3.45184  5.46
  0.547  3.59207  4.61303  3.00333  0.620698  0.620698  3.39882  5.47
  0.548  3.66534  4.15801  3.22213  0.490314  0.490314  3.37387  5.48
  0.549  3.62825  4.13587  3.10985  0.629362  0.629362  3.3644  5.49
  0.55  3.50953  4.1338  3.68379  0.507729  0.507729  3.32207  5.5
  0.551  3.64682  4.44609  3.88471  0.483974  0.483974  3.24269  5.51
  0.552  3.18172  4.05364  3.28807  0.795099  0.795099  3.21369  5.52
  0.553  2.92991  4.2259  3.9452  0.933705  0.933705  3.18333  5.53
  0.554  3.22239  3.76773  3.61287  1.05515  1.05515  3.13666  5.54
  0.555  2.55723  4.06215  3.69672  1.33658  1.33658  3.14532  5.55
  0.556  3.44097  4.78437  3.59553  1.60467  1.60467  3.23144  5.56
  0.557  3.46304  5.2039  4.17397  1.8181  1.8181  3.28763  5.57
  0.558  3.40158  5.2203  3.89533  1.8028  1.8028  3.29183  5.58
  0.559  3.7592  5.70663  3.6544  1.8373  1.8373  3.30813  5.59
  0.56  3.37752  5.25746  4.11683  2.12075  2.12075  3.30593  5.6
  0.561  4.06052  4.75556  4.30421  2.11054  2.11054  3.34901  5.61
  0.562  4.13484  5.01366  3.47692  2.38769  2.38769  3.46967  5.62
  0.563  3.7692  3.85118  3.0734  2.23809  2.23809  3.43432  5.63
  0.564  4.65276  3.60294  3.27704  2.86487  2.86487  3.44289  5.64
  0.565  4.92349  4.10727  2.9109  3.10131  3.10131  3.41005  5.65
  0.566  4.5462  4.00553  2.32044  2.96126  2.96126  3.36988  5.66
  0.567  4.7547  3.88975  2.60494  3.11367  3.11367  3.37214  5.67
  0.568  4.99179  3.53145  2.2954  2.94498  2.94498  3.27264  5.68
  0.569  5.14662  4.0252  1.98594  3.18594  3.18594  3.36445  5.69
  0.57  5.07533  5.06083  2.44626  2.67927  2.67927  3.3112  5.7
  0.571  5.24517  4.93741  2.24588  2.5962  2.5962  3.31553  5.71
  0.572  5.18749  4.18793  2.29888  2.15403  2.15403  3.38544  5.72
  0.573  5.44308  3.95654  2.50917  2.3875  2.3875  3.45029  5.73
  0.574  5.27372  4.51145  2.19845  2.23955  2.23955  3.53563  5.74
  0.575  5.53  3.60925  1.98999  1.73236  1.73236  3.58236  5.75
  0.576  5.68917  3.93785  2.30708  1.92624  1.92624  3.54389  5.76
  0.577  5.65406  3.65448  1.8102  1.87629  1.87629  3.42531  5.77
  0.578  5.40776  3.9951  1.93628  2.0323  2.0323  3.44661  5.78
  0.579  5.12218  4.38093  2.2134  2.35933  2.35933  3.41327  5.79
  0.58  4.66993  3.50357  2.13808  2.22521  2.22521  3.35315  5.8
  0.581  4.60694  4.32554  2.22669  2.10181  2.10181  3.41314  5.81
  0.582  5.22393  4.19403  2.24737  1.94495  1.94495  3.53564  5.82
  0.583  6.04744  3.79912  2.34551  2.14625  2.14625  3.60178  5.83
  0.584  5.81335  3.19252  2.47657  1.88541  1.88541  3.57335  5.84
  0.585  5.78512  3.4622  2.02476  1.88954  1.88954  3.51794  5.85
  0.586  6.1298  3.67077  2.36253  1.7476  1.7476  3.64269  5.86
  0.587  6.15537  4.54915  2.6999  1.46059  1.46059  3.60861  5.87
  0.588  5.65429  4.22006  2.98965  1.47128  1.47128  3.63462  5.88
  0.589  5.88228  4.15063  2.75422  1.32399  1.32399  3.71882  5.89
  0.59  5.52254  3.84092  2.47694  1.35644  1.35644  3.69679  5.9
  0.591  4.83755  3.58385  2.65145  1.19776  1.19776  3.65389  5.91
  0.592  4.81556  3.38392  2.74439  1.51602  1.51602  3.57343  5.92
  0.593  5.00975  3.37438  2.95495  1.34358  1.34358  3.53007  5.93
  0.594  5.21146  3.94327  2.46875  1.18851  1.18851  3.58538  5.94
  0.595  4.97453  4.16138  2.04522  1.24043  1.24043  3.62978  5.95
  0.596  4.64968  4.04662  2.26554  1.21726  1.21726  3.60462  5.96
  0.597  4.24582  4.22663  2.09803  1.36766  1.36766  3.50869  5.97
  0.598  4.87075  4.73862  1.83349  1.30404  1.30404  3.54414  5.98
  0.599  4.64555  5.10137  1.62988  1.21193  1.21193  3.50862  5.99
  0.6  4.63895  5.64459  1.70934  1.37056  1.37056  3.51101  6
  0.601  4.2758  5.02079  1.66748  1.37609  1.37609  3.49419  6.01
  0.602  4.22943  4.93839  2.26883  1.19975  1.19975  3.51964  6.02
  0.603  4.59164  5.33765  2.56948  1.32523  1.32523  3.64668  6.03
  0.604  4.95652  5.86184  2.47805  1.04174  1.04174  3.5694  6.04
  0.605  4.12753  6.48888  2.09738  0.920746  0.920746  3.57048  6.05
  0.606  4.35024  6.87264  2.4318  1.11365  1.11365  3.55215  6.06
  0.607  4.13236  6.66313  2.31216  1.15667  1.15667  3.62343  6.07
  0.608  3.99214  6.43513  2.3737  0.964165  0.964165  3.62184  6.08
  0.609  3.74068  6.66785  2.26658  1.35501  1.35501  3.66909  6.09
  0.61  3.78503  6.17304  2.3676  1.56631  1.56631  3.74528  6.1
  0.611  3.88156  6.73414  1.93131  1.56559  1.56559  3.72191  6.11
  0.612  4.34773  6.71649  1.90141  1.98327  1.98327  3.73854  6.12
  0.613  4.76936  6.41964  2.08973  2.27664  2.27664  3.7616  6.13
  0.614  4.35513  7.29472  1.79024  1.74671  1.74671  3.73846  6.14
  0.615  4.75338  7.05305  2.1738  1.48586  1.48586  3.70372  6.15
  0.616  4.68721  7.08367  2.80781  1.06135  1.06135  3.7594  6.16
  0.617  4.1255  7.04809  2.72607  0.936383  0.936383  3.73535  6.17
  0.618  5.01938  7.24608  2.57021  0.815927  0.815927  3.76552  6.18
  0.619  4.95855  7.61425  2.58619  1.09055  1.09055  3.83452  6.19
  0.62  5.36273  7.67724  3.08493  1.22248  1.22248  3.91719  6.2
  0.621  4.90259  7.24483  3.05211  1.04269  1.04269  3.87766  6.21
  0.622  5.44322  6.7778  3.22536  0.858861  0.858861  3.85894  6.22
  0.623  6.48413  6.77872  3.41501  0.554281  0.554281  3.88977  6.23
  0.624  6.47898  6.97017  3.56661  0.495376  0.495376  3.85432  6.24
  0.625  6.70033  7.44695  3.46763  0.719702  0.719702  3.95937  6.25
  0.626  6.90028  6.53191  4.08473  0.768689  0.768689  4.00596  6.26
  0.627  7.25933  6.13074  4.33508  1.18486  1.18486  4.03883  6.27
  0.628  6.83044  5.88119  4.26484  1.13214  1.13214  4.1037  6.28
  0.629  7.35026  5.22315  4.46401  1.20555  1.20555  4.17068  6.29
  0.63  7.62154  5.21527  4.19901  0.961793  0.961793  4.05291  6.3
  0.631  8.24824  5.32975  4.2237  0.967351  0.967351  4.09889  6.31
  0.632  7.79747  5.65675  4.27421  0.557863  0.557863  4.1925  6.32
  0.633  8.19266  5.98321  4.19199  0.729576  0.729576  4.22853  6.33
  0.634  7.7744  5.07411  3.73872  0.574249  0.574249  4.11815  6.34
  0.635  8.19255  5.09467  4.46152  0.304115  0.304115  4.0813  6.35
  0.636  7.14099  5.29477  3.71104  0.400109  0.400109  3.95893  6.36
  0.637  7.59289  5.2109  4.02777  0.340716  0.340716  3.98327  6.37
  0.638  7.07458  5.42995  4.4707  0.677051  0.677051  3.98582  6.38
  0.639  7.46776  4.1342  4.40474  0.474874  0.474874  3.98418  6.39
  0.64  7.36872  4.10601  4.41955  0.499475  0.499475  3.85517  6.4
  0.641  7.76334  4.0768  3.49749  0.708012  0.708012  3.7947  6.41
  0.642  7.66724  4.34168  3.30381  0.557608  0.557608  3.9275  6.42
  0.643  8.33921  4.04128  3.16596  0.629001  0.629001  3.88187  6.43
  0.644  9.46477  3.45282  3.75977  0.70027  0.70027  3.87842  6.44
  0.645  8.02821  3.1347  3.57453  0.791246  0.791246  3.84469  6.45
  0.646  7.40828  2.49721  3.54554  0.484889  0.484889  3.82672  6.46
  0.647  7.07305  2.71371  3.39564  0.62748  0.62748  3.78306  6.47
  0.648  6.74926  3.04619  3.9456  0.477645  0.477645  3.84038  6.48
  0.649  7.24663  2.97881  4.47826  0.485307  0.485307  3.85821  6.49
  0.65  7.6387  2.70087  4.1721  0.867026  0.867026  3.78526  6.5
  0.651  8.23319  2.52383  4.57476  1.12558  1.12558  3.76982  6.51
  0.652  7.96472  2.3801  4.86116  0.891467  0.891467  3.84237  6.52
  0.653  7.74444  2.29334  4.13125  0.895193  0.895193  3.9757  6.53
  0.654  7.48332  2.41671  4.15332  0.831061  0.831061  3.94385  6.54
  0.655  7.41893  2.73061  4.05139  0.866398  0.866398  3.97134  6.55
  0.656  7.6787  3.23127  3.87869  0.84042  0.84042  4.00136  6.56
  0.657  7.56313  3.63769  4.02591  1.04267  1.04267  3.99078  6.57
  0.658  7.00891  3.81869  3.13203  0.993432  0.993432  3.95781  6.58
  0.659  6.70909  4.55611  2.92626  1.17008  1.17008  4.02185  6.59
  0.66  6.41345  4.86568  3.62056  1.17601  1.17601  4.15257  6.6
  0.661  6.46326  4.79699  3.55558  1.14433  1.14433  4.20571  6.61
  0.662  6.97174  4.94878  3.47685  0.942154  0.942154  4.19914  6.62
  0.663  7.05308  4.88548  3.90703  0.969843  0.969843  4.25461  6.63
  0.664  7.18404  5.52732  4.05655  0.994595  0.994595  4.35352  6.64
  0.665  7.11397  5.34189  4.80925  1.06335  1.06335  4.44167  6.65
  0.666  7.39441  4.73091  5.16892  0.713856  0.713856  4.36327  6.66
  0.667  7.61298  4.76039  5.60308  0.881579  0.881579  4.38299  6.67
  0.668  8.08932  4.66146  4.76684  0.853339  0.853339  4.32455  6.68
  0.669  7.34684  4.16329  5.26149  1.00785  1.00785  4.27251  6.69
  0.67  7.53094  4.43503  5.38087  1.12131  1.12131  4.42262  6.7
  0.671  8.22807  4.54135  5.69367  1.24618  1.24618  4.42716  6.71
  0.672  7.95786  4.90043  6.63353  1.2977  1.2977  4.50796  6.72
  0.673  8.3801  5.26545  6.55028  1.34093  1.34093  4.61521  6.73
  0.674  7.74455  5.42475  6.38101  1.30987  1.30987  4.68362  6.74
  0.675  9.06451  5.17264  6.68435  1.02757  1.02757  4.8267  6.75
  0.676  9.42256  5.65043  6.44881  1.06559  1.06559  4.89352  6.76
  0.677  10.641  6.3321  6.72481  1.28566  1.28566  5.06999  6.77
  0.678  10.9233  4.8748  7.77849  0.999489  0.999489  5.09384  6.78
  0.679  10.6208  4.93615  6.99183  0.898915  0.898915  5.09793  6.79
  0.68  10.2136  5.20156  7.54424  0.874108  0.874108  5.03412  6.8
  0.681  10.5  4.53848  7.29296  0.966075  0.966075  5.11789  6.81
  0.682  10.2389  4.18937  7.25336  0.775839  0.775839  5.02937  6.82
  0.683  10.2369  3.93585  7.57544  0.768322  0.768322  5.05602  6.83
  0.684  10.0677  3.96768  8.2147  0.73174  0.73174  5.17944  6.84
  0.685  10.306  3.47594  8.43977  0.583559  0.583559  5.19796  6.85
  0.686  11.126  3.61487  7.50854  0.467541  0.467541  5.14036  6.86
  0.687  10.7576  3.68119  7.56929  0.672578  0.672578  5.184  6.87
  0.688  11.2492  3.37444  7.58398  0.897825  0.897825  5.19506  6.88
  0.689  9.95798  3.22567  7.19749  0.964002  0.964002  4.93176  6.89
  0.69  10.2892  3.23821  8.09716  1.09868  1.09868  4.91373  6.9
  0.691  9.56987  3.12329  6.88516  1.13391  1.13391  4.8349  6.91
  0.692  10.562  3.63248  6.94541  1.0203  1.0203  4.87788  6.92
  0.693  10.4482  3.61206  6.92283  0.976642  0.976642  4.89029  6.93
  0.694  9.90522  4.14124  6.54906  1.10704  1.10704  4.96443  6.94
  0.695  9.77196  4.0592  6.17876  1.09255  1.09255  4.90589  6.95
  0.696  9.52598  3.78248  6.43168  1.36565  1.36565  4.86557  6.96
  0.697  9.35638  3.97983  6.46151  1.72303  1.72303  4.87423  6.97
  0.698  8.37823  4.08544  6.68863  1.70989  1.70989  4.84907  6.98
  0.699  8.24159  3.51131  6.60227  1.62417  1.62417  4.85322  6.99
  0.7  7.76625  3.38342  6.61957  1.13871  1.13871  4.93624  7
  0.701  8.11622  3.4006  6.30684  1.30976  1.30976  5.03168  7.01
  0.702  8.58471  3.23039  6.63644  1.35102  1.35102  5.02951  7.02
  0.703  8.34399  3.17055  6.51749  1.47766  1.47766  4.98881  7.03
  0.704  8.52808  3.70833  7.76189  1.71551  1.71551  4.98908  7.04
  0.705  8.47176  4.26873  7.3629  2.26513  2.26513  5.10249  7.05
  0.706  9.07337  4.50944  7.1094  1.81442  1.81442  4.96345  7.06
  0.707  9.50331  5.22217  7.12866  1.70521  1.70521  4.90694  7.07
  0.708  9.07117  4.96853  7.16771  1.22622  1.22622  4.93588  7.08
  0.709  8.60559  4.68598  7.69843  1.22486  1.22486  4.87725  7.09
  0.71  9.6076  4.61887  8.21014  1.34119  1.34119  4.99901  7.1
  0.711  10.803  4.82271  8.22235  1.34707  1.34707  5.13528  7.11
  0.712  10.1339  4.48023  7.8338  1.0251  1.0251  5.05357  7.12
  0.713  9.15669  4.65609  7.9247  1.52218  1.52218  5.00032  7.13
  0.714  9.96512  4.73992  7.8713  1.69333  1.69333  5.04871  7.14
  0.715  9.83192  3.95762  8.17196  1.93791  1.93791  5.01877  7.15
  0.716  10.5399  4.46925  7.73291  1.99468  1.99468  5.04081  7.16
  0.717  10.8952  4.54615  7.55932  1.38569  1.38569  5.13697  7.17
  0.718  11.212  4.06978  7.22162  1.38467  1.38467  5.07869  7.18
  0.719  12.32  4.54322  7.35879  1.33562  1.33562  5.15021  7.19
  0.72  12.7581  5.13807  6.63194  1.3697  1.3697  5.17032  7.2
  0.721  13.1692  5.14837  6.00803  1.31471  1.31471  5.24133  7.21
  0.722  13.1698  5.21338  5.97984  1.23501  1.23501  5.24619  7.22
  0.723  14.6562  5.20081  6.30678  1.12704  1.12704  5.27887  7.23
  0.724  13.8115  4.94376  5.94415  1.1812  1.1812  5.24839  7.24
  0.725  13.1032  4.64655  5.54381  1.01391  1.01391  5.24896  7.25
  0.726  12.668  5.58651  4.77157  0.953054  0.953054  5.2473  7.26
  0.727  13.4201  5.40785  5.04321  1.24295  1.24295  5.23843  7.27
  0.728  13.5864  5.95046  4.41704  1.17689  1.17689  5.1405  7.28
  0.729  13.7474  6.38192  4.91402  1.19473  1.19473  5.21893  7.29
  0.73  14.8778  6.56497  4.41262  1.32488  1.32488  5.15887  7.3
  0.731  15.0153  5.50094  3.62619  1.20945  1.20945  5.13746  7.31
  0.732  14.8231  5.56618  3.51292  1.38492  1.38492  5.09403  7.32
  0.733  15.9053  4.77105  3.35626  1.22339  1.22339  4.98768  7.33
  0.734  16.1538  4.17027  2.78021  1.29306  1.29306  5.00365  7.34
  0.735  15.5259  4.37816  2.71417  1.46766  1.46766  5.06011  7.35
  0.736  16.0316  4.39071  2.62762  1.2157  1.2157  5.0618  7.36
  0.737  16.7851  3.9749  2.68083  1.05093  1.05093  5.02632  7.37
  0.738  15.4679  4.32811  2.71684  1.01571  1.01571  5.00464  7.38
  0.739  16.1907  3.81902  2.50242  1.06745  1.06745  4.99103  7.39
  0.74  16.1842  4.03755  2.09106  0.797459  0.797459  4.96802  7.4
  0.741  15.8018  4.00981  1.81106  0.925632  0.925632  4.94877  7.41
  0.742  15.5936  4.02385  2.35936  1.18613  1.18613  4.96514  7.42
  0.743  15.5652  3.92683  2.3216  1.14817  1.14817  4.92302  7.43
  0.744  15.4484  3.61029  2.43847  1.17499  1.17499  4.86044  7.44
  0.745  16.0878  3.25811  2.69263  1.15651  1.15651  4.75996  7.45
  0.746  14.8936  2.99526  2.63631  1.56168  1.56168  4.65798  7.46
  0.747  14.7332  2.74559  2.39085  1.29858  1.29858  4.6605  7.47
  0.748  13.6962  3.49046  2.98915  1.32732  1.32732  4.73484  7.48
  0.749  13.9642  4.08065  3.63588  0.992063  0.992063  4.73364  7.49
  0.75  13.5292  4.22053  3.93533  1.24779  1.24779  4.78314  7.5
  0.751  14.452  3.9916  4.24155  1.10898  1.10898  4.80709  7.51
  0.752  14.872  3.71211  3.75562  1.37787  1.37787  4.85047  7.52
  0.753  13.9468  3.31303  4.23928  1.51768  1.51768  4.91156  7.53
  0.754  13.0147  3.13178  4.39523  1.29118  1.29118  4.93252  7.54
  0.755  12.7096  3.46755  4.10433  1.443  1.443  4.97757  7.55
  0.756  11.8846  2.99907  4.26196  1.38872  1.38872  4.96956  7.56
  0.757  11.7672  2.95893  3.84169  1.31534  1.31534  4.94603  7.57
  0.758  12.6614  2.79511  3.2252  1.75671  1.75671  4.87923  7.58
  0.759  12.9335  2.88209  2.89433  1.35069  1.35069  4.86688  7.59
  0.76  12.5551  2.96032  2.79618  1.48533  1.48533  4.88339  7.6
  0.761  13.0691  3.34205  2.9974  1.76926  1.76926  4.90588  7.61
  0.762  12.4653  3.35291  3.0471  1.62633  1.62633  4.94384  7.62
  0.763  11.5365  3.93247  3.04496  1.82136  1.82136  4.95197  7.63
  0.764  10.6094  3.91491  3.23137  1.80269  1.80269  4.80883  7.64
  0.765  11.0975  3.44537  3.33818  1.31036  1.31036  4.82422  7.65
  0.766  10.2247  3.16912  3.14541  1.58808  1.58808  4.88083  7.66
  0.767  10.5811  3.5912  2.89558  1.47499  1.47499  4.86928  7.67
  0.768  9.87083  3.67324  3.25301  1.1495  1.1495  4.78485  7.68
  0.769  9.58468  4.10395  2.66435  1.04234  1.04234  4.79473  7.69
  0.77  10.6561  3.40833  2.85303  1.01649  1.01649  4.83889  7.7
  0.771  9.70552  3.48029  2.34055  0.930849  0.930849  4.77862  7.71
  0.772  10.2333  2.93752  3.12295  0.950191  0.950191  4.73668  7.72
  0.773  9.95599  2.81262  2.76476  0.510449  0.510449  4.73866  7.73
  0.774  10.0817  2.78704  2.59987  0.72383  0.72383  4.75254  7.74
  0.775  10.1256  2.62706  2.8699  0.733954  0.733954  4.76401  7.75
  0.776  11.6672  2.56006  3.76728  0.80132  0.80132  4.78073  7.76
  0.777  10.4652  2.32859  3.67231  0.923336  0.923336  4.67754  7.77
  0.778  11.2344  2.07696  4.27378  1.02325  1.02325  4.71681  7.78
  0.779  10.4051  2.03537  4.79915  0.852708  0.852708  4.7048  7.79
  0.78  9.1698  1.98914  5.08596  1.20481  1.20481  4.70958  7.8
  0.781  10.1403  2.03617  5.37922  1.60509  1.60509  4.71909  7.81
  0.782  10.3711  2.18649  5.27277  1.56342  1.56342  4.77481  7.82
  0.783  10.4106  2.37975  4.30253  2.09132  2.09132  4.78701  7.83
  0.784  10.9745  1.91652  3.99041  2.34486  2.34486  4.80743  7.84
  0.785  11.5159  1.77091  4.06197  2.32085  2.32085  4.76815  7.85
  0.786  11.5063  1.88762  3.76878  2.8314  2.8314  4.7484  7.86
  0.787  11.114  1.69995  4.4432  2.64693  2.64693  4.87092  7.87
  0.788  10.527  1.64759  4.58313  2.53925  2.53925  4.80307  7.88
  0.789  10.5209  1.78849  4.77636  2.17044  2.17044  4.84814  7.89
  0.79  9.64223  1.9929  4.26913  2.77894  2.77894  4.89263  7.9
  0.791  10.3685  2.32553  4.2462  3.14196  3.14196  4.88898  7.91
  0.792  10.769  2.40984  3.42637  3.78514  3.78514  4.95586  7.92
  0.793  10.0205  2.62692  3.09393  4.02476  4.02476  4.80912  7.93
  0.794  10.3012  2.97281  2.47682  4.45533  4.45533  4.89077  7.94
  0.795  10.5423  2.9372  2.28186  4.3847  4.3847  5.0116  7.95
  0.796  10.7027  3.5221  2.41404  4.55236  4.55236  5.0341  7.96
  0.797  11.0524  3.88467  2.29418  4.2889  4.2889  5.07619  7.97
  0.798  11.3066  4.20106  1.97445  4.38928  4.38928  5.09856  7.98
  0.799  12.603  4.54313  1.84114  4.69073  4.69073  5.08566  7.99
  0.8  11.92  4.39345  1.82131  3.95714  3.95714  5.09268  8
  0.801  12.4148  4.18513  1.84465  3.82996  3.82996  5.16821  8.01
  0.802  13.6837  3.82417  2.02735  3.50021  3.50021  5.304  8.02
  0.803  13.3645  3.86332  1.73471  3.74151  3.74151  5.44015  8.03
  0.804  15.181  3.43658  1.4271  4.34798  4.34798  5.42155  8.04
  0.805  14.4428  3.68385  1.65474  4.05184  4.05184  5.29515  8.05
  0.806  14.3863  3.66601  1.53398  3.34027  3.34027  5.40408  8.06
  0.807  14.3601  2.95026  1.68071  3.3154  3.3154  5.31462  8.07
  0.808  14.0307  3.41389  1.6192  3.74852  3.74852  5.39748  8.08
  0.809  12.8628  5.06937  1.96639  3.97798  3.97798  5.37448  8.09
  0.81  12.2509  5.43198  1.96627  4.01351  4.01351  5.35492  8.1
  0.811  11.6493  5.57882  2.01456  3.53189  3.53189  5.40206  8.11
  0.812  10.8541  5.39168  2.08866  3.71213  3.71213  5.44308  8.12
  0.813  11.0005  5.77246  2.37038  3.33865  3.33865  5.42906  8.13
  0.814  11.4928  5.67301  2.7521  2.99104  2.99104  5.41331  8.14
  0.815  10.3534  7.02975  2.78786  3.18342  3.18342  5.33389  8.15
  0.816  10.5565  7.37429  2.86139  3.39298  3.39298  5.3912  8.16
  0.817  10.1698  6.72663  2.87383  3.25463  3.25463  5.41308  8.17
  0.818  10.5356  6.70961  3.51412  3.22552  3.22552  5.43137  8.18
  0.819  11.3312  5.92635  3.69123  3.72152  3.72152  5.39744  8.19
  0.82  12.0732  5.73307  3.13521  3.49711  3.49711  5.38845  8.2
  0.821  12.5874  4.74494  3.30725  4.44582  4.44582  5.35294  8.21
  0.822  12.815  4.26207  3.37711  4.18073  4.18073  5.30562  8.22
  0.823  12.6226  4.01293  3.41295  4.68631  4.68631  5.44531  8.23
  0.824  13.4586  4.29302  3.07618  4.18391  4.18391  5.53413  8.24
  0.825  14.044  4.39278  3.5495  3.9363  3.9363  5.57409  8.25
  0.826  13.1826  4.12383  3.48166  4.35217  4.35217  5.52771  8.26
  0.827  13.629  4.06791  3.25282  5.25265  5.25265  5.51532  8.27
  0.828  13.4532  3.91106  3.37047  5.94262  5.94262  5.58258  8.28
  0.829  14.2003  4.37231  3.44184  5.81504  5.81504  5.55543  8.29
  0.83  15.3157  3.88135  3.55679  5.61912  5.61912  5.50335  8.3
  0.831  16.1721  3.89931  4.22649  4.79122  4.79122  5.49709  8.31
  0.832  15.148  3.57639  4.46914  5.12217  5.12217  5.53422  8.32
  0.833  15.5396  3.37124  4.17688  5.04351  5.04351  5.49498  8.33
  0.834  14.1758  3.10871  4.12262  5.18977  5.18977  5.53709  8.34
  0.835  14.8624  3.24825  4.22827  5.72379  5.72379  5.55617  8.35
  0.836  14.9363  2.78895  4.41216  6.0382  6.0382  5.61883  8.36
  0.837  15.0919  3.34928  4.73981  6.11746  6.11746  5.7269  8.37
  0.838  15.2653  3.1159  4.67348  5.32688  5.32688  5.73477  8.38
  0.839  15.5129  2.46072  4.42054  4.68836  4.68836  5.66299  8.39
  0.84  16.6776  2.93379  4.60243  5.09218  5.09218  5.6679  8.4
  0.841  16.2324  2.98546  4.02717  6.04995  6.04995  5.70733  8.41
  0.842  17.3409  3.186  3.5074  6.05702  6.05702  5.72977  8.42
  0.843  18.0457  3.38976  3.25992  6.37094  6.37094  5.73767  8.43
  0.844  17.829  3.91748  3.5066  6.65017  6.65017  5.71954  8.44
  0.845  16.7499  4.56035  3.22007  6.58073  6.58073  5.71813  8.45
  0.846  17.2831  4.73118  2.68082  7.31438  7.31438  5.77036  8.46
  0.847  17.8971  5.04361  3.02606  6.65816  6.65816  5.699  8.47
  0.848  18.2431  4.67948  3.17686  5.85405  5.85405  5.77771  8.48
  0.849  19.7955  4.79189  3.32249  5.96288  5.96288  5.72727  8.49
  0.85  20.6912  4.57138  3.34589  5.95747  5.95747  5.90595  8.5
  0.851  20.57  4.99343  3.39142  5.60035  5.60035  5.938  8.51
  0.852  19.1282  4.59296  3.75364  4.87751  4.87751  5.99315  8.52
  0.853  18.9724  3.79593  3.48278  4.98764  4.98764  5.90099  8.53
  0.854  19.2941  3.43027  3.40664  5.08958  5.08958  5.94692  8.54
  0.855  18.7627  3.81439  3.03533  5.37145  5.37145  5.86225  8.55
  0.856  19.0858  3.40612  2.69762  6.01533  6.01533  5.90585  8.56
  0.857  18.7118  3.31295  2.32999  5.1281  5.1281  5.93432  8.57
  0.858  18.8143  3.29478  2.68453  5.13272  5.13272  5.94789  8.58
  0.859  19.8572  3.05738  3.0467  4.96957  4.96957  5.94603  8.59
  0.86  21.2596  2.75629  3.78733  5.4699  5.4699  6.14188  8.6
  0.861  21.3119  2.66879  3.86743  5.21117  5.21117  6.08631  8.61
  0.862  21.4903  2.74666  3.64258  4.96218  4.96218  6.12925  8.62
  0.863  21.783  2.73338  3.48686  5.02091  5.02091  6.06532  8.63
  0.864  21.7109  2.88351  3.54143  5.27111  5.27111  6.0716  8.64
  0.865  21.9379  2.49577  3.63722  5.17375  5.17375  6.11004  8.65
  0.866  22.5888  2.46789  4.40375  4.8522  4.8522  6.13843  8.66
  0.867  21.898  2.33279  4.82469  5.24938  5.24938  6.19182  8.67
  0.868  21.0115  2.6239  4.86195  4.89547  4.89547  6.0617  8.68
  0.869  20.5887  1.96433  5.37263  4.61425  4.61425  6.02713  8.69
  0.87  20.4142  2.07678  5.39006  4.34315  4.34315  5.8529  8.7
  0.871  21.1968  2.33905  6.56084  3.05494  3.05494  5.87436  8.71
  0.872  22.3859  2.34464  6.13198  2.8504  2.8504  5.9115  8.72
  0.873  21.837  2.06665  6.18364  3.01939  3.01939  5.97946  8.73
  0.874  21.2769  2.17703  5.82306  2.9942  2.9942  5.95345  8.74
  0.875  20.7572  2.03592  5.98471  3.57047  3.57047  5.96766  8.75
  0.876  21.583  1.69527  6.28231  4.19787  4.19787  5.99652  8.76
  0.877  20.1675  1.61084  7.34387  4.15468  4.15468  5.87575  8.77
  0.878  20.1058  1.764  6.62235  4.30951  4.30951  5.99884  8.78
  0.879  19.185  1.70705  6.18712  3.777  3.777  6.05432  8.79
  0.88  19.9839  1.84854  5.61243  4.46239  4.46239  6.15952  8.8
  0.881  19.0736  1.83366  5.49349  4.6163  4.6163  5.96765  8.81
  0.882  18.6224  1.40714  5.60976  4.2837  4.2837  5.91088  8.82
  0.883  18.3928  1.34139  5.93765  3.93576  3.93576  5.95433  8.83
  0.884  20.5454  1.31618  6.00256  4.13207  4.13207  5.92947  8.84
  0.885  20.5134  1.47582  6.61384  3.85521  3.85521  5.98211  8.85
  0.886  21.9567  1.76168  6.33912  3.7902  3.7902  6.02455  8.86
  0.887  21.6055  1.27712  6.31758  4.36244  4.36244  5.9069  8.87
  0.888  20.7816  1.13625  6.54634  4.224  4.224  5.82495  8.88
  0.889  20.9657  1.52793  6.90834  4.48717  4.48717  5.89152  8.89
  0.89  19.9255  1.76307  7.51197  4.5271  4.5271  5.9243  8.9
  0.891  18.888  1.68868  7.67573  4.67265  4.67265  6.05289  8.91
  0.892  17.9657  1.96986  8.93456  4.98945  4.98945  6.08748  8.92
  0.893  18.7077  1.75824  9.20955  4.83912  4.83912  6.04757  8.93
  0.894  17.9805  1.53696  8.72802  4.7656  4.7656  6.11265  8.94
  0.895  17.3558  1.66822  8.3803  5.04335  5.04335  6.10957  8.95
  0.896  18.5345  1.3075  8.18005  5.1911  5.1911  6.18349  8.96
  0.897  19.5461  1.61058  8.55108  5.0452  5.0452  6.30586  8.97
  0.898  20.8292  1.72058  9.7639  4.84154  4.84154  6.47345  8.98
  0.899  18.7187  1.63556  9.06317  4.48123  4.48123  6.21979  8.99
  0.9  20.2189  1.48161  10.2531  4.30672  4.30672  6.3429  9
  0.901  19.5443  1.47646  9.66606  4.53519  4.53519  6.27943  9.01
  0.902  18.5378  1.2119  10.2149  4.8032  4.8032  6.37769  9.02
  0.903  17.1247  1.28489  10.4887  4.3577  4.3577  6.24347  9.03
  0.904  16.4888  1.33189  9.64059  4.38957  4.38957  6.26918  9.04
  0.905  17.5977  1.36636  9.74377  4.87887  4.87887  6.33453  9.05
  0.906  18.5118  1.68036  9.10713  4.74731  4.74731  6.37979  9.06
  0.907  19.7508  1.83722  9.52949  4.54682  4.54682  6.58539  9.07
  0.908  19.7757  2.02868  9.93203  5.08826  5.08826  6.62186  9.08
  0.909  18.3879  1.84991  10.2446  4.68947  4.68947  6.48684  9.09
  0.91  18.293  1.8928  9.32022  4.66007  4.66007  6.54919  9.1
  0.911  18.9918  1.75636  9.24221  5.13215  5.13215  6.64806  9.11
  0.912  20.8139  1.94409  9.03648  4.4074  4.4074  6.73605  9.12
  0.913  19.3793  2.0105  9.44804  4.23419  4.23419  6.63934  9.13
  0.914  18.8157  1.72792  9.1973  5.04182  5.04182  6.48587  9.14
  0.915  19.707  1.93879  9.87587  5.63749  5.63749  6.56921  9.15
  0.916  18.8348  1.9126  9.40814  4.91858  4.91858  6.5464  9.16
  0.917  18.8349  1.87932  9.721  6.04306  6.04306  6.68653  9.17
  0.918  18.4838  1.61363  9.76193  7.00792  7.00792  6.67756  9.18
  0.919  20.0037  1.98383  9.61123  6.94801  6.94801  6.75531  9.19
  0.92  20.7198  2.07374  9.47735  6.26025  6.26025  6.75011  9.2
  0.921  20.2069  1.8234  10.7488  6.1243  6.1243  6.74839  9.21
  0.922  20.715  1.91908  10.4216  5.79479  5.79479  6.76193  9.22
  0.923  20.4256  1.72743  10.8235  6.33809  6.33809  6.66771  9.23
  0.924  20.7379  2.09408  11.1155  6.15465  6.15465  6.74611  9.24
  0.925  22.6314  2.00567  9.7453  6.5076  6.5076  6.89634  9.25
  0.926  22.9026  2.08538  9.64012  6.81265  6.81265  6.83294  9.26
  0.927  21.4041  2.06747  9.41394  7.20956  7.20956  6.83258  9.27
  0.928  20.5203  2.02565  10.0875  7.71606  7.71606  6.84314  9.28
  0.929  20.3678  1.99413  10.1289  7.68366  7.68366  6.87099  9.29
  0.93  20.9144  2.03739  9.79924  8.31541  8.31541  6.96647  9.3
  0.931  20.9549  2.01458  9.3881  8.13413  8.13413  7.04543  9.31
  0.932  20.6101  1.8577  9.78933  8.40532  8.40532  7.14597  9.32
  0.933  20.0569  1.53471  8.26911  8.60479  8.60479  7.10747  9.33
  0.934  20.7814  1.79454  8.29327  8.40666  8.40666  7.09693  9.34
  0.935  20.7706  1.8892  7.78534  7.78959  7.78959  7.01598  9.35
  0.936  20.9881  1.61635  7.69868  8.86256  8.86256  6.93518  9.36
  0.937  20.8298  1.89891  7.70395  8.60516  8.60516  6.89879  9.37
  0.938  21.0856  2.22673  8.05004  9.16824  9.16824  7.01376  9.38
  0.939  19.8489  2.49847  9.30524  8.47398  8.47398  6.90335  9.39
  0.94  17.9  2.1124  9.76713  8.52756  8.52756  6.90666  9.4
  0.941  18.8356  1.6812  8.73617  8.46849  8.46849  6.85359  9.41
  0.942  20.5818  1.44478  9.47021  7.91492  7.91492  6.94747  9.42
  0.943  20.9896  1.33249  9.61599  8.23665  8.23665  6.95953  9.43
  0.944  20.4776  1.1839  10.4226  8.14002  8.14002  6.98566  9.44
  0.945  21.2096  1.46007  11.061  6.88436  6.88436  6.98787  9.45
  0.946  20.2946  1.58516  11.4103  6.56287  6.56287  7.09441  9.46
  0.947  19.9396  1.72999  12.1669  7.32988  7.32988  7.26491  9.47
  0.948  18.9107  1.70789  12.927  7.01787  7.01787  7.32884  9.48
  0.949  19.0382  1.96301  13.6175  6.261  6.261  7.19724  9.49
  0.95  20.8331  2.56068  12.7802  5.81669  5.81669  7.14744  9.5
  0.951  21.0286  2.5161  12.1608  6.02732  6.02732  7.13701  9.51
  0.952  21.7055  2.47297  11.9197  6.62813  6.62813  7.09718  9.52
  0.953  21.2138  2.43908  11.893  7.06527  7.06527  7.04253  9.53
  0.954  21.024  2.33837  11.4048  7.29855  7.29855  6.97953  9.54
  0.955  21.8972  3.21925  11.3072  6.66496  6.66496  7.03795  9.55
  0.956  21.8353  2.44795  11.5611  6.72055  6.72055  7.10027  9.56
  0.957  20.7131  2.31027  11.6317  6.50993  6.50993  7.16792  9.57
  0.958  20.6042  2.47288  12.2689  6.01934  6.01934  7.08201  9.58
  0.959  20.3211  2.24987  13.3535  6.01179  6.01179  6.9235  9.59
  0.96  19.7398  1.82139  13.547  5.94904  5.94904  6.84032  9.6
  0.961  18.0733  1.98282  14.8991  5.44786  5.44786  6.83972  9.61
  0.962  18.216  1.53506  13.7122  4.45209  4.45209  6.82522  9.62
  0.963  17.0172  1.71832  14.9675  4.43609  4.43609  6.9703  9.63
  0.964  18.3654  1.70744  15.3726  4.81879  4.81879  7.04198  9.64
  0.965  18.053  1.84521  14.1699  4.26316  4.26316  6.92638  9.65
  0.966  16.6431  1.97683  13.8811  4.63012  4.63012  6.87325  9.66
  0.967  15.9744  1.63619  14.2834  4.82202  4.82202  6.85541  9.67
  0.968  16.9585  1.45829  14.2779  5.47114  5.47114  6.76552  9.68
  0.969  16.5449  2.05017  12.7892  5.06574  5.06574  6.59066  9.69
  0.97  17.1212  2.07836  14.5013  5.1639  5.1639  6.61367  9.7
  0.971  17.2575  2.2113  13.9473  5.36384  5.36384  6.62697  9.71
  0.972  17.249  2.12773  12.9661  5.68569  5.68569  6.58652  9.72
  0.973  17.85  2.13191  13.2962  6.34207  6.34207  6.82643  9.73
  0.974  17.3065  2.41215  12.4553  5.57408  5.57408  6.84766  9.74
  0.975  16.2829  2.73782  12.6259  5.9543  5.9543  6.80043  9.75
  0.976  16.552  3.18951  11.9808  6.35534  6.35534  6.84634  9.76
  0.977  18.3681  2.83297  11.4275  5.69947  5.69947  6.78987  9.77
  0.978  18.5308  2.93465  11.584  5.20782  5.20782  6.82876  9.78
  0.979  18.6221  2.75573  12.2997  5.11506  5.11506  6.89345  9.79
  0.98  18.2833  2.58021  12.796  6.27129  6.27129  7.1046  9.8
  0.981  17.5544  2.02711  11.6861  7.52754  7.52754  7.02938  9.81
  0.982  17.8511  1.73193  11.9499  7.6394  7.6394  7.03093  9.82
  0.983  17.7437  1.27237  14.1217  6.61079  6.61079  7.1858  9.83
  0.984  17.5652  1.1117  15.6798  7.56623  7.56623  7.19967  9.84
  0.985  16.7545  1.04635  15.9784  8.31654  8.31654  7.25805  9.85
  0.986  16.9939  0.852691  15.4648  7.99547  7.99547  7.25054  9.86
  0.987  17.0753  0.78559  15.3176  8.79716  8.79716  7.28802  9.87
  0.988  17.1733  0.86442  15.5999  9.49373  9.49373  7.2909  9.88
  0.989  16.9163  0.881454  16.1306  8.3294  8.3294  7.23349  9.89
  0.99  16.3907  0.872129  15.7312  8.25592  8.25592  7.21152  9.9
  0.991  17.8529  0.611776  16.711  8.7951  8.7951  7.45792  9.91
  0.992  18.0189  0.426573  17.9134  8.33715  8.33715  7.40786  9.92
  0.993  19.0493  0.492076  19.0451  8.1008  8.1008  7.41675  9.93
  0.994  17.3022  0.464602  20.2893  8.02173  8.02173  7.41665  9.94
  0.995  19.6211  0.287382  22.1999  7.71989  7.71989  7.44071  9.95
  0.996  19.5677  0.199077  22.9804  7.71032  7.71032  7.52415  9.96
  0.997  20.2112  0.0576754  22.4846  6.9538  6.9538  7.42276  9.97
  0.998  18.7516  0.081765  21.2758  6.7221  6.7221  7.21186  9.98
  0.999  18.3697  0.111568  22.2825  6.12136  6.12136  7.38133  9.99
  1  18.8938  0.245217  22.8317  6.11744  6.11744  7.53374  10
