  0  0  0  0  0  0  0  0
  0.001  0.000509637  0.00225976  0.0033917  0.0310662  0.0310662  0.00928437  0.01
  0.002  0.0449257  0.00539606  0.0156052  0.0536716  0.0536716  0.0196853  0.02
  0.003  0.041878  0.00607343  0.00347119  0.0955373  0.0955373  0.0278494  0.03
  0.004  0.032378  0.01112  0.0105297  0.0911795  0.0911795  0.0407631  0.04
  0.005  0.0276619  0.0320589  0.0129267  0.180431  0.180431  0.0529158  0.05
  0.006  0.0282713  0.0322091  0.02845  0.160533  0.160533  0.0580409  0.06
  0.007  0.025989  0.0637644  0.0278158  0.203406  0.203406  0.0633337  0.07
  0.008  0.0271641  0.11776  0.0293792  0.119708  0.119708  0.0786859  0.08
  0.009  0.0203846  0.172862  0.0611368  0.120485  0.120485  0.0919409  0.09
  0.01  0.0206931  0.17977  0.0706202  0.118856  0.118856  0.101087  0.1
  0.011  0.0154469  0.191394  0.0705621  0.119401  0.119401  0.115202  0.11
  0.012  0.00640774  0.196498  0.0689796  0.151709  0.151709  0.125697  0.12
  0.013  0.00814669  0.200182  0.0763135  0.148457  0.148457  0.134088  0.13
  0.014  0.040315  0.193042  0.0789138  0.144529  0.144529  0.144142  0.14
  0.015  0.0381385  0.184374  0.0834089  0.110695  0.110695  0.155957  0.15
  0.016  0.0608218  0.184139  0.0375018  0.0842209  0.0842209  0.166474  0.16
  0.017  0.0749822  0.274206  0.0459824  0.0761387  0.0761387  0.17474  0.17
  0.018  0.0809124  0.230946  0.0513963  0.0720872  0.0720872  0.185624  0.18
  0.019  0.0819398  0.215502  0.0791331  0.108213  0.108213  0.201585  0.19
  0.02  0.0960069  0.218413  0.0800653  0.113481  0.113481  0.21777  0.2
  0.021  0.0853585  0.202333  0.0805438  0.110231  0.110231  0.226974  0.21
  0.022  0.0922783  0.216726  0.0759931  0.111885  0.111885  0.239495  0.22
  0.023  0.0481549  0.236026  0.0783477  0.104845  0.104845  0.2649  0.23
  0.024  0.047806  0.260521  0.112487  0.0905994  0.0905994  0.259812  0.24
  0.025  0.0494951  0.260132  0.100799  0.0653784  0.0653784  0.27016  0.25
  0.026  0.0627055  0.402728  0.195307  0.041855  0.041855  0.265592  0.26
  0.027  0.0695484  0.452559  0.188174  0.0422045  0.0422045  0.276123  0.27
  0.028  0.121671  0.438461  0.330488  0.061223  0.061223  0.305922  0.28
  0.029  0.146329  0.35639  0.247571  0.1535  0.1535  0.312051  0.29
  0.03  0.202459  0.331767  0.258473  0.244505  0.244505  0.338757  0.3
  0.031  0.304793  0.280049  0.301422  0.429072  0.429072  0.340912  0.31
  0.032  0.307657  0.353831  0.297369  0.456964  0.456964  0.345531  0.32
  0.033  0.405117  0.317867  0.297024  0.334373  0.334373  0.352646  0.33
  0.034  0.445801  0.333218  0.167223  0.285946  0.285946  0.357047  0.34
  0.035  0.489725  0.325723  0.19013  0.285679  0.285679  0.357888  0.35
  0.036  0.517692  0.217442  0.18774  0.345654  0.345654  0.357727  0.36
  0.037  0.475788  0.206775  0.197331  0.311825  0.311825  0.35105  0.37
  0.038  0.473546  0.229007  0.225448  0.293558  0.293558  0.37049  0.38
  0.039  0.467036  0.199489  0.239454  0.285698  0.285698  0.375289  0.39
  0.04  0.476814  0.198028  0.340864  0.482425  0.482425  0.378768  0.4
  0.041  0.479  0.360973  0.341477  0.42075  0.42075  0.401274  0.41
  0.042  0.933457  0.306355  0.343108  0.348393  0.348393  0.439313  0.42
  0.043  1.08456  0.313685  0.359566  0.32854  0.32854  0.462712  0.43
  0.044  1.3149  0.273716  0.2759  0.407894  0.407894  0.482273  0.44
  0.045  1.30662  0.264091  0.31564  0.474038  0.474038  0.45715  0.45
  0.046  1.11938  0.264978  0.293042  0.489821  0.489821  0.439403  0.46
  0.047  1.15934  0.239312  0.462803  0.495334  0.495334  0.459017  0.47
  0.048  1.16843  0.215845  0.464331  0.512018  0.512018  0.475206  0.48
  0.049  1.17441  0.195152  0.372035  0.484167  0.484167  0.467562  0.49
  0.05  0.972224  0.356322  0.37013  0.457679  0.457679  0.467653  0.5
  0.051  0.904665  0.391156  0.400327  0.516093  0.516093  0.453205  0.51
  0.052  0.844799  0.318001  0.408325  0.544392  0.544392  0.453805  0.52
  0.053  0.854088  0.325089  0.414323  0.473778  0.473778  0.477309  0.53
  0.054  0.916555  0.377599  0.416662  0.513641  0.513641  0.505136  0.54
  0.055  1.25825  0.358835  0.361607  0.510797  0.510797  0.527399  0.55
  0.056  1.54378  0.316549  0.340434  0.262201  0.262201  0.530537  0.56
  0.057  1.53884  0.402396  0.314819  0.31483  0.31483  0.531992  0.57
  0.058  1.54495  0.389924  0.335518  0.333567  0.333567  0.545284  0.58
  0.059  1.39053  0.532388  0.457457  0.469765  0.469765  0.555393  0.59
  0.06  1.28429  0.670854  0.398478  0.475819  0.475819  0.564677  0.6
  0.061  1.28912  0.579985  0.46819  0.436508  0.436508  0.549033  0.61
  0.062  1.30847  0.627153  0.286773  0.455045  0.455045  0.537926  0.62
  0.063  1.32292  0.504878  0.306073  0.408522  0.408522  0.555847  0.63
  0.064  1.37566  0.522206  0.40897  0.40281  0.40281  0.554725  0.64
  0.065  1.33454  0.51791  0.577873  0.390619  0.390619  0.577137  0.65
  0.066  1.52193  0.495959  0.592265  0.42155  0.42155  0.617045  0.66
  0.067  1.5445  0.535677  0.57914  0.419693  0.419693  0.667829  0.67
  0.068  1.65352  0.591611  0.59815  0.392903  0.392903  0.683951  0.68
  0.069  1.77117  0.60683  0.509239  0.480094  0.480094  0.671985  0.69
  0.07  1.7603  0.577322  0.49264  0.490407  0.490407  0.683824  0.7
  0.071  1.73277  0.501913  0.613372  0.360234  0.360234  0.724274  0.71
  0.072  1.73603  0.533483  0.626302  0.396102  0.396102  0.733154  0.72
  0.073  1.72198  0.550193  0.677262  0.276528  0.276528  0.744811  0.73
  0.074  1.86057  0.558738  0.607676  0.232743  0.232743  0.747278  0.74
  0.075  1.88936  0.534632  0.555505  0.270539  0.270539  0.746578  0.75
  0.076  1.85457  0.554655  0.74596  0.282686  0.282686  0.773574  0.76
  0.077  1.90143  0.563728  0.744661  0.272038  0.272038  0.779987  0.77
  0.078  1.81963  0.568279  1.12614  0.222452  0.222452  0.798624  0.78
  0.079  1.78042  0.569431  1.50144  0.220064  0.220064  0.823107  0.79
  0.08  1.735  0.556051  1.6126  0.285233  0.285233  0.813131  0.8
  0.081  1.63307  0.503808  1.73345  0.343832  0.343832  0.831629  0.81
  0.082  1.77492  0.479404  1.72  0.494367  0.494367  0.812743  0.82
  0.083  1.79543  0.475216  1.84162  0.544452  0.544452  0.819822  0.83
  0.084  1.69721  0.471508  1.75675  0.500701  0.500701  0.810602  0.84
  0.085  2.11796  0.407438  2.30885  0.675769  0.675769  0.845313  0.85
  0.086  2.31704  0.41526  2.13764  0.680363  0.680363  0.846909  0.86
  0.087  2.24462  0.435048  2.03628  1.07975  1.07975  0.853036  0.87
  0.088  2.28443  0.462656  2.36847  1.02614  1.02614  0.884233  0.88
  0.089  2.25767  0.31966  2.30331  0.925074  0.925074  0.88262  0.89
  0.09  2.02805  0.356631  2.349  0.941529  0.941529  0.878954  0.9
  0.091  2.27963  0.3242  2.31584  1.08913  1.08913  0.887106  0.91
  0.092  2.20203  0.209257  1.93484  1.20804  1.20804  0.888206  0.92
  0.093  2.5051  0.208841  1.93218  1.10954  1.10954  0.896472  0.93
  0.094  2.61799  0.203536  1.94771  1.23955  1.23955  0.906561  0.94
  0.095  3.17104  0.2783  2.11834  1.41002  1.41002  0.942455  0.95
  0.096  3.14813  0.270964  2.33027  1.28941  1.28941  0.968628  0.96
  0.097  3.07425  0.325139  2.30024  1.36036  1.36036  0.959922  0.97
  0.098  3.07218  0.282971  2.24397  1.69187  1.69187  0.942092  0.98
  0.099  3.30221  0.209261  2.10638  1.64727  1.64727  0.932196  0.99
  0.1  3.15736  0.177476  2.12896  1.69508  1.69508  0.957085  1
  0.101  2.95515  0.189659  2.37383  1.45113  1.45113  0.9599  1.01
  0.102  2.89087  0.107857  2.42921  1.44713  1.44713  0.961274  1.02
  0.103  2.45666  0.102236  2.42959  1.57405  1.57405  0.944697  1.03
  0.104  2.33638  0.0981743  2.48993  1.37239  1.37239  0.978668  1.04
  0.105  1.79078  0.101396  2.49227  1.22765  1.22765  0.966576  1.05
  0.106  1.78856  0.116055  2.62471  1.29898  1.29898  0.952493  1.06
  0.107  1.86393  0.106943  2.572  1.46688  1.46688  0.968043  1.07
  0.108  1.76952  0.119232  2.40528  1.4664  1.4664  0.956473  1.08
  0.109  2.02253  0.127767  2.65162  1.44239  1.44239  0.972237  1.09
  0.11  1.87265  0.0986931  2.62936  1.52693  1.52693  0.983909  1.1
  0.111  1.84685  0.0761609  2.88439  1.56926  1.56926  0.98809  1.11
  0.112  1.64799  0.105569  2.92607  1.41825  1.41825  0.991158  1.12
  0.113  1.83338  0.0705265  2.92766  1.34134  1.34134  1.0141  1.13
  0.114  2.90476  0.0833931  2.79157  1.34493  1.34493  1.07954  1.14
  0.115  2.86703  0.112014  3.68938  1.34664  1.34664  1.0616  1.15
  0.116  2.86179  0.118376  3.73738  1.38938  1.38938  1.07122  1.16
  0.117  2.89067  0.282124  3.7027  1.30083  1.30083  1.08148  1.17
  0.118  2.99182  0.34471  3.77958  1.27374  1.27374  1.08156  1.18
  0.119  3.12791  0.320054  3.67103  1.10545  1.10545  1.10501  1.19
  0.12  3.39802  0.411606  3.83756  1.04609  1.04609  1.12425  1.2
  0.121  3.44572  0.459191  3.63447  1.15954  1.15954  1.11199  1.21
  0.122  3.45729  0.470351  3.62058  1.10861  1.10861  1.11153  1.22
  0.123  3.17788  0.484098  3.41215  1.11628  1.11628  1.1228  1.23
  0.124  3.22  0.484007  3.36624  0.996331  0.996331  1.13994  1.24
  0.125  3.19838  0.530281  3.08059  1.01531  1.01531  1.13513  1.25
  0.126  3.23064  0.582963  3.11819  1.04196  1.04196  1.1469  1.26
  0.127  3.17714  0.620651  3.16083  1.09361  1.09361  1.13712  1.27
  0.128  3.18251  0.567896  3.64198  1.04022  1.04022  1.15752  1.28
  0.129  3.18154  0.591991  3.57115  1.01552  1.01552  1.1426  1.29
  0.13  3.13691  0.608191  3.57906  0.999194  0.999194  1.10616  1.3
  0.131  3.14891  0.856753  3.9164  0.994449  0.994449  1.12763  1.31
  0.132  3.57138  0.82385  3.91021  1.07566  1.07566  1.19705  1.32
  0.133  3.67342  0.604103  4.01119  1.01565  1.01565  1.21919  1.33
  0.134  4.07598  0.608947  3.9741  0.850153  0.850153  1.23182  1.34
  0.135  4.12575  0.614138  3.91494  0.944695  0.944695  1.22788  1.35
  0.136  4.46639  0.563897  3.99013  0.956334  0.956334  1.26482  1.36
  0.137  4.69155  0.544969  3.74281  0.909804  0.909804  1.26768  1.37
  0.138  4.62164  0.787563  3.98514  1.15622  1.15622  1.30954  1.38
  0.139  4.54967  0.781897  3.48685  1.00025  1.00025  1.31465  1.39
  0.14  4.18751  0.809213  3.52393  0.968257  0.968257  1.295  1.4
  0.141  4.15882  0.85313  3.57205  1.03258  1.03258  1.31145  1.41
  0.142  4.04882  0.985781  3.66043  1.02243  1.02243  1.33212  1.42
  0.143  4.04629  0.793196  4.11224  1.0072  1.0072  1.37404  1.43
  0.144  4.08091  0.731498  4.14697  1.11779  1.11779  1.39884  1.44
  0.145  4.16633  0.725064  4.07833  1.09777  1.09777  1.40687  1.45
  0.146  3.9897  0.774646  4.26184  1.20325  1.20325  1.41144  1.46
  0.147  3.95928  0.769185  4.20079  1.22484  1.22484  1.41236  1.47
  0.148  3.93769  0.677706  4.30671  1.37384  1.37384  1.45638  1.48
  0.149  3.87335  0.615823  4.31863  1.40804  1.40804  1.47877  1.49
  0.15  3.55042  0.613056  4.54761  1.48118  1.48118  1.47288  1.5
  0.151  3.51722  0.758944  4.52144  1.49533  1.49533  1.49225  1.51
  0.152  3.23667  0.883659  4.29843  1.49472  1.49472  1.47938  1.52
  0.153  3.07644  0.885445  3.97966  1.4947  1.4947  1.48683  1.53
  0.154  3.13425  0.846659  4.08921  1.46004  1.46004  1.46522  1.54
  0.155  3.17558  0.876955  4.31078  1.54943  1.54943  1.47176  1.55
  0.156  3.16384  0.988105  4.33251  1.59394  1.59394  1.48129  1.56
  0.157  2.91474  0.984936  4.02795  1.6114  1.6114  1.47118  1.57
  0.158  2.98438  0.952159  4.19183  1.38852  1.38852  1.47693  1.58
  0.159  3.05102  1.08503  4.49266  1.35607  1.35607  1.45983  1.59
  0.16  3.02733  1.00057  5.05503  1.4315  1.4315  1.50413  1.6
  0.161  2.8712  1.03673  5.70898  1.40079  1.40079  1.53102  1.61
  0.162  2.98299  1.20222  5.02808  1.09287  1.09287  1.49904  1.62
  0.163  2.95853  0.98604  4.81679  1.09534  1.09534  1.47528  1.63
  0.164  2.84223  0.952047  5.06192  1.08818  1.08818  1.49141  1.64
  0.165  2.77501  0.938165  4.75837  1.06209  1.06209  1.48282  1.65
  0.166  2.67284  1.07071  4.60447  1.05998  1.05998  1.49967  1.66
  0.167  2.5807  1.12885  4.98513  1.15062  1.15062  1.49904  1.67
  0.168  2.17822  0.930471  4.98184  1.34233  1.34233  1.49138  1.68
  0.169  2.17289  1.16023  5.05327  1.34883  1.34883  1.50356  1.69
  0.17  2.44512  1.09572  5.03074  1.39538  1.39538  1.52846  1.7
  0.171  2.51464  0.905302  4.53617  1.27333  1.27333  1.52376  1.71
  0.172  2.48915  0.828791  4.74121  1.13785  1.13785  1.50878  1.72
  0.173  2.44312  0.903154  4.87281  1.0954  1.0954  1.5118  1.73
  0.174  2.7089  0.867765  4.98292  1.13991  1.13991  1.50903  1.74
  0.175  2.35037  0.887658  4.47145  1.11252  1.11252  1.52023  1.75
  0.176  2.31984  0.897147  4.69981  1.17755  1.17755  1.54042  1.76
  0.177  2.37104  0.896866  4.62266  1.08243  1.08243  1.57183  1.77
  0.178  2.37514  0.902747  4.53423  1.08078  1.08078  1.58524  1.78
  0.179  2.31481  0.909736  4.53818  1.32437  1.32437  1.57472  1.79
  0.18  2.30127  0.705975  4.53196  1.18389  1.18389  1.57572  1.8
  0.181  2.39813  0.711674  4.42276  1.15159  1.15159  1.59399  1.81
  0.182  2.33307  0.81997  4.723  1.08671  1.08671  1.6441  1.82
  0.183  2.33812  0.782723  4.93853  1.23357  1.23357  1.68566  1.83
  0.184  2.30806  0.86005  4.99532  1.13988  1.13988  1.71338  1.84
  0.185  2.38484  0.855504  5.20514  1.0316  1.0316  1.74873  1.85
  0.186  2.30096  0.884529  5.40012  1.03601  1.03601  1.74553  1.86
  0.187  2.32485  1.02497  5.37432  1.03938  1.03938  1.72394  1.87
  0.188  2.59863  1.04348  5.23472  1.05356  1.05356  1.73239  1.88
  0.189  2.51154  1.03375  5.23596  1.17826  1.17826  1.73649  1.89
  0.19  2.51104  0.906377  4.98486  1.16057  1.16057  1.72549  1.9
  0.191  1.77384  1.01611  4.9083  1.18288  1.18288  1.69704  1.91
  0.192  1.77902  1.03661  4.79731  1.06224  1.06224  1.70111  1.92
  0.193  1.74984  1.29898  4.5889  1.10931  1.10931  1.69244  1.93
  0.194  1.36903  1.6055  4.2394  1.16871  1.16871  1.68394  1.94
  0.195  1.81244  1.57161  4.16666  1.09708  1.09708  1.70164  1.95
  0.196  1.80233  1.58877  4.15841  1.22802  1.22802  1.71515  1.96
  0.197  1.93824  1.52712  4.25721  1.23719  1.23719  1.73268  1.97
  0.198  1.96202  1.53509  4.20456  1.14016  1.14016  1.7303  1.98
  0.199  1.98713  1.53476  4.67489  1.07613  1.07613  1.75101  1.99
  0.2  2.11703  1.49609  4.72707  1.00215  1.00215  1.71589  2
  0.201  2.05057  1.28513  4.76242  0.992643  0.992643  1.70524  2.01
  0.202  2.12541  1.4001  5.17337  0.952083  0.952083  1.75076  2.02
  0.203  2.23072  1.45614  5.20108  1.04569  1.04569  1.72974  2.03
  0.204  2.15945  1.3426  5.00593  1.25521  1.25521  1.73709  2.04
  0.205  2.29708  1.37482  4.97329  1.22446  1.22446  1.73169  2.05
  0.206  2.49962  1.37002  5.42408  1.14473  1.14473  1.71862  2.06
  0.207  2.51605  1.59249  4.8372  1.19208  1.19208  1.73888  2.07
  0.208  2.49217  1.56036  4.98946  1.21004  1.21004  1.74086  2.08
  0.209  2.51295  1.2203  4.71585  1.20512  1.20512  1.67586  2.09
  0.21  2.54186  1.22951  5.01368  1.04954  1.04954  1.72441  2.1
  0.211  2.44577  1.29178  5.03647  1.04371  1.04371  1.71461  2.11
  0.212  2.41761  1.36012  5.4043  1.21228  1.21228  1.76423  2.12
  0.213  2.38687  1.48088  5.61826  1.33339  1.33339  1.79341  2.13
  0.214  2.54133  1.61486  5.52904  1.44643  1.44643  1.81314  2.14
  0.215  2.45033  1.61223  5.46137  1.29408  1.29408  1.83805  2.15
  0.216  2.59022  1.57628  5.43521  1.5189  1.5189  1.85316  2.16
  0.217  2.38681  1.82985  5.23398  1.51416  1.51416  1.84267  2.17
  0.218  2.72271  1.83664  5.39444  1.52019  1.52019  1.86734  2.18
  0.219  2.73756  1.90316  5.11917  1.51867  1.51867  1.87277  2.19
  0.22  2.68733  1.9086  5.26133  1.50507  1.50507  1.88814  2.2
  0.221  2.7517  1.92305  4.87107  1.5099  1.5099  1.88637  2.21
  0.222  2.92008  1.92406  5.34768  1.65621  1.65621  1.92955  2.22
  0.223  2.68566  1.89467  5.44411  1.67278  1.67278  1.92193  2.23
  0.224  3.00391  1.71527  5.47104  1.69604  1.69604  1.94333  2.24
  0.225  2.77889  1.98012  5.50461  1.47612  1.47612  1.97242  2.25
  0.226  2.70927  1.93396  5.57106  1.4248  1.4248  2.00052  2.26
  0.227  2.71087  1.80219  5.96615  0.95169  0.95169  2.00362  2.27
  0.228  2.7857  1.69801  5.83623  0.93746  0.93746  1.97056  2.28
  0.229  2.96226  1.6785  5.83746  0.921942  0.921942  1.97197  2.29
  0.23  2.8512  1.77428  5.89983  0.936881  0.936881  1.94083  2.3
  0.231  2.8335  1.87966  5.63344  1.07006  1.07006  1.94989  2.31
  0.232  2.82709  1.79116  5.65613  1.22313  1.22313  1.96674  2.32
  0.233  3.04361  1.59156  6.16384  1.14468  1.14468  1.97784  2.33
  0.234  3.4941  1.57956  6.15993  1.16448  1.16448  2.01814  2.34
  0.235  3.39196  1.64503  5.80185  1.11954  1.11954  2.01345  2.35
  0.236  2.96786  1.75454  6.07615  1.13913  1.13913  2.017  2.36
  0.237  3.18641  1.82841  6.55705  1.40129  1.40129  2.06861  2.37
  0.238  3.83713  1.94232  6.70595  1.47657  1.47657  2.10171  2.38
  0.239  3.86785  1.7278  6.84331  1.43125  1.43125  2.14304  2.39
  0.24  3.50779  1.68501  6.81238  1.39459  1.39459  2.12824  2.4
  0.241  3.48506  1.65976  6.98644  1.43605  1.43605  2.13116  2.41
  0.242  3.45087  1.65984  7.08224  1.49899  1.49899  2.1696  2.42
  0.243  3.34124  1.64572  7.49158  1.48713  1.48713  2.18118  2.43
  0.244  3.29419  1.55629  8.04141  1.57507  1.57507  2.19347  2.44
  0.245  3.39008  1.3982  7.73632  1.09577  1.09577  2.1371  2.45
  0.246  3.42742  1.24137  7.62768  1.09041  1.09041  2.21845  2.46
  0.247  3.3657  1.08756  8.18037  1.1745  1.1745  2.2709  2.47
  0.248  3.37773  1.09663  8.7354  1.20604  1.20604  2.31325  2.48
  0.249  3.39754  1.10283  8.72748  1.07461  1.07461  2.29765  2.49
  0.25  3.34561  1.38521  8.6687  1.04813  1.04813  2.27943  2.5
  0.251  3.35623  1.37653  8.73645  1.12964  1.12964  2.2803  2.51
  0.252  2.90195  1.23619  8.73713  1.13583  1.13583  2.23844  2.52
  0.253  2.9031  1.05448  8.74487  1.30266  1.30266  2.2567  2.53
  0.254  2.88009  1.11778  9.06402  1.27253  1.27253  2.26164  2.54
  0.255  2.83774  1.14354  9.39502  1.11165  1.11165  2.25599  2.55
  0.256  3.16446  1.05444  9.32992  1.0142  1.0142  2.24859  2.56
  0.257  2.93606  0.98091  9.33667  1.00397  1.00397  2.20592  2.57
  0.258  3.18918  0.96646  9.15586  1.06207  1.06207  2.25601  2.58
  0.259  3.09379  1.00933  8.95058  1.06511  1.06511  2.25533  2.59
  0.26  3.14577  1.14134  8.95463  1.08599  1.08599  2.27266  2.6
  0.261  3.07499  1.14978  9.12991  1.11247  1.11247  2.29208  2.61
  0.262  3.49924  1.00521  9.19742  1.21091  1.21091  2.31033  2.62
  0.263  3.42329  1.09739  9.37278  1.21295  1.21295  2.31108  2.63
  0.264  3.58183  1.10735  9.37415  1.23636  1.23636  2.29996  2.64
  0.265  3.60354  1.02997  9.43545  1.09861  1.09861  2.30604  2.65
  0.266  3.7537  1.14343  9.4235  1.19014  1.19014  2.32232  2.66
  0.267  3.75135  1.26706  8.89057  1.01382  1.01382  2.33805  2.67
  0.268  3.76533  1.22867  8.84615  0.840018  0.840018  2.29936  2.68
  0.269  3.71121  0.953123  8.54929  0.964687  0.964687  2.29075  2.69
  0.27  3.85377  0.798126  8.48794  0.930918  0.930918  2.33418  2.7
  0.271  3.84877  0.846409  9.46547  1.10846  1.10846  2.35168  2.71
  0.272  3.89799  0.794928  9.42646  1.11845  1.11845  2.39955  2.72
  0.273  3.57494  1.03683  9.68268  1.15069  1.15069  2.45983  2.73
  0.274  3.5582  1.0655  9.67777  0.597603  0.597603  2.47187  2.74
  0.275  3.48745  1.26526  9.91676  0.506813  0.506813  2.48545  2.75
  0.276  3.6637  1.54524  9.95441  0.611063  0.611063  2.51844  2.76
  0.277  3.48651  1.3958  9.67211  0.605078  0.605078  2.49969  2.77
  0.278  3.68943  1.38724  9.33937  0.634805  0.634805  2.49909  2.78
  0.279  3.87646  1.61926  9.62516  0.664271  0.664271  2.56189  2.79
  0.28  3.93998  1.5931  10.0758  0.640317  0.640317  2.58204  2.8
  0.281  3.81465  1.58615  10.105  0.81699  0.81699  2.56133  2.81
  0.282  4.08989  1.0721  10.3751  0.737769  0.737769  2.58227  2.82
  0.283  4.13699  0.988582  10.4124  0.787374  0.787374  2.57762  2.83
  0.284  4.19954  0.990729  10.1347  0.602036  0.602036  2.61196  2.84
  0.285  4.24926  0.866239  9.98737  0.460561  0.460561  2.6171  2.85
  0.286  4.10532  0.826265  9.80491  0.492597  0.492597  2.62251  2.86
  0.287  3.97936  0.829071  10.103  0.401158  0.401158  2.66229  2.87
  0.288  4.06908  1.0325  9.71524  0.612052  0.612052  2.65572  2.88
  0.289  4.09895  1.08822  10.0946  0.577732  0.577732  2.64797  2.89
  0.29  4.05071  0.99958  10.5551  0.502622  0.502622  2.63997  2.9
  0.291  4.1285  1.08555  11.2699  0.428574  0.428574  2.66102  2.91
  0.292  4.5533  1.0785  11.3401  0.34551  0.34551  2.70393  2.92
  0.293  4.46531  1.2537  11.2684  0.336308  0.336308  2.7612  2.93
  0.294  4.45386  1.30772  11.2729  0.29466  0.29466  2.78613  2.94
  0.295  4.37686  1.3125  11.3307  0.295893  0.295893  2.80897  2.95
  0.296  4.35962  1.33816  11.2765  0.436987  0.436987  2.79637  2.96
  0.297  4.35722  1.32753  11.8389  0.451283  0.451283  2.82344  2.97
  0.298  4.11543  1.32884  11.8105  0.468017  0.468017  2.81473  2.98
  0.299  3.90181  1.4317  11.8403  0.485597  0.485597  2.79579  2.99
  0.3  4.28921  1.40023  12.2572  0.471424  0.471424  2.82865  3
  0.301  3.98611  1.72202  12.184  0.397608  0.397608  2.83375  3.01
  0.302  3.94914  1.55986  11.8903  0.384572  0.384572  2.86875  3.02
  0.303  3.61251  1.28896  11.8586  0.415405  0.415405  2.87771  3.03
  0.304  4.06763  1.31756  11.579  0.33078  0.33078  2.88494  3.04
  0.305  4.07946  0.833355  11.4035  0.334835  0.334835  2.90911  3.05
  0.306  3.98964  0.849848  11.789  0.348111  0.348111  2.90571  3.06
  0.307  3.99001  0.903631  11.415  0.320238  0.320238  2.91283  3.07
  0.308  4.23721  0.947383  11.4392  0.211855  0.211855  2.9514  3.08
  0.309  3.81539  0.983593  12.0216  0.21616  0.21616  3.00193  3.09
  0.31  3.96824  1.04413  11.6673  0.189263  0.189263  3.02201  3.1
  0.311  4.10676  1.20923  12.1061  0.200116  0.200116  3.01782  3.11
  0.312  4.07569  1.21362  12.9713  0.184786  0.184786  3.06802  3.12
  0.313  4.46841  1.23325  12.9908  0.215272  0.215272  3.07806  3.13
  0.314  4.5414  1.21424  13.0353  0.19033  0.19033  3.0604  3.14
  0.315  4.34131  0.954032  13.3398  0.164769  0.164769  3.05535  3.15
  0.316  4.34175  0.963945  13.3061  0.274651  0.274651  3.00866  3.16
  0.317  4.26636  0.810013  13.3785  0.25747  0.25747  2.9891  3.17
  0.318  4.23239  0.662008  13.3112  0.214897  0.214897  2.89412  3.18
  0.319  4.24347  0.419777  12.8351  0.211906  0.211906  2.86895  3.19
  0.32  4.23939  0.425048  12.612  0.219903  0.219903  2.89267  3.2
  0.321  4.04593  0.421548  12.172  0.22597  0.22597  2.85464  3.21
  0.322  4.18948  0.549503  12.1412  0.401346  0.401346  2.86608  3.22
  0.323  4.26428  0.557779  12.2612  0.320724  0.320724  2.84821  3.23
  0.324  4.22196  0.558424  12.5023  0.449469  0.449469  2.8951  3.24
  0.325  4.28385  0.409734  12.2318  0.454579  0.454579  2.8435  3.25
  0.326  4.39396  0.465161  12.6275  0.572488  0.572488  2.88172  3.26
  0.327  4.44437  0.378495  12.4564  0.546513  0.546513  2.90757  3.27
  0.328  4.45913  0.435482  12.0586  0.487942  0.487942  2.91463  3.28
  0.329  4.263  0.36848  12.0852  0.458611  0.458611  2.9015  3.29
  0.33  5.25491  0.365609  12.0354  0.66123  0.66123  2.93788  3.3
  0.331  5.66545  0.368167  12.1433  0.768978  0.768978  2.91528  3.31
  0.332  5.7398  0.319968  12.1938  1.13338  1.13338  2.90268  3.32
  0.333  6.23602  0.35427  12.2304  1.04615  1.04615  2.8834  3.33
  0.334  6.52407  0.469304  12.2003  1.08866  1.08866  2.92136  3.34
  0.335  6.39649  0.352617  12.6342  1.18125  1.18125  2.91882  3.35
  0.336  5.75578  0.31316  13.3568  1.18006  1.18006  2.93889  3.36
  0.337  5.47967  0.355756  13.3721  1.08807  1.08807  2.92138  3.37
  0.338  5.51458  0.321605  13.1024  1.11637  1.11637  3.01844  3.38
  0.339  5.54497  0.382233  13.341  1.15774  1.15774  3.06547  3.39
  0.34  6.06378  0.514365  13.5114  1.1732  1.1732  3.14113  3.4
  0.341  5.95149  0.577694  14.1545  1.23641  1.23641  3.20652  3.41
  0.342  6.82578  0.59539  14.0589  1.27352  1.27352  3.2309  3.42
  0.343  6.69992  0.581658  13.3569  1.28004  1.28004  3.22001  3.43
  0.344  6.74881  0.624634  13.4411  1.3299  1.3299  3.20489  3.44
  0.345  6.63625  0.63146  12.3796  1.1812  1.1812  3.19754  3.45
  0.346  6.70674  0.498775  12.0826  1.11912  1.11912  3.19225  3.46
  0.347  7.46907  0.495  11.854  1.43741  1.43741  3.21459  3.47
  0.348  6.82645  0.46124  12.4668  1.43638  1.43638  3.21996  3.48
  0.349  7.3392  0.441231  12.4428  1.43942  1.43942  3.21516  3.49
  0.35  7.39429  0.371184  12.4624  1.36105  1.36105  3.20347  3.5
  0.351  6.39413  0.356336  12.2226  1.4034  1.4034  3.15719  3.51
  0.352  6.6726  0.334888  12.3591  1.35233  1.35233  3.18353  3.52
  0.353  6.72656  0.464389  12.881  1.3527  1.3527  3.21504  3.53
  0.354  6.76535  0.852936  12.7809  1.27042  1.27042  3.2272  3.54
  0.355  6.54029  0.855722  12.8318  1.5062  1.5062  3.24354  3.55
  0.356  6.52663  0.848655  12.9846  1.48636  1.48636  3.30083  3.56
  0.357  6.22225  0.873021  12.5749  1.36461  1.36461  3.27821  3.57
  0.358  5.88013  0.894945  12.6965  1.60748  1.60748  3.26182  3.58
  0.359  5.80004  0.650914  11.7919  1.66724  1.66724  3.2448  3.59
  0.36  5.98017  0.82097  12.187  1.64718  1.64718  3.23312  3.6
  0.361  6.56264  0.8664  12.0214  1.60599  1.60599  3.24659  3.61
  0.362  6.10297  0.872447  12.0507  1.61033  1.61033  3.23833  3.62
  0.363  5.66253  0.897939  11.9365  1.73226  1.73226  3.22633  3.63
  0.364  5.91282  0.906214  11.9747  1.73907  1.73907  3.2684  3.64
  0.365  5.94655  0.868143  12.6337  1.79473  1.79473  3.33132  3.65
  0.366  5.91426  1.03966  12.8483  2.04784  2.04784  3.35921  3.66
  0.367  5.43466  0.858661  12.9343  1.86207  1.86207  3.3521  3.67
  0.368  5.45677  0.813302  12.9316  1.86675  1.86675  3.37685  3.68
  0.369  5.43087  0.995415  12.907  1.96391  1.96391  3.41893  3.69
  0.37  6.12101  0.999863  12.8236  2.17352  2.17352  3.42519  3.7
  0.371  5.79923  1.05313  12.8445  1.93263  1.93263  3.44893  3.71
  0.372  5.6474  1.04245  12.8448  1.9851  1.9851  3.45691  3.72
  0.373  5.22506  0.931766  12.4739  2.02075  2.02075  3.45367  3.73
  0.374  5.37613  0.913584  12.3651  1.88278  1.88278  3.46223  3.74
  0.375  5.41492  0.993312  11.734  2.09783  2.09783  3.50234  3.75
  0.376  5.38263  0.992386  11.7914  1.92191  1.92191  3.56828  3.76
  0.377  5.49287  0.981625  11.1223  2.01333  2.01333  3.58051  3.77
  0.378  5.41289  1.01467  11.2098  2.03919  2.03919  3.6373  3.78
  0.379  6.13012  1.02877  11.1393  2.0522  2.0522  3.65225  3.79
  0.38  6.02852  0.903702  11.6168  2.34379  2.34379  3.65494  3.8
  0.381  5.95621  1.13988  11.2479  2.51588  2.51588  3.64177  3.81
  0.382  5.90189  1.274  11.272  2.51634  2.51634  3.64462  3.82
  0.383  6.06266  1.27306  10.4797  2.4942  2.4942  3.58856  3.83
  0.384  5.5567  1.34506  10.5108  2.47883  2.47883  3.62701  3.84
  0.385  5.67645  1.27707  10.6775  2.41211  2.41211  3.6649  3.85
  0.386  5.8976  1.34083  11.4547  2.40414  2.40414  3.63149  3.86
  0.387  5.8883  1.37018  11.6602  2.43997  2.43997  3.6438  3.87
  0.388  5.53559  1.31304  11.4584  2.17378  2.17378  3.62584  3.88
  0.389  5.00308  1.40688  11.5862  2.35457  2.35457  3.64056  3.89
  0.39  4.79185  1.37783  11.5742  2.48796  2.48796  3.61151  3.9
  0.391  4.98141  1.39623  11.002  2.49349  2.49349  3.59082  3.91
  0.392  4.99094  1.27241  10.9611  2.48335  2.48335  3.58687  3.92
  0.393  5.27641  1.27471  11.2841  2.39897  2.39897  3.63006  3.93
  0.394  4.99652  1.24354  11.2794  2.19816  2.19816  3.65418  3.94
  0.395  5.33114  1.4626  11.4426  2.22384  2.22384  3.68092  3.95
  0.396  5.39269  1.46227  11.5831  2.81068  2.81068  3.6832  3.96
  0.397  5.22287  1.45223  11.411  2.80393  2.80393  3.65188  3.97
  0.398  5.73425  1.62834  12.1667  2.78045  2.78045  3.66763  3.98
  0.399  5.7418  1.72358  12.309  2.82857  2.82857  3.735  3.99
  0.4  5.71047  1.71973  12.4091  2.85368  2.85368  3.77631  4
  0.401  6.17981  1.61803  11.6571  3.13248  3.13248  3.79912  4.01
  0.402  6.13639  1.59431  11.3759  3.30913  3.30913  3.80386  4.02
  0.403  6.05172  1.56063  11.5801  3.32577  3.32577  3.80355  4.03
  0.404  6.19427  1.45302  11.739  3.32428  3.32428  3.82973  4.04
  0.405  7.04539  1.46961  11.8333  3.47741  3.47741  3.91732  4.05
  0.406  7.97409  1.56415  11.9332  3.81593  3.81593  3.91024  4.06
  0.407  7.99137  1.98734  11.8834  3.88077  3.88077  3.95554  4.07
  0.408  8.11687  1.77355  12.1067  3.44283  3.44283  3.96181  4.08
  0.409  8.13394  1.7727  12.2316  3.43975  3.43975  4.0055  4.09
  0.41  8.21296  1.77525  12.6942  3.43422  3.43422  4.0186  4.1
  0.411  8.24408  1.69475  12.7614  3.43412  3.43412  4.07853  4.11
  0.412  7.95479  1.82104  12.6688  3.77387  3.77387  4.0564  4.12
  0.413  7.83658  1.78284  12.6687  3.7967  3.7967  4.07648  4.13
  0.414  8.24754  1.95719  12.5693  3.82075  3.82075  4.0645  4.14
  0.415  8.06042  2.23592  12.7414  3.76861  3.76861  4.09643  4.15
  0.416  7.88246  2.25355  13.7167  4.14132  4.14132  4.14717  4.16
  0.417  7.92769  2.08849  13.5226  4.0885  4.0885  4.10537  4.17
  0.418  7.70442  1.93815  12.4581  3.91964  3.91964  4.08468  4.18
  0.419  7.58309  2.29271  12.4541  4.01208  4.01208  4.09853  4.19
  0.42  7.55554  2.65655  12.5761  4.01304  4.01304  4.11362  4.2
  0.421  7.83695  2.9009  12.6043  4.40592  4.40592  4.1368  4.21
  0.422  8.14773  3.0289  12.4375  4.712  4.712  4.14502  4.22
  0.423  7.54664  2.98487  12.9745  4.83911  4.83911  4.21903  4.23
  0.424  7.45027  3.2608  12.9629  5.03809  5.03809  4.26224  4.24
  0.425  6.95029  3.26757  14.0057  5.17502  5.17502  4.32827  4.25
  0.426  6.2801  3.79721  14.0535  5.20669  5.20669  4.3042  4.26
  0.427  5.89961  3.76396  13.3709  4.99979  4.99979  4.27329  4.27
  0.428  5.87216  3.76684  13.0839  5.08077  5.08077  4.30247  4.28
  0.429  5.79886  4.41246  13.6016  5.10767  5.10767  4.30357  4.29
  0.43  5.86378  4.34552  13.3639  5.01968  5.01968  4.29982  4.3
  0.431  6.11304  4.62583  13.3758  4.9789  4.9789  4.31299  4.31
  0.432  6.09206  4.67558  14.9084  4.94261  4.94261  4.3453  4.32
  0.433  5.96598  4.67561  14.9767  5.06466  5.06466  4.33036  4.33
  0.434  6.09586  4.61277  14.4335  4.87699  4.87699  4.34485  4.34
  0.435  6.47168  4.46608  14.5306  4.53871  4.53871  4.33963  4.35
  0.436  6.47151  4.5052  14.3972  4.6377  4.6377  4.29726  4.36
  0.437  6.85734  4.76537  12.9759  4.63768  4.63768  4.2232  4.37
  0.438  6.88724  4.77447  12.9292  4.61038  4.61038  4.3019  4.38
  0.439  6.88897  5.03848  12.8149  4.62559  4.62559  4.31385  4.39
  0.44  7.38827  5.73883  13.3572  5.17065  5.17065  4.33173  4.4
  0.441  7.31609  5.83568  12.8931  5.06507  5.06507  4.33393  4.41
  0.442  7.31748  5.70956  12.2709  4.87629  4.87629  4.31831  4.42
  0.443  7.13153  5.76067  11.99  5.1134  5.1134  4.35749  4.43
  0.444  6.94333  5.31048  11.877  5.34033  5.34033  4.30319  4.44
  0.445  6.94101  4.61106  12.418  5.84273  5.84273  4.36611  4.45
  0.446  7.16273  4.24597  12.641  5.95958  5.95958  4.37003  4.46
  0.447  7.1186  4.21164  12.5153  5.95702  5.95702  4.33417  4.47
  0.448  7.04665  4.30982  12.5165  4.84881  4.84881  4.26418  4.48
  0.449  7.116  4.50176  11.8743  4.84413  4.84413  4.23462  4.49
  0.45  6.77656  4.46946  11.2195  4.92767  4.92767  4.19887  4.5
  0.451  6.64663  4.52867  10.6419  4.88895  4.88895  4.19968  4.51
  0.452  6.14292  4.52819  10.6983  4.94429  4.94429  4.21736  4.52
  0.453  6.3253  4.65156  10.9791  5.20569  5.20569  4.20613  4.53
  0.454  6.37876  4.66537  11.0445  5.18233  5.18233  4.19932  4.54
  0.455  6.40742  4.47985  11.2125  5.0659  5.0659  4.19454  4.55
  0.456  6.37964  4.19733  10.6163  5.25089  5.25089  4.19223  4.56
  0.457  6.50016  3.87318  10.3194  5.36168  5.36168  4.20254  4.57
  0.458  6.49341  4.31221  10.0735  5.38201  5.38201  4.25801  4.58
  0.459  6.42392  4.2669  10.081  5.51967  5.51967  4.29038  4.59
  0.46  6.53432  4.03666  10.5463  5.83529  5.83529  4.25996  4.6
  0.461  6.82315  3.95761  10.3847  5.74027  5.74027  4.22089  4.61
  0.462  6.83025  3.7851  10.8346  6.56078  6.56078  4.28073  4.62
  0.463  6.85872  3.67919  10.8325  6.26411  6.26411  4.22294  4.63
  0.464  7.27962  3.5403  10.6784  6.12419  6.12419  4.21395  4.64
  0.465  7.2866  3.49047  10.7692  5.75947  5.75947  4.19558  4.65
  0.466  6.98938  3.49749  10.6232  5.56735  5.56735  4.12168  4.66
  0.467  6.96248  3.4895  10.6489  5.51382  5.51382  4.11288  4.67
  0.468  6.95388  3.53218  10.6114  5.59464  5.59464  4.12172  4.68
  0.469  7.16005  3.53167  11.0153  5.41968  5.41968  4.12362  4.69
  0.47  7.15123  3.22051  11.05  5.57869  5.57869  4.1477  4.7
  0.471  6.52837  3.26715  11.0423  5.6592  5.6592  4.08036  4.71
  0.472  6.59528  3.29993  11.117  5.7424  5.7424  4.08455  4.72
  0.473  6.61265  3.39837  11.2247  5.75278  5.75278  4.16604  4.73
  0.474  6.58856  3.77466  11.1775  5.95311  5.95311  4.26051  4.74
  0.475  6.32568  3.88196  11.7548  5.75858  5.75858  4.2976  4.75
  0.476  6.32591  3.95921  11.5575  5.78098  5.78098  4.26399  4.76
  0.477  6.20966  4.15068  11.4441  5.78917  5.78917  4.27182  4.77
  0.478  5.84013  4.49111  11.1604  6.11838  6.11838  4.27719  4.78
  0.479  5.54521  4.61417  10.5451  6.13772  6.13772  4.24894  4.79
  0.48  5.74519  4.48698  10.6202  6.10718  6.10718  4.29066  4.8
  0.481  5.95869  4.52456  10.7103  6.10654  6.10654  4.30315  4.81
  0.482  5.58561  4.68529  11.4543  6.05847  6.05847  4.31701  4.82
  0.483  6.01444  4.7019  11.7913  5.98262  5.98262  4.3362  4.83
  0.484  5.92714  4.38102  11.3689  5.96911  5.96911  4.26967  4.84
  0.485  5.65201  4.63951  11.4569  6.1326  6.1326  4.31632  4.85
  0.486  5.48878  4.60116  11.3522  6.23942  6.23942  4.36425  4.86
  0.487  5.4904  4.66978  11.5044  6.2663  6.2663  4.31958  4.87
  0.488  5.41481  4.59841  11.5498  6.18467  6.18467  4.30171  4.88
  0.489  5.34087  4.44182  11.685  6.17239  6.17239  4.27733  4.89
  0.49  5.33075  5.19597  11.2159  6.46905  6.46905  4.29967  4.9
  0.491  5.21922  5.06665  11.6245  6.68453  6.68453  4.3052  4.91
  0.492  5.98298  5.37345  11.0043  6.72413  6.72413  4.41365  4.92
  0.493  6.04608  5.20844  11  6.72651  6.72651  4.46408  4.93
  0.494  6.24757  4.89233  11.1491  6.51892  6.51892  4.48225  4.94
  0.495  6.65667  5.50745  11.0402  6.74361  6.74361  4.56881  4.95
  0.496  7.96675  4.84042  11.1888  6.72418  6.72418  4.59922  4.96
  0.497  7.98118  5.07092  11.1027  7.12563  7.12563  4.65095  4.97
  0.498  7.24478  5.06799  11.178  7.5813  7.5813  4.69265  4.98
  0.499  6.73772  5.10648  11.1532  7.40929  7.40929  4.60405  4.99
  0.5  6.7336  4.71158  11.0912  7.3887  7.3887  4.60702  5
  0.501  6.76929  4.65916  11.0438  7.42886  7.42886  4.57152  5.01
  0.502  6.81478  4.29077  10.8998  7.17556  7.17556  4.53126  5.02
  0.503  6.72  4.20885  11.2568  7.1719  7.1719  4.49585  5.03
  0.504  5.92716  4.19157  11.2752  7.00818  7.00818  4.42044  5.04
  0.505  5.82214  4.24822  11.4051  7.34494  7.34494  4.36536  5.05
  0.506  5.43987  4.14859  11.2395  7.34745  7.34745  4.38266  5.06
  0.507  5.21697  4.11551  11.7012  7.29318  7.29318  4.4026  5.07
  0.508  5.24225  4.1156  11.6289  7.24487  7.24487  4.46145  5.08
  0.509  4.90681  4.09085  10.9952  6.81299  6.81299  4.47718  5.09
  0.51  4.93043  4.25727  11.3404  7.14696  7.14696  4.51542  5.1
  0.511  5.09321  4.33661  11.4161  6.52866  6.52866  4.52716  5.11
  0.512  5.47954  4.64958  11.3698  6.46526  6.46526  4.50357  5.12
  0.513  5.43723  4.64355  11.379  6.3479  6.3479  4.531  5.13
  0.514  5.17915  4.89215  12.4027  5.71161  5.71161  4.56341  5.14
  0.515  5.5196  4.79747  12.1017  5.73887  5.73887  4.57852  5.15
  0.516  5.51309  4.7915  12.8806  5.80215  5.80215  4.60881  5.16
  0.517  5.51088  5.11225  13.649  6.16132  6.16132  4.60802  5.17
  0.518  5.54749  5.10997  12.987  6.17412  6.17412  4.57571  5.18
  0.519  5.68518  5.10163  13.1942  5.6343  5.6343  4.5548  5.19
  0.52  5.6615  5.86502  13.3925  5.03532  5.03532  4.58976  5.2
  0.521  5.65232  5.893  13.3798  5.22615  5.22615  4.53207  5.21
  0.522  5.61434  6.03501  12.7247  5.30626  5.30626  4.56083  5.22
  0.523  5.35804  6.16194  12.5116  5.22381  5.22381  4.5316  5.23
  0.524  5.50428  6.13818  12.2023  5.1484  5.1484  4.5129  5.24
  0.525  5.71842  6.10311  12.2627  4.85369  4.85369  4.47786  5.25
  0.526  5.93967  6.03588  13.2202  4.81502  4.81502  4.56633  5.26
  0.527  6.20996  5.91403  13.3234  4.99596  4.99596  4.57057  5.27
  0.528  5.95902  6.43637  13.2126  5.23459  5.23459  4.60748  5.28
  0.529  6.04384  6.44598  13.0779  5.24575  5.24575  4.56856  5.29
  0.53  6.01373  7.05754  13.7105  5.54397  5.54397  4.5382  5.3
  0.531  6.14349  7.06398  13.6821  5.22877  5.22877  4.52776  5.31
  0.532  6.04288  6.53346  13.502  5.2749  5.2749  4.50259  5.32
  0.533  6.00555  6.72765  13.8421  5.42064  5.42064  4.49984  5.33
  0.534  5.97852  7.10706  13.9172  5.48406  5.48406  4.54257  5.34
  0.535  5.98157  7.17419  13.9109  5.63857  5.63857  4.5827  5.35
  0.536  5.00594  7.23888  13.5968  6.03964  6.03964  4.53489  5.36
  0.537  4.8158  7.15529  13.6288  6.07156  6.07156  4.50364  5.37
  0.538  4.76415  7.08785  13.6353  6.04842  6.04842  4.49125  5.38
  0.539  4.46033  6.61653  13.4815  5.94328  5.94328  4.47883  5.39
  0.54  4.83815  6.33652  14.7468  5.94637  5.94637  4.55418  5.4
  0.541  4.43975  6.25718  15.2215  5.77337  5.77337  4.54566  5.41
  0.542  4.30479  7.24874  15.4061  5.79666  5.79666  4.55321  5.42
  0.543  4.6242  7.38434  15.5372  5.79659  5.79659  4.56915  5.43
  0.544  4.84167  7.28309  15.5592  5.30529  5.30529  4.51877  5.44
  0.545  5.00032  7.25145  15.6946  5.42738  5.42738  4.56949  5.45
  0.546  4.99581  7.81644  15.5635  5.46679  5.46679  4.55441  5.46
  0.547  4.77703  7.0714  14.9665  5.1891  5.1891  4.53725  5.47
  0.548  4.45633  7.77344  15.3683  5.15258  5.15258  4.54527  5.48
  0.549  4.03997  7.77392  16.2089  5.21456  5.21456  4.56717  5.49
  0.55  4.03921  7.715  16.2839  3.94562  3.94562  4.51018  5.5
  0.551  3.97949  7.75437  16.9198  4.66319  4.66319  4.51794  5.51
  0.552  4.04286  7.8119  16.9588  4.59613  4.59613  4.58905  5.52
  0.553  4.12979  7.85783  16.6601  4.43955  4.43955  4.60829  5.53
  0.554  4.18722  7.96478  16.8926  4.43479  4.43479  4.58567  5.54
  0.555  3.72654  8.04401  17.175  4.41371  4.41371  4.60264  5.55
  0.556  3.70164  7.92454  17.6473  4.06126  4.06126  4.62466  5.56
  0.557  3.76545  8.91282  19.5603  3.9448  3.9448  4.6816  5.57
  0.558  3.73495  9.23985  19.4894  3.97871  3.97871  4.69298  5.58
  0.559  2.87111  9.75423  19.8383  4.01572  4.01572  4.70671  5.59
  0.56  2.77833  9.71189  20.2189  4.00439  4.00439  4.70016  5.6
  0.561  2.73365  9.50747  19.6246  4.19272  4.19272  4.65853  5.61
  0.562  2.44638  9.16579  19.8648  4.58697  4.58697  4.68665  5.62
  0.563  2.58152  8.60747  21.06  4.62417  4.62417  4.69413  5.63
  0.564  2.56529  8.56306  21.0858  4.70432  4.70432  4.73248  5.64
  0.565  2.56849  8.08565  21.7238  4.6421  4.6421  4.72591  5.65
  0.566  2.53504  7.90796  21.0256  4.73653  4.73653  4.72862  5.66
  0.567  2.62353  7.98012  20.8539  4.85594  4.85594  4.72905  5.67
  0.568  2.6949  8.47379  22.3231  4.69886  4.69886  4.81188  5.68
  0.569  2.60454  8.45591  22.2153  4.70122  4.70122  4.81769  5.69
  0.57  2.67868  9.28155  22.1523  4.669  4.669  4.83695  5.7
  0.571  2.62986  9.49575  21.528  4.83099  4.83099  4.79405  5.71
  0.572  2.5966  9.89236  22.2021  4.90434  4.90434  4.83914  5.72
  0.573  2.45983  10.1593  22.1003  4.72422  4.72422  4.82787  5.73
  0.574  2.32794  10.4876  21.8321  5.07865  5.07865  4.85096  5.74
  0.575  2.36404  10.384  21.6277  5.21071  5.21071  4.83548  5.75
  0.576  2.38915  11.4643  21.5144  5.40192  5.40192  4.85051  5.76
  0.577  2.57174  10.6336  21.8044  5.6732  5.6732  4.87499  5.77
  0.578  2.44751  11.2001  21.4354  6.23453  6.23453  4.8816  5.78
  0.579  2.48501  10.8955  21.0821  5.78555  5.78555  4.85799  5.79
  0.58  2.31444  10.8488  20.9815  5.76506  5.76506  4.84201  5.8
  0.581  2.43201  11.1987  21.0958  6.06322  6.06322  4.88026  5.81
  0.582  2.47041  11.1699  20.6392  6.27379  6.27379  4.91838  5.82
  0.583  2.11545  11.0414  20.4037  6.27116  6.27116  4.91856  5.83
  0.584  2.16868  11.3759  20.8878  6.30402  6.30402  4.93021  5.84
  0.585  2.55375  12.6414  20.727  6.32644  6.32644  4.99533  5.85
  0.586  2.70227  12.5352  20.8274  6.52434  6.52434  4.96301  5.86
  0.587  2.5272  12.5656  20.0327  6.25502  6.25502  4.94918  5.87
  0.588  2.39862  12.5169  20.1229  6.22189  6.22189  4.97265  5.88
  0.589  2.57975  12.456  22.112  6.57269  6.57269  5.0296  5.89
  0.59  2.54663  12.3913  22.1769  6.52837  6.52837  4.96239  5.9
  0.591  2.43641  12.5002  21.171  6.59242  6.59242  4.89184  5.91
  0.592  2.50878  12.1784  22.1101  7.0791  7.0791  4.92816  5.92
  0.593  2.48949  12.291  22.122  7.36405  7.36405  4.9406  5.93
  0.594  2.61859  12.171  22.428  7.73232  7.73232  5.01115  5.94
  0.595  2.51225  12.5436  23.8561  7.73634  7.73634  5.02263  5.95
  0.596  2.46611  12.9995  23.8713  7.81982  7.81982  5.01073  5.96
  0.597  2.65128  13.3337  23.5297  7.98827  7.98827  5.04223  5.97
  0.598  2.64761  13.3116  24.0005  7.3884  7.3884  5.08136  5.98
  0.599  2.09994  13.587  23.9231  7.44211  7.44211  5.07749  5.99
  0.6  2.12708  14.1945  24.2205  7.30894  7.30894  5.09783  6
  0.601  2.19227  13.977  24.9597  7.42095  7.42095  5.10703  6.01
  0.602  2.11304  13.8659  24.9722  7.38643  7.38643  5.12339  6.02
  0.603  1.75571  13.8382  24.4091  7.45636  7.45636  5.1252  6.03
  0.604  2.06306  14.5276  24.4826  7.42837  7.42837  5.1506  6.04
  0.605  2.04011  14.8769  23.8632  7.40129  7.40129  5.10175  6.05
  0.606  1.87567  14.933  24.2358  7.51621  7.51621  5.13043  6.06
  0.607  1.80661  14.9431  24.716  7.42356  7.42356  5.16266  6.07
  0.608  1.74301  14.8473  24.264  6.57259  6.57259  5.09545  6.08
  0.609  1.41456  14.7862  24.4169  6.33455  6.33455  5.10017  6.09
  0.61  1.31532  14.449  24.26  6.43477  6.43477  5.10182  6.1
  0.611  1.40872  14.4517  24.0269  6.71641  6.71641  5.17063  6.11
  0.612  1.41521  14.7766  24.0605  6.86272  6.86272  5.1458  6.12
  0.613  1.40438  15.4084  24.1008  6.80317  6.80317  5.17694  6.13
  0.614  1.43697  16.2276  25.3314  6.77558  6.77558  5.28197  6.14
  0.615  1.53889  16.2276  25.1962  7.37383  7.37383  5.2815  6.15
  0.616  2.0287  15.9433  26.2774  7.95166  7.95166  5.39702  6.16
  0.617  2.04552  14.6456  26.4943  7.82818  7.82818  5.39956  6.17
  0.618  2.00511  15.7828  26.4846  7.78298  7.78298  5.38453  6.18
  0.619  1.97855  15.6209  26.6626  7.77374  7.77374  5.38208  6.19
  0.62  1.67191  16.3761  26.4748  7.8017  7.8017  5.36457  6.2
  0.621  1.65763  16.2468  26.3414  8.24663  8.24663  5.36987  6.21
  0.622  1.8232  17.1133  26.7597  8.24947  8.24947  5.41297  6.22
  0.623  1.93135  17.589  26.7268  8.69632  8.69632  5.42458  6.23
  0.624  2.03508  17.4527  28.1262  8.62274  8.62274  5.46261  6.24
  0.625  2.20644  18.1806  28.0111  8.73665  8.73665  5.43568  6.25
  0.626  2.21043  19.9586  28.0271  8.86072  8.86072  5.46826  6.26
  0.627  2.2292  20.0567  29.9596  8.79211  8.79211  5.46249  6.27
  0.628  2.16509  20.663  30.3025  8.72925  8.72925  5.52702  6.28
  0.629  2.17366  20.8246  30.4723  8.3501  8.3501  5.49754  6.29
  0.63  2.37387  20.9002  29.3335  8.79736  8.79736  5.47228  6.3
  0.631  2.41574  20.8569  30.5369  9.30361  9.30361  5.51287  6.31
  0.632  2.56584  20.7639  30.3174  9.31771  9.31771  5.56238  6.32
  0.633  2.58955  21.1482  30.2854  9.68359  9.68359  5.60056  6.33
  0.634  2.71421  21.1377  30.6592  9.59352  9.59352  5.62959  6.34
  0.635  2.51702  21.1335  29.8097  9.70165  9.70165  5.67202  6.35
  0.636  2.24451  21.1451  30.1403  9.74143  9.74143  5.72542  6.36
  0.637  2.92456  21.2429  30.1752  9.6563  9.6563  5.71495  6.37
  0.638  3.06837  21.3815  31.288  9.43935  9.43935  5.75779  6.38
  0.639  3.2013  21.0294  31.596  10.0631  10.0631  5.74505  6.39
  0.64  3.36315  21.7122  31.4486  10.1385  10.1385  5.70693  6.4
  0.641  3.30524  20.9809  31.3476  10.4347  10.4347  5.71485  6.41
  0.642  3.32193  18.6912  31.4851  10.4549  10.4549  5.59647  6.42
  0.643  3.20035  18.5548  31.2028  10.298  10.298  5.52438  6.43
  0.644  3.22661  18.5746  31.3674  10.4486  10.4486  5.59852  6.44
  0.645  3.26683  18.5705  30.4104  10.1278  10.1278  5.53686  6.45
  0.646  2.84311  18.6874  30.4269  10.4303  10.4303  5.56003  6.46
  0.647  3.29022  19.0464  31.0665  10.344  10.344  5.54816  6.47
  0.648  3.07429  19.1317  31.2964  10.2892  10.2892  5.55985  6.48
  0.649  3.02114  19.5362  33.9939  9.79651  9.79651  5.71285  6.49
  0.65  2.93782  19.4537  34.5092  10.0935  10.0935  5.67737  6.5
  0.651  2.9846  19.8443  34.3613  10.1046  10.1046  5.67211  6.51
  0.652  3.09802  19.1267  34.4408  10.4269  10.4269  5.63336  6.52
  0.653  2.8676  19.5198  34.4335  10.3068  10.3068  5.63561  6.53
  0.654  2.23573  19.1881  34.415  10.2671  10.2671  5.62993  6.54
  0.655  2.22274  19.2976  34.5296  10.1094  10.1094  5.66389  6.55
  0.656  1.57748  19.4182  34.3426  10.1255  10.1255  5.7196  6.56
  0.657  1.22565  19.418  34.8806  10.1286  10.1286  5.81009  6.57
  0.658  1.10718  19.0678  34.5593  9.50473  9.50473  5.84466  6.58
  0.659  0.984619  19.3689  34.2635  9.49885  9.49885  5.83459  6.59
  0.66  1.12551  19.2609  33.3645  9.79557  9.79557  5.85093  6.6
  0.661  0.982407  18.8235  33.8809  9.77853  9.77853  5.8395  6.61
  0.662  1.20629  19.4575  34.0828  9.76945  9.76945  5.82294  6.62
  0.663  1.18957  19.3792  33.9576  9.2608  9.2608  5.83527  6.63
  0.664  1.41211  20.1734  34.2093  9.18012  9.18012  5.89304  6.64
  0.665  1.42507  19.5419  34.2525  9.52368  9.52368  5.93054  6.65
  0.666  1.57463  19.0644  34.2278  9.21  9.21  5.96227  6.66
  0.667  1.57202  19.3124  33.1812  8.95529  8.95529  5.95925  6.67
  0.668  1.77256  19.7572  32.14  8.98005  8.98005  5.96256  6.68
  0.669  1.51364  19.8103  32.051  8.42957  8.42957  5.90058  6.69
  0.67  1.50536  19.6771  34.5735  8.33535  8.33535  5.91364  6.7
  0.671  1.45557  20.1694  36.1751  8.39799  8.39799  6.00139  6.71
  0.672  1.59465  20.5063  35.896  8.38104  8.38104  6.00095  6.72
  0.673  1.489  20.4243  36.0161  8.90322  8.90322  6.07123  6.73
  0.674  1.30234  20.418  35.9159  8.90547  8.90547  6.11877  6.74
  0.675  1.41468  20.419  35.2639  9.0864  9.0864  6.15525  6.75
  0.676  1.3639  20.5391  35.4498  9.52276  9.52276  6.10307  6.76
  0.677  1.55692  19.9177  35.4161  8.89391  8.89391  6.05087  6.77
  0.678  1.67617  19.483  35.4177  8.68549  8.68549  6.01748  6.78
  0.679  1.63976  19.4139  35.5073  9.31041  9.31041  6.08704  6.79
  0.68  1.64918  17.5112  35.4405  9.67456  9.67456  6.14267  6.8
  0.681  1.466  18.1672  34.3682  9.22617  9.22617  6.15641  6.81
  0.682  1.47137  18.5686  34.3305  9.9023  9.9023  6.18461  6.82
  0.683  1.57859  18.1066  34.9258  9.78457  9.78457  6.11289  6.83
  0.684  1.54286  18.2908  36.428  9.70199  9.70199  6.14045  6.84
  0.685  1.60064  19.0771  34.4818  9.68657  9.68657  6.03864  6.85
  0.686  1.64903  18.951  33.5132  9.11859  9.11859  5.99064  6.86
  0.687  1.59336  19.9032  33.5486  8.94535  8.94535  6.00943  6.87
  0.688  1.67711  19.884  32.9354  8.4744  8.4744  5.93796  6.88
  0.689  1.67694  19.321  32.4661  8.4504  8.4504  5.89256  6.89
  0.69  1.95692  19.2994  33.3925  7.89544  7.89544  5.95386  6.9
  0.691  2.02515  19.7038  33.4569  7.27517  7.27517  5.95606  6.91
  0.692  2.00883  19.7121  31.5823  7.19661  7.19661  5.91372  6.92
  0.693  1.99424  19.6132  32.752  7.2599  7.2599  5.95618  6.93
  0.694  2.07873  19.6244  32.2283  7.22812  7.22812  6.01182  6.94
  0.695  2.04138  19.7054  34.282  7.69408  7.69408  6.01268  6.95
  0.696  2.06576  19.8208  34.7715  7.54935  7.54935  6.00201  6.96
  0.697  2.30346  20.2811  34.7344  7.60662  7.60662  6.01118  6.97
  0.698  2.72007  20.0393  35.6584  7.40875  7.40875  5.995  6.98
  0.699  2.8004  20.0682  35.1392  6.72175  6.72175  5.9705  6.99
  0.7  2.75545  19.8522  35.365  6.86335  6.86335  6.03822  7
  0.701  2.83511  20.8921  36.1373  7.50664  7.50664  6.08981  7.01
  0.702  2.89513  21.6022  35.8865  7.30469  7.30469  6.04014  7.02
  0.703  2.66586  21.6599  35.374  7.38496  7.38496  5.97293  7.03
  0.704  2.66642  21.5351  34.6654  7.27907  7.27907  5.94261  7.04
  0.705  2.72242  21.7046  34.6627  7.18718  7.18718  5.93124  7.05
  0.706  2.73328  21.6536  34.9194  7.49092  7.49092  6.00611  7.06
  0.707  2.82406  21.4212  34.4248  8.16947  8.16947  6.04946  7.07
  0.708  2.70722  22.0685  33.9864  8.26738  8.26738  5.93723  7.08
  0.709  2.89099  22.3284  34.1799  7.53498  7.53498  5.9298  7.09
  0.71  2.89292  22.7814  34.9254  7.60317  7.60317  5.96588  7.1
  0.711  2.79317  22.8891  36.2076  7.42875  7.42875  6.05641  7.11
  0.712  2.77109  22.8994  36.3181  7.36517  7.36517  6.13358  7.12
  0.713  2.747  24.1207  36.0255  7.43194  7.43194  6.15377  7.13
  0.714  3.00924  24.1212  35.7711  7.451  7.451  6.13995  7.14
  0.715  3.01667  24.0294  35.8331  8.14748  8.14748  6.22682  7.15
  0.716  2.83463  24.3975  35.6098  8.28791  8.28791  6.20963  7.16
  0.717  2.8991  24.9787  34.8794  7.72372  7.72372  6.1926  7.17
  0.718  2.77211  25.5924  34.424  7.86315  7.86315  6.25873  7.18
  0.719  2.80517  25.722  34.3534  7.7094  7.7094  6.28793  7.19
  0.72  2.43848  25.9347  35.2155  7.62074  7.62074  6.36507  7.2
  0.721  2.27631  24.9831  35.1805  7.5739  7.5739  6.32064  7.21
  0.722  2.48303  25.1531  33.9777  7.38765  7.38765  6.2385  7.22
  0.723  2.27312  25.2388  34.0274  7.37665  7.37665  6.23304  7.23
  0.724  2.25481  25.9376  34.1558  7.2721  7.2721  6.32428  7.24
  0.725  2.08362  27.6323  34.0153  7.23882  7.23882  6.34982  7.25
  0.726  1.84047  27.468  34.716  7.22266  7.22266  6.3391  7.26
  0.727  1.91785  27.4051  34.981  7.22518  7.22518  6.29644  7.27
  0.728  2.00113  26.3521  34.4879  6.95683  6.95683  6.23124  7.28
  0.729  1.9758  26.4517  34.2291  6.66649  6.66649  6.24879  7.29
  0.73  1.98392  25.7932  34.7909  5.93156  5.93156  6.2307  7.3
  0.731  2.1254  24.8749  34.7722  5.68468  5.68468  6.19039  7.31
  0.732  2.19919  25.4333  34.9497  5.47175  5.47175  6.24303  7.32
  0.733  1.95351  27.4755  34.7202  5.32331  5.32331  6.23959  7.33
  0.734  1.92438  27.461  33.5463  5.25264  5.25264  6.24805  7.34
  0.735  1.89136  28.7914  32.7137  5.47162  5.47162  6.26307  7.35
  0.736  1.91424  27.7913  31.0505  5.42084  5.42084  6.19745  7.36
  0.737  2.01236  26.8043  30.3197  5.40437  5.40437  6.16918  7.37
  0.738  2.18829  26.7336  30.9721  5.40565  5.40565  6.22722  7.38
  0.739  2.15162  26.7445  31.4992  5.32841  5.32841  6.27077  7.39
  0.74  2.04098  26.0458  31.8565  5.30206  5.30206  6.23005  7.4
  0.741  2.08979  25.9138  32.5984  5.10825  5.10825  6.2056  7.41
  0.742  2.09971  25.7531  32.4695  5.07538  5.07538  6.19812  7.42
  0.743  1.96728  25.7747  33.3314  5.0393  5.0393  6.21679  7.43
  0.744  2.06657  25.7449  34.081  5.09033  5.09033  6.2415  7.44
  0.745  2.20727  25.6751  33.8374  5.3444  5.3444  6.25653  7.45
  0.746  2.22565  25.7377  33.7202  5.28764  5.28764  6.23657  7.46
  0.747  2.19824  26.7181  35.6926  5.47749  5.47749  6.40185  7.47
  0.748  2.19371  26.0112  36.0291  5.50602  5.50602  6.40834  7.48
  0.749  2.22957  26.082  37.2361  5.63849  5.63849  6.44612  7.49
  0.75  2.22156  26.2806  36.4113  5.97122  5.97122  6.49488  7.5
  0.751  2.1902  25.9709  37.2083  6.31334  6.31334  6.5675  7.51
  0.752  2.63564  24.682  37.2105  6.00011  6.00011  6.56502  7.52
  0.753  2.73475  25.0108  37.566  5.39161  5.39161  6.64042  7.53
  0.754  2.74315  24.8744  37.519  5.76503  5.76503  6.67834  7.54
  0.755  2.67554  24.6676  37.6641  5.31517  5.31517  6.66186  7.55
  0.756  2.878  24.4147  38.1581  5.31003  5.31003  6.69869  7.56
  0.757  2.79842  24.5516  38.215  5.90901  5.90901  6.66308  7.57
  0.758  2.9258  24.5255  38.0208  5.99941  5.99941  6.64725  7.58
  0.759  3.2213  25.582  38.5211  6.13852  6.13852  6.65431  7.59
  0.76  3.19053  25.6026  37.7436  6.04783  6.04783  6.56437  7.6
  0.761  2.96717  26.5284  37.7068  6.20856  6.20856  6.54221  7.61
  0.762  2.66585  26.1248  38.6851  6.16956  6.16956  6.56832  7.62
  0.763  2.81267  26.2203  37.2109  6.23791  6.23791  6.49007  7.63
  0.764  2.90362  26.7333  37.071  6.27728  6.27728  6.54117  7.64
  0.765  3.61292  26.0023  37.6331  6.29341  6.29341  6.53823  7.65
  0.766  3.44289  25.8961  37.6013  6.25559  6.25559  6.53956  7.66
  0.767  3.47278  26.2943  37.8118  6.03825  6.03825  6.57175  7.67
  0.768  3.29682  25.0999  38.7091  6.41134  6.41134  6.61048  7.68
  0.769  3.32514  24.5146  38.9059  5.68434  5.68434  6.60772  7.69
  0.77  3.32409  24.439  39.8166  5.80907  5.80907  6.68204  7.7
  0.771  3.40078  24.4783  40.0211  5.87583  5.87583  6.71015  7.71
  0.772  2.99317  25.5853  39.199  5.7454  5.7454  6.7376  7.72
  0.773  2.80933  25.4345  39.912  5.26684  5.26684  6.74498  7.73
  0.774  2.69369  24.73  40.0027  5.30124  5.30124  6.76775  7.74
  0.775  3.0724  24.74  40.6607  5.16036  5.16036  6.8122  7.75
  0.776  3.11893  24.7455  40.6205  5.10629  5.10629  6.76747  7.76
  0.777  2.71259  24.5937  41.1799  4.92726  4.92726  6.77048  7.77
  0.778  2.68651  24.4611  40.719  4.46519  4.46519  6.7156  7.78
  0.779  2.73383  24.8097  40.2802  4.34379  4.34379  6.71297  7.79
  0.78  2.70009  24.9414  40.2531  4.12321  4.12321  6.70228  7.8
  0.781  3.11553  25.0666  39.8177  4.64367  4.64367  6.7256  7.81
  0.782  3.11002  24.2779  40.2837  4.65128  4.65128  6.75144  7.82
  0.783  3.28203  25.0486  40.4773  4.76844  4.76844  6.80078  7.83
  0.784  3.27974  25.9779  41.8307  4.68638  4.68638  6.84789  7.84
  0.785  3.50123  27.2941  40.9127  4.41317  4.41317  6.85401  7.85
  0.786  4.13278  27.3047  40.3382  4.43893  4.43893  6.82793  7.86
  0.787  4.1477  27.5491  40.7073  4.28703  4.28703  6.80125  7.87
  0.788  4.10072  27.1002  40.1785  3.86782  3.86782  6.77016  7.88
  0.789  4.07384  25.9058  40.1952  3.86585  3.86585  6.75812  7.89
  0.79  3.72916  25.9743  39.5746  3.946  3.946  6.81394  7.9
  0.791  3.82354  25.4718  39.8873  4.08808  4.08808  6.8517  7.91
  0.792  3.27097  25.6057  40.1329  4.09833  4.09833  6.84272  7.92
  0.793  3.22237  26.0274  39.9101  4.5741  4.5741  6.89283  7.93
  0.794  3.30317  26.2427  38.5744  4.89499  4.89499  6.87355  7.94
  0.795  3.29049  27.0796  39.0089  4.88658  4.88658  6.94857  7.95
  0.796  3.37927  27.0588  38.4047  4.81543  4.81543  6.97295  7.96
  0.797  3.42507  27.0147  38.4984  4.81359  4.81359  7.00321  7.97
  0.798  3.4248  27.2574  38.4003  4.9384  4.9384  7.05531  7.98
  0.799  3.43899  27.7999  37.6158  5.34329  5.34329  6.99301  7.99
  0.8  3.42431  27.8108  37.2746  5.19453  5.19453  6.93486  8
  0.801  3.58944  26.7236  36.2224  5.2844  5.2844  6.91316  8.01
  0.802  3.59653  26.8673  36.0933  4.90213  4.90213  6.9679  8.02
  0.803  3.79081  26.8723  36.3885  4.81894  4.81894  6.92168  8.03
  0.804  3.31853  26.9695  35.6149  4.85945  4.85945  6.85015  8.04
  0.805  3.34616  26.9465  35.3408  4.98305  4.98305  6.78986  8.05
  0.806  3.56414  27.7968  36.028  5.03768  5.03768  6.82824  8.06
  0.807  3.26462  28.2693  35.3212  4.63497  4.63497  6.83693  8.07
  0.808  3.12866  29.4579  35.9092  5.03713  5.03713  6.91866  8.08
  0.809  3.26173  29.0898  35.264  5.16909  5.16909  6.86972  8.09
  0.81  3.29552  28.8289  35.3175  5.06058  5.06058  6.88871  8.1
  0.811  3.19713  29.0529  35.4905  5.16024  5.16024  6.89582  8.11
  0.812  3.17116  28.8171  36.4625  5.45305  5.45305  6.92088  8.12
  0.813  3.46291  28.8149  36.6882  4.91045  4.91045  6.95049  8.13
  0.814  3.43919  29.1933  36.1747  5.12694  5.12694  6.97224  8.14
  0.815  3.39348  28.7002  35.8651  5.11293  5.11293  6.94101  8.15
  0.816  3.39869  28.7843  35.8613  4.80153  4.80153  6.88627  8.16
  0.817  3.32955  28.6175  36.0614  4.8796  4.8796  6.9109  8.17
  0.818  3.31367  28.6012  34.721  4.7289  4.7289  6.93341  8.18
  0.819  3.31109  29.817  35.9668  4.66506  4.66506  7.00904  8.19
  0.82  3.02168  30.8577  36.7506  4.18824  4.18824  7.13988  8.2
  0.821  3.08299  31.6023  37.3409  4.42409  4.42409  7.1799  8.21
  0.822  2.94232  31.036  36.4178  4.82388  4.82388  7.15513  8.22
  0.823  2.5435  30.6893  36.4323  4.20732  4.20732  7.19737  8.23
  0.824  2.64024  30.8564  36.7287  4.25508  4.25508  7.28912  8.24
  0.825  2.64109  30.6755  37.6965  4.07366  4.07366  7.32673  8.25
  0.826  2.65075  29.8511  37.6807  4.27797  4.27797  7.32591  8.26
  0.827  2.60968  29.9631  37.685  4.30559  4.30559  7.33189  8.27
  0.828  2.49165  29.8961  37.2838  4.51768  4.51768  7.29619  8.28
  0.829  2.44172  29.7825  37.3984  4.01762  4.01762  7.28262  8.29
  0.83  2.18625  28.8219  37.5338  4.03851  4.03851  7.2191  8.3
  0.831  2.27306  28.5153  36.8896  3.84359  3.84359  7.24745  8.31
  0.832  2.23629  28.3061  37.1479  3.77797  3.77797  7.22439  8.32
  0.833  2.20731  28.3212  33.9809  3.78643  3.78643  7.19427  8.33
  0.834  2.25362  27.6816  33.9683  3.40116  3.40116  7.12807  8.34
  0.835  2.23852  26.9882  35.1278  3.36119  3.36119  7.16803  8.35
  0.836  2.25677  27.4079  33.7596  3.36051  3.36051  7.2009  8.36
  0.837  2.0947  27.2332  33.1948  3.34897  3.34897  7.16765  8.37
  0.838  2.02342  26.816  31.7052  3.72917  3.72917  7.14243  8.38
  0.839  2.24238  26.4379  31.4441  4.23403  4.23403  7.12859  8.39
  0.84  2.1586  26.5042  31.1283  3.9042  3.9042  7.17086  8.4
  0.841  1.92167  26.3294  31.6451  4.42481  4.42481  7.25258  8.41
  0.842  1.84522  26.4272  31.2934  4.11854  4.11854  7.25302  8.42
  0.843  1.73535  26.5785  31.0773  4.09842  4.09842  7.21455  8.43
  0.844  1.88132  26.0054  29.8132  4.16338  4.16338  7.13647  8.44
  0.845  1.83899  26.2332  29.5668  4.26418  4.26418  7.14869  8.45
  0.846  1.9101  26.5351  28.8304  4.06916  4.06916  7.1122  8.46
  0.847  1.87746  26.4024  28.5967  4.10218  4.10218  7.10426  8.47
  0.848  1.93726  28.5745  28.4053  4.34917  4.34917  7.17051  8.48
  0.849  2.16396  28.6223  28.8114  4.40526  4.40526  7.16677  8.49
  0.85  2.34305  29.5429  28.917  4.40507  4.40507  7.32651  8.5
  0.851  2.34605  29.3913  27.0009  4.05807  4.05807  7.18982  8.51
  0.852  2.32948  28.8937  27.4677  3.93337  3.93337  7.20293  8.52
  0.853  2.66735  28.8117  27.6239  3.93754  3.93754  7.16531  8.53
  0.854  2.56205  28.8492  27.6484  3.88806  3.88806  7.12036  8.54
  0.855  2.70022  28.8702  27.7528  3.55635  3.55635  7.12035  8.55
  0.856  2.73844  29.6925  27.8446  3.64002  3.64002  7.13268  8.56
  0.857  2.87316  28.3194  26.8822  3.4143  3.4143  7.05614  8.57
  0.858  2.83434  29.4519  27.1556  3.32606  3.32606  7.14914  8.58
  0.859  3.0789  29.4443  27.1515  3.06335  3.06335  7.12684  8.59
  0.86  2.93002  28.6474  27.2764  3.00309  3.00309  7.07037  8.6
  0.861  2.84191  28.6012  26.4929  3.01781  3.01781  7.03077  8.61
  0.862  2.84184  28.9989  27.1921  3.11446  3.11446  7.09307  8.62
  0.863  2.57465  28.527  27.4756  3.08383  3.08383  7.08573  8.63
  0.864  2.56473  28.4381  27.2123  3.24707  3.24707  7.12131  8.64
  0.865  2.58733  28.2862  28.0577  3.42664  3.42664  7.15251  8.65
  0.866  2.53683  28.6658  28.807  3.42223  3.42223  7.22  8.66
  0.867  2.44445  28.9726  28.3971  3.55195  3.55195  7.28953  8.67
  0.868  2.44273  28.42  28.2228  3.49145  3.49145  7.26643  8.68
  0.869  2.76141  28.9946  28.3539  2.96697  2.96697  7.28869  8.69
  0.87  2.7273  28.1322  28.0058  3.82444  3.82444  7.25754  8.7
  0.871  2.8725  28.0453  28.0874  3.56285  3.56285  7.26423  8.71
  0.872  2.88772  27.4229  30.8385  3.4113  3.4113  7.38676  8.72
  0.873  2.96458  27.428  31.1936  3.85835  3.85835  7.42931  8.73
  0.874  2.93873  27.4932  31.0177  3.86107  3.86107  7.41965  8.74
  0.875  2.93757  26.5904  30.9192  3.81331  3.81331  7.43682  8.75
  0.876  2.67372  27.4219  29.451  3.94337  3.94337  7.44792  8.76
  0.877  2.72344  26.7374  30.1211  4.11857  4.11857  7.45197  8.77
  0.878  2.70187  26.1169  29.7817  3.92438  3.92438  7.46563  8.78
  0.879  2.68923  26.2411  31.5427  3.71817  3.71817  7.55268  8.79
  0.88  2.55448  26.6036  32.3347  3.33474  3.33474  7.5179  8.8
  0.881  2.55671  26.9189  32.4282  3.3576  3.3576  7.45824  8.81
  0.882  2.56333  27.3385  31.7331  3.41216  3.41216  7.41881  8.82
  0.883  2.19305  27.3995  31.6629  3.19868  3.19868  7.33571  8.83
  0.884  2.02236  27.4108  30.9544  3.37856  3.37856  7.32059  8.84
  0.885  2.31248  27.4103  31.3309  2.96806  2.96806  7.36348  8.85
  0.886  2.254  28.5538  31.0043  2.91939  2.91939  7.37346  8.86
  0.887  2.62078  28.3336  31.2066  2.92038  2.92038  7.23858  8.87
  0.888  2.74359  27.9167  31.0881  2.91231  2.91231  7.19884  8.88
  0.889  2.68487  28.3181  31.2993  2.9896  2.9896  7.22475  8.89
  0.89  2.94028  28.1356  31.3141  3.06512  3.06512  7.21053  8.9
  0.891  2.93927  28.6253  31.1761  2.97096  2.97096  7.27312  8.91
  0.892  2.91592  28.674  31.2453  2.74747  2.74747  7.31098  8.92
  0.893  2.50325  28.5711  30.3779  2.94566  2.94566  7.31861  8.93
  0.894  2.40076  26.5228  29.0689  2.99708  2.99708  7.19926  8.94
  0.895  2.40182  26.5629  28.2002  2.96078  2.96078  7.23341  8.95
  0.896  2.53063  26.3266  28.0283  2.89634  2.89634  7.18471  8.96
  0.897  2.2453  26.4755  28.5526  2.675  2.675  7.1201  8.97
  0.898  2.11451  26.078  28.4156  2.48458  2.48458  7.20449  8.98
  0.899  2.21233  26.0628  28.973  2.42178  2.42178  7.23204  8.99
  0.9  2.32773  25.9522  28.8235  2.42344  2.42344  7.2527  9
  0.901  2.29794  25.6938  28.7952  2.37916  2.37916  7.26761  9.01
  0.902  2.46598  25.5498  28.1986  2.36556  2.36556  7.30859  9.02
  0.903  2.43227  24.9318  26.9993  2.3674  2.3674  7.28302  9.03
  0.904  2.43427  24.8279  28.4102  2.39401  2.39401  7.27408  9.04
  0.905  2.42708  24.7178  28.1594  2.43261  2.43261  7.22078  9.05
  0.906  2.31948  25.0001  28.195  2.47484  2.47484  7.32094  9.06
  0.907  2.33031  25.1642  28.1688  2.4525  2.4525  7.36013  9.07
  0.908  2.27336  25.2899  28.1514  2.47303  2.47303  7.47558  9.08
  0.909  1.89926  25.1481  28.1525  2.82625  2.82625  7.42064  9.09
  0.91  1.89372  25.1345  28.0695  3.05476  3.05476  7.48367  9.1
  0.911  1.97615  25.5573  27.5604  3.02495  3.02495  7.43212  9.11
  0.912  1.94213  25.5496  27.8353  3.1393  3.1393  7.43627  9.12
  0.913  1.8345  26.0848  28.8392  3.07467  3.07467  7.48437  9.13
  0.914  2.00027  26.0237  28.103  3.34655  3.34655  7.48823  9.14
  0.915  1.91749  26.6427  28.4822  3.37611  3.37611  7.48275  9.15
  0.916  2.02579  26.7348  28.4764  3.62952  3.62952  7.48674  9.16
  0.917  2.10778  26.1778  28.4816  3.64916  3.64916  7.45096  9.17
  0.918  2.06934  26.1745  28.8442  3.55196  3.55196  7.53799  9.18
  0.919  2.24766  26.2657  28.2755  3.41983  3.41983  7.53761  9.19
  0.92  2.29137  27.1784  28.551  3.78752  3.78752  7.56057  9.2
  0.921  2.37814  27.1845  27.9592  4.07554  4.07554  7.61455  9.21
  0.922  2.34433  26.7155  28.0806  3.93126  3.93126  7.59811  9.22
  0.923  2.52086  26.9681  28.379  3.92094  3.92094  7.63414  9.23
  0.924  2.80172  27.9952  28.2404  3.94475  3.94475  7.75576  9.24
  0.925  2.5163  27.7654  27.8539  3.71124  3.71124  7.71202  9.25
  0.926  2.50063  27.6046  27.8175  3.76662  3.76662  7.7196  9.26
  0.927  2.72532  28.5793  28.4516  3.52221  3.52221  7.69821  9.27
  0.928  2.86825  28.68  28.839  3.35911  3.35911  7.6843  9.28
  0.929  2.97462  29.1311  29.1448  3.11207  3.11207  7.65528  9.29
  0.93  2.97441  28.9337  30.0412  2.94404  2.94404  7.75726  9.3
  0.931  2.97996  28.9972  29.8754  2.75126  2.75126  7.76147  9.31
  0.932  3.1086  29.6343  29.9249  2.55835  2.55835  7.78858  9.32
  0.933  3.27139  28.4318  30.0698  2.28317  2.28317  7.76571  9.33
  0.934  3.27693  27.8929  29.5088  2.28314  2.28314  7.78301  9.34
  0.935  2.76253  27.8203  29.5674  2.65504  2.65504  7.71691  9.35
  0.936  2.59183  27.5941  29.3104  2.99054  2.99054  7.73367  9.36
  0.937  2.71031  28.014  29.2357  3.14867  3.14867  7.74221  9.37
  0.938  2.51026  28.8006  29.2378  3.07888  3.07888  7.77295  9.38
  0.939  2.48575  28.398  28.8076  3.15255  3.15255  7.71936  9.39
  0.94  2.55104  30.1339  28.8305  3.39268  3.39268  7.82204  9.4
  0.941  2.45888  30.179  29.6447  3.57793  3.57793  7.85002  9.41
  0.942  2.41092  31.2373  29.1319  3.63067  3.63067  7.93023  9.42
  0.943  2.24863  30.1313  28.6688  3.58176  3.58176  7.9942  9.43
  0.944  2.24909  31.244  28.9816  3.60067  3.60067  8.04341  9.44
  0.945  1.95619  31.709  28.7425  3.6239  3.6239  7.98534  9.45
  0.946  1.88542  30.4268  28.8254  3.61667  3.61667  8.04121  9.46
  0.947  1.89741  30.0168  29.7178  3.61106  3.61106  8.08494  9.47
  0.948  1.86292  30.0093  29.2392  3.25067  3.25067  8.13236  9.48
  0.949  1.78469  31.5247  29.306  3.27  3.27  8.17758  9.49
  0.95  1.9805  31.614  29.5881  3.48247  3.48247  8.22234  9.5
  0.951  1.78001  31.7104  29.3599  4.05655  4.05655  8.26916  9.51
  0.952  1.78148  31.3462  29.3688  4.10069  4.10069  8.31001  9.52
  0.953  1.77995  32.1856  29.4619  3.57081  3.57081  8.35199  9.53
  0.954  1.83301  32.1906  29.1586  3.61304  3.61304  8.33722  9.54
  0.955  1.66404  33.0718  29.9851  3.30284  3.30284  8.36398  9.55
  0.956  1.6733  33.4565  29.7433  3.26942  3.26942  8.32303  9.56
  0.957  1.56199  33.4792  28.9538  3.20858  3.20858  8.30348  9.57
  0.958  1.44662  33.345  29.0007  2.79132  2.79132  8.41266  9.58
  0.959  1.46986  33.4704  28.9534  2.69198  2.69198  8.39351  9.59
  0.96  1.53313  33.7348  28.4637  2.70044  2.70044  8.41735  9.6
  0.961  1.40531  34.311  28.0775  2.76062  2.76062  8.55611  9.61
  0.962  1.4487  34.0881  26.1055  2.46439  2.46439  8.54998  9.62
  0.963  1.41913  35.1829  26.716  2.52259  2.52259  8.61714  9.63
  0.964  1.56425  35.2074  26.8928  2.33595  2.33595  8.64386  9.64
  0.965  1.36024  35.3027  26.9596  2.52499  2.52499  8.63376  9.65
  0.966  1.35879  34.387  26.9546  2.27815  2.27815  8.64826  9.66
  0.967  1.46215  34.1301  26.8727  2.36529  2.36529  8.58533  9.67
  0.968  1.46434  36.0647  27.18  2.44509  2.44509  8.70896  9.68
  0.969  1.40615  35.6471  27.0129  2.24389  2.24389  8.7944  9.69
  0.97  1.49729  35.8072  27.1778  2.2962  2.2962  8.81246  9.7
  0.971  1.57796  34.5728  27.2641  2.35489  2.35489  8.80504  9.71
  0.972  1.82825  34.8793  27.6271  2.41948  2.41948  8.84944  9.72
  0.973  1.58249  34.4575  28.1241  2.49835  2.49835  8.8989  9.73
  0.974  1.44181  33.5157  28.1787  2.57728  2.57728  8.93649  9.74
  0.975  1.3793  33.5659  28.1569  2.74452  2.74452  8.90724  9.75
  0.976  1.37682  33.6842  28.1073  2.93695  2.93695  8.94207  9.76
  0.977  1.57356  33.1701  27.6795  2.86658  2.86658  9.00256  9.77
  0.978  1.59262  33.1925  27.6545  2.84006  2.84006  8.99325  9.78
  0.979  1.79334  33.3146  27.6325  2.76307  2.76307  8.97663  9.79
  0.98  1.82451  34.3235  27.1684  2.55129  2.55129  9.00803  9.8
  0.981  2.08901  35.27  27.0946  2.39707  2.39707  9.06901  9.81
  0.982  1.90356  34.7376  26.946  2.56247  2.56247  9.04048  9.82
  0.983  2.10509  34.7083  26.9419  2.56783  2.56783  9.03321  9.83
  0.984  2.09593  34.6017  27.4279  2.57901  2.57901  9.07747  9.84
  0.985  2.11862  34.9014  27.379  2.54655  2.54655  9.13243  9.85
  0.986  2.2399  35.9342  27.2729  2.62722  2.62722  9.09983  9.86
  0.987  2.20136  35.632  26.8396  2.60176  2.60176  9.01598  9.87
  0.988  2.23327  35.1764  26.9059  2.25075  2.25075  9.06607  9.88
  0.989  2.48205  35.1596  26.8539  2.18394  2.18394  9.05961  9.89
  0.99  2.49931  35.34  26.7496  2.25497  2.25497  9.11846  9.9
  0.991  2.38922  35.4767  26.8595  2.32465  2.32465  9.10158  9.91
  0.992  2.49653  35.373  26.3305  2.48117  2.48117  9.1631  9.92
  0.993  2.48714  34.7763  26.9087  2.51266  2.51266  9.12451  9.93
  0.994  2.18843  34.8074  26.9396  2.75  2.75  9.09893  9.94
  0.995  2.24133  36.5163  27.6428  2.79277  2.79277  9.09851  9.95
  0.996  2.05803  36.4016  28.6366  2.92684  2.92684  9.20036  9.96
  0.997  2.49394  36.0819  28.7687  3.32809  3.32809  9.29008  9.97
  0.998  2.50104  36.7321  28.8629  3.395  3.395  9.36419  9.98
  0.999  2.54845  38.2548  28.8385  3.52043  3.52043  9.43482  9.99
  1  2.68578  39.0203  28.9682  3.78515  3.78515  9.41577  10
