  0  0
  -0.155446  -0.0634691
  -0.198701  -0.0825495
  -0.283264  -0.17722
  -0.382987  -0.144498
  -0.37902  -0.144452
  -0.29911  -0.253352
  -0.182186  -0.435445
  -0.163646  -0.43457
  -0.247021  -0.32225
  -0.237809  -0.407493
  -0.161694  -0.430234
  -0.135221  -0.411525
  -0.130015  -0.399428
  -0.00787662  -0.53446
  0.0061469  -0.472687
  -0.016756  -0.401175
  -0.0235964  -0.42837
  -0.0332778  -0.373897
  -0.0356252  -0.346365
  -0.0952747  -0.306897
  -0.0623922  -0.306669
  -0.0532078  -0.316592
  0.0479608  -0.30546
  -0.0463829  -0.38792
  -0.0220285  -0.285273
  0.0138482  -0.376694
  0.0101405  -0.398584
  0.0720034  -0.478156
  0.0997841  -0.472821
  0.104563  -0.49037
  0.0922325  -0.509
  0.0538491  -0.50027
  0.115973  -0.541455
  0.126401  -0.559795
  0.152494  -0.590439
  0.292498  -0.72195
  0.39208  -0.781967
  0.420949  -0.890998
  0.441184  -0.910629
  0.246813  -0.846359
  0.314143  -0.849998
  0.311576  -0.858736
  0.319522  -0.855472
  0.324635  -0.851289
  0.324109  -0.851887
  0.273361  -0.790638
  0.303479  -0.813779
  0.154713  -1.01501
  0.148745  -1.05932
  0.138497  -1.07164
  -0.0605531  -0.950253
  -0.0636033  -0.949668
  -0.0674268  -0.947034
  0.0744666  -0.86396
  0.0220988  -0.831131
  0.13863  -0.75134
  0.201612  -0.715078
  0.281941  -0.765272
  0.268645  -0.682149
  0.246226  -0.620272
  0.186569  -0.544454
  0.207811  -0.576012
  0.140298  -0.64095
  0.129489  -0.702609
  -0.032556  -0.547264
  -0.0274071  -0.537348
  -0.0412919  -0.543757
  -0.0472153  -0.458284
  -0.10318  -0.46997
  -0.0845853  -0.458699
  -0.175969  -0.389556
  -0.177355  -0.397368
  -0.0929363  -0.486421
  -0.0793773  -0.508572
  -0.134458  -0.49291
  -0.147176  -0.242163
  -0.0747088  -0.363969
  -0.121022  -0.405236
  -0.198168  -0.446501
  -0.108907  -0.407535
  -0.348266  -0.638839
  -0.352674  -0.621906
  -0.337826  -0.618201
  -0.307731  -0.61625
  -0.270737  -0.556094
  -0.266265  -0.503316
  -0.274666  -0.434384
  -0.304591  -0.374731
  -0.30876  -0.383484
  -0.321118  -0.378752
  -0.331066  -0.385993
  -0.215064  -0.271589
  -0.253931  -0.308252
  -0.283059  -0.312752
  -0.108685  -0.489506
  -0.193619  -0.567474
  -0.322727  -0.542296
  -0.523543  -0.523381
  -0.590649  -0.529695
  -0.463243  -0.464093
  -0.456744  -0.476163
  -0.490948  -0.488347
  -0.616336  -0.434818
  -0.612117  -0.440021
  -0.663778  -0.436831
  -0.797366  -0.301552
  -0.803508  -0.3247
  -0.810604  -0.261922
  -0.851619  -0.207363
  -0.856484  -0.206348
  -0.869584  -0.193908
  -0.794043  -0.225318
  -0.765739  -0.221369
  -0.747052  -0.233635
  -0.598762  -0.297902
  -0.584838  -0.302626
  -0.759492  -0.31264
  -0.79237  -0.347085
  -0.829139  -0.248819
  -0.663136  -0.185723
  -0.687562  -0.222862
  -0.596489  -0.0313211
  -0.53184  -0.0194375
  -0.574209  0.06403
  -0.591354  0.0717035
  -0.664273  0.104944
  -0.656492  0.0853355
  -0.623722  0.089186
  -0.630928  0.0905029
  -0.594207  0.125685
  -0.639216  -0.0451136
  -0.653047  -0.145774
  -0.655041  -0.147855
  -0.54369  -0.187789
  -0.517382  -0.196314
  -0.507744  -0.167928
  -0.540719  -0.156627
  -0.466978  -0.140332
  -0.543538  -0.116686
  -0.545243  -0.116263
  -0.536691  -0.13012
  -0.53018  -0.190341
  -0.537853  -0.239161
  -0.571067  -0.260209
  -0.586299  -0.147657
  -0.572052  -0.209582
  -0.60389  -0.296491
  -0.598637  -0.303145
  -0.569043  -0.354285
  -0.545844  -0.237267
  -0.542147  -0.229772
  -0.541236  -0.150265
  -0.346748  -0.0702373
  -0.386977  -0.0789259
  -0.389164  -0.0781251
  -0.31471  0.0162813
  -0.332525  0.0168308
  -0.321265  0.00582618
  -0.307008  0.00364312
  -0.291976  0.0746472
  -0.363578  0.094686
  -0.450477  -0.0418918
  -0.454989  -0.0354354
  -0.447663  -0.0289231
  -0.311935  -0.063269
  -0.296528  0.0217773
  -0.283264  -0.0381138
  -0.416732  -0.0333251
  -0.551388  -0.0113048
  -0.554252  -0.198389
  -0.560709  -0.21644
  -0.582773  -0.154896
  -0.548661  -0.121757
  -0.660031  -0.340236
  -0.75449  -0.46614
  -0.805594  -0.440819
  -0.781215  -0.398017
  -0.826235  -0.299728
  -0.961853  -0.213472
  -1.00196  -0.297412
  -0.947032  -0.35094
  -1.01336  -0.319978
  -0.959202  -0.276923
  -0.795248  -0.288102
  -0.741669  -0.380346
  -0.756069  -0.298298
  -0.823219  -0.302091
  -0.834901  -0.205696
  -0.840451  -0.222606
  -0.74242  -0.113861
  -0.791724  -0.131371
  -0.813336  -0.263406
  -0.873209  -0.226357
  -0.883248  -0.205615
  -0.859356  -0.199043
  -0.861629  -0.196188
  -0.831751  -0.183403
  -0.871067  -0.0751491
  -0.905738  -0.0579229
  -0.946751  -0.140312
  -1.03374  -0.0630817
  -1.14399  -0.101643
  -1.07042  -0.126811
  -0.997603  -0.159936
  -0.894784  -0.134372
  -0.957224  -0.174336
  -0.866029  -0.0824525
  -0.866427  -0.0827351
  -0.822135  0.015241
  -0.938582  -0.0545515
  -0.988876  -0.0779579
  -0.848963  -0.115556
  -0.870285  -0.0937854
  -0.924081  -0.0548342
  -0.955705  -0.142701
  -0.952252  -0.144307
  -0.815919  -0.105743
  -0.798084  -0.0880206
  -0.850124  -0.138611
  -0.739856  -0.10525
  -0.763148  -0.0627707
  -0.775118  -0.0698183
  -0.860935  -0.158988
  -0.861315  -0.253449
  -0.859144  -0.234278
  -0.898766  -0.12145
  -0.956105  0.0727783
  -0.947096  0.0599811
  -1.00074  0.157522
  -0.996151  0.146444
  -1.01736  0.134312
  -0.909971  0.140512
  -0.898054  0.207779
  -0.90612  0.180879
  -0.827864  0.210811
  -0.805062  0.268973
  -0.70702  0.230563
  -0.728353  0.125035
  -0.855633  0.0821424
  -0.970722  0.10206
  -1.01494  0.17432
  -0.962936  0.175256
  -0.943232  0.168571
  -1.12668  0.207714
  -1.14469  0.288095
  -1.15072  0.319522
  -1.06562  0.318404
  -1.00448  0.344763
  -0.959299  0.222645
  -0.917816  0.295811
  -0.887818  0.207511
  -0.86969  0.246156
  -0.878134  0.24644
  -0.875796  0.246403
  -0.865799  0.246177
  -0.891387  0.337354
  -0.981072  0.371159
  -1.001  0.389448
  -0.927874  0.403477
  -0.9606  0.366071
  -0.977039  0.434595
  -0.930313  0.486205
  -0.888833  0.456462
  -0.784082  0.63223
  -0.816118  0.630565
  -0.8782  0.564538
  -0.912929  0.611049
  -0.871621  0.576665
  -0.873196  0.624097
  -0.684774  0.666124
  -0.711725  0.579267
  -0.654611  0.615032
  -0.713873  0.687808
  -0.774049  0.70773
  -0.800796  0.767665
  -0.783835  0.762489
  -0.813363  0.749719
  -0.879755  0.767278
  -0.923839  0.808159
  -0.798965  0.833859
  -0.852487  0.839491
  -0.916388  0.936072
  -0.898243  0.921069
  -0.833754  0.946151
  -0.724006  0.969371
  -0.598044  0.946165
  -0.665728  1.01927
  -0.508113  1.0427
  -0.527579  1.06107
  -0.372809  1.09109
  -0.345328  1.09388
  -0.361649  1.0556
  -0.334356  1.09291
  -0.357795  1.07063
  -0.37323  1.03595
  -0.365371  1.10687
  -0.379809  1.17386
  -0.342193  1.10016
  -0.144536  0.938535
  -0.155862  0.906367
  -0.183548  0.902414
  -0.260314  0.942682
  -0.224999  0.949681
  -0.163439  0.807447
  -0.266549  0.9036
  -0.265764  0.896469
  -0.15486  0.852179
  -0.234079  0.900823
  -0.252542  0.881492
  -0.255313  0.87828
  -0.196122  0.992058
  -0.201839  1.05852
  -0.189794  0.916054
  -0.133934  0.893617
  -0.234045  0.997199
  -0.241889  0.997948
  -0.214044  1.02622
  -0.237827  1.10994
  -0.181207  1.135
  -0.238599  1.0885
  -0.342597  0.987272
  -0.3481  0.974725
  -0.412314  1.0676
  -0.438391  1.06163
  -0.421263  1.07659
  -0.28764  1.01186
  -0.149715  1.10089
  -0.125755  1.1021
  -0.125685  1.10216
  -0.14516  1.09421
  -0.17286  1.04013
  -0.170558  1.04093
  -0.171128  1.04214
  -0.155289  1.03059
  -0.0868368  0.980259
  -0.116095  1.06639
  -0.178481  1.06457
  -0.121788  1.09797
  -0.161438  1.05692
  -0.158451  1.05685
  -0.13904  1.02727
  -0.133459  1.03036
  -0.111818  1.03599
  -0.0631787  1.04814
  -0.0119125  1.06812
  -0.0358437  1.09574
  -0.0350237  1.06191
  -0.0477522  1.04626
  -0.0623783  1.12176
  -0.0723611  1.12867
  0.0140515  1.11391
  0.216002  1.18735
  0.20222  1.18695
  0.197468  1.18598
  0.213763  1.31654
  0.167426  1.44438
  0.105723  1.43856
  -0.0190387  1.40172
  -0.10907  1.40502
  -0.0814058  1.36536
  -0.0817703  1.36648
  -0.088079  1.43299
  -0.03804  1.45684
  -0.0512346  1.51535
  -0.0539508  1.5142
  0.24792  1.53858
  0.231206  1.54443
  0.1241  1.56699
  0.112032  1.41292
  0.114592  1.40686
  0.14761  1.45558
  0.0942837  1.41867
  0.0852201  1.43788
  0.1151  1.44541
  0.0376739  1.30688
  -0.0115189  1.28555
  -0.00727589  1.28316
  -0.00570802  1.29792
  0.046898  1.26851
  0.116433  1.32349
  0.102278  1.41132
  0.120028  1.43891
  0.0557671  1.46556
  0.0767632  1.44485
  0.0807935  1.33635
  0.0350153  1.28914
  0.00443872  1.38425
  0.0142236  1.3781
  0.0705671  1.35672
  0.0568138  1.36575
  0.0570609  1.31133
  0.162377  1.3042
  0.192954  1.29209
  0.227004  1.2574
  0.126072  1.22561
  0.188489  1.16804
  0.270588  1.28618
  0.216556  1.1606
  0.201134  1.10272
  0.196134  1.08367
  0.177758  1.01536
  0.179425  1.0126
  0.20783  0.90461
  0.22355  0.912114
  0.162829  0.839155
  0.0455859  0.866551
  0.0572367  0.875283
  0.0552964  0.874813
  0.26839  0.793456
  0.232255  0.783454
  0.230419  0.781698
  0.225136  0.626954
  0.236744  0.602581
  0.229075  0.599553
  0.195951  0.555293
  0.184004  0.565592
  0.217767  0.537681
  0.302845  0.429744
  0.265197  0.392706
  0.304682  0.407041
  0.465794  0.550761
  0.466738  0.559807
  0.456008  0.60094
  0.418404  0.695977
  0.411859  0.655591
  0.490011  0.462739
  0.534836  0.414301
  0.533397  0.346217
  0.502079  0.406854
  0.506989  0.373377
  0.497205  0.278805
  0.484169  0.153055
  0.360707  0.1239
  0.357225  0.130079
  0.485191  0.11681
  0.487231  0.11642
  0.390952  -0.0428821
  0.399754  -0.0944082
  0.418815  -0.0762876
  0.373816  -0.0499934
  0.310733  -0.0288244
  0.415658  -0.0190967
  0.467765  -0.00820017
  0.492615  -0.0448813
  0.48473  -0.0229156
  0.436252  0.0891658
  0.467687  0.25558
  0.427628  0.22687
  0.458142  0.24396
  0.589793  0.200577
  0.657455  0.15412
  0.631569  0.233584
  0.667335  0.122697
  0.743207  -0.0284708
  0.737178  -0.030216
  0.788168  0.0664123
  0.722354  0.0153197
  0.631347  0.0561515
  0.597881  0.0603659
  0.570814  0.0308971
  0.561677  0.0340732
  0.580813  0.0375098
  0.680255  -0.0370532
  0.603509  0.0147785
  0.450856  0.161837
  0.441314  0.122833
  0.430676  0.160529
  0.480828  0.260113
  0.447957  0.245054
  0.470172  0.298095
  0.454109  0.287568
  0.515766  0.29714
  0.514431  0.313565
  0.509561  0.301044
  0.508652  0.304827
  0.610604  0.0302389
  0.682594  0.0165544
  0.786421  0.135398
  0.78821  0.139146
  0.792255  0.144509
  0.85615  0.128332
  0.857879  0.128578
  0.892773  -0.0164781
  0.870588  -0.00256983
  1.02075  -0.158484
  1.01165  -0.157084
  1.06418  -0.233569
  0.98437  -0.228044
  1.14895  -0.214572
  1.22676  -0.318277
  1.32584  -0.180604
  1.23278  -0.134769
  1.25078  -0.117312
  1.38406  -0.0599092
  1.51816  -0.0970784
  1.48716  -0.11615
  1.48977  0.0329184
  1.61439  -0.0892108
  1.69006  -0.0852644
  1.71696  -0.0552961
  1.72341  -0.0209182
  1.75246  -0.0521027
  1.72776  -0.0639465
  1.91617  0.0245859
  1.94229  -0.07315
  1.98674  0.190667
  2.15337  0.221841
  2.10935  0.261233
  2.12185  0.285094
  2.11325  0.292172
  2.1146  0.286675
  2.10763  0.279
  2.30316  0.214416
  2.31703  0.186936
  2.29968  0.355548
  2.41576  0.430396
  2.45093  0.442147
  2.44549  0.440031
  2.49729  0.422319
  2.50832  0.391516
  2.40126  0.439385
  2.37721  0.449428
  2.35478  0.442191
  2.27524  0.60808
  2.21094  0.586963
  2.18491  0.601344
  2.31859  0.573835
  2.22827  0.504599
  2.19002  0.371573
  2.19485  0.371453
  2.19095  0.416066
  2.12747  0.659302
  2.15176  0.680288
  2.13154  0.59109
  2.11838  0.601123
  2.0239  0.651631
  1.88475  0.733314
  1.9021  0.735195
  1.898  0.746364
  1.93578  0.77741
  1.9329  0.781303
  2.05927  0.785469
  2.08193  0.828037
  2.1926  0.985905
  2.18547  0.950021
  2.17644  1.00771
  2.18397  0.995065
  2.21672  1.20721
  2.05122  1.34553
  1.91123  1.25098
  1.89045  1.26348
  1.84836  1.38186
  1.88035  1.39917
  1.82213  1.48425
  1.82789  1.49606
  1.82107  1.5271
  1.72501  1.58467
  1.7731  1.52145
  1.7622  1.49269
  1.69752  1.52231
  1.71001  1.49998
  1.68686  1.41271
  1.71297  1.4236
  1.69496  1.48772
  1.70988  1.46547
  1.58117  1.22869
  1.69744  1.19203
  1.77713  1.16916
  1.76983  1.17432
  1.80249  1.10783
  1.79277  1.30163
  1.7143  1.26809
  1.76911  1.23863
  1.77719  1.20886
  1.82058  1.16028
  1.74065  0.969705
  1.72238  0.890332
  1.77858  0.836626
  1.84215  0.825375
  1.85161  0.80449
  1.84671  0.854465
  1.84491  0.846101
  1.87896  0.927196
  1.93101  0.979776
  1.98245  1.08743
  1.99717  1.0773
  2.00988  1.19604
  2.0427  1.28422
  2.0039  1.35958
  1.99668  1.45093
  2.00052  1.46589
  1.93612  1.48169
  1.93196  1.43959
  1.8418  1.50894
  1.84869  1.47519
  1.80815  1.56705
  1.80377  1.61148
  1.7695  1.57724
  1.74844  1.58997
  1.71078  1.84181
  1.72935  1.84609
  1.7157  1.92025
  1.67416  1.88751
  1.75876  1.85456
  1.77817  1.86182
  1.77655  1.85477
  1.78261  1.85583
  1.79082  1.86239
  1.80037  1.85311
  1.65541  1.86956
  1.71041  1.84513
  1.72137  1.80556
  1.71636  1.77581
  1.67709  1.77003
  1.64603  1.83834
  1.7233  1.8323
  1.65328  1.90647
  1.69954  1.85118
  1.64781  1.9379
  1.77556  1.92255
  1.70962  1.88406
  1.64351  1.89075
  1.65109  1.73549
  1.62067  1.73871
  1.62533  1.73559
  1.60194  1.71908
  1.62865  1.76485
  1.64495  1.77304
  1.6638  1.74267
  1.72713  1.69968
  1.61058  1.63377
  1.71372  1.66202
  1.78892  1.48137
  1.90859  1.58043
  1.80065  1.5577
  1.79754  1.57555
  1.7695  1.50704
  1.82871  1.44104
  1.83607  1.56632
  1.78781  1.55864
  1.75585  1.36562
  1.77657  1.46859
  1.82634  1.36253
  1.8359  1.36032
  1.90764  1.41712
  1.98605  1.3688
  1.97331  1.34265
  1.98161  1.2916
  1.96938  1.26523
  1.96747  1.26647
  1.90541  1.24673
  1.85074  1.2353
  1.84264  1.25726
  1.92513  1.36721
  1.88922  1.34339
  1.88811  1.33982
  1.92556  1.27605
  1.92635  1.27703
  1.8766  1.28457
  1.91549  1.24024
  1.88207  1.34258
  1.84063  1.50112
  1.83149  1.69103
  1.89437  1.79012
  1.9664  1.79976
  1.92462  1.7899
  1.88341  1.83356
  1.83902  1.80063
  1.88112  1.91395
  1.92234  1.95427
  1.90985  1.98349
  1.78845  2.09774
  1.71889  1.96022
  1.69996  2.01672
  1.69613  2.00355
  1.65238  2.01579
  1.65288  2.01933
  1.65046  2.01985
  1.62684  2.0266
  1.65856  2.06372
  1.56814  2.06465
  1.35834  1.95156
  1.35763  1.95395
  1.38316  1.92636
  1.5066  2.03058
  1.48412  1.98914
  1.44621  2.00304
  1.44678  1.88465
  1.46051  1.87969
  1.44084  1.86106
  1.43105  1.90329
  1.40279  1.82054
  1.37691  1.85496
  1.4836  1.79017
  1.457  1.87584
  1.44897  1.89476
  1.41126  1.89942
  1.4726  1.80648
  1.40853  1.82867
  1.44506  1.87953
  1.55043  1.82802
  1.52479  1.83657
  1.6513  2.0545
  1.63801  2.0447
  1.76701  1.97441
  1.85955  2.05581
  1.84194  2.07474
  1.97696  2.08244
  2.05818  2.03386
  2.10007  2.06663
  2.10059  2.06641
  2.02061  1.95328
  1.93336  1.95923
  2.04268  2.04909
  1.92366  2.01462
  1.92131  2.01508
  1.95057  2.07068
  1.96341  2.08635
  1.95092  2.05357
  1.94625  2.04468
  1.94672  2.04168
  1.95427  2.11613
  1.96815  2.13782
  2.15595  2.09414
  2.13594  2.03159
  2.29349  2.07641
  2.30905  2.08844
  2.29069  2.09109
  2.46215  2.16432
  2.51059  2.22792
  2.52388  2.2023
  2.57987  2.26812
  2.57025  2.27845
  2.64357  2.25151
  2.58448  2.44747
  2.59248  2.53837
  2.54786  2.57639
  2.54353  2.50552
  2.51297  2.63446
  2.50774  2.6752
  2.48611  2.63349
  2.37191  2.57265
  2.33076  2.54602
  2.30618  2.55652
  2.4032  2.73842
  2.60813  2.73877
  2.6044  2.72669
  2.7886  2.85792
  2.7646  2.80935
  2.77759  2.81036
  2.87515  2.82707
  2.94724  2.79105
  2.99629  2.82043
  2.9676  2.81705
  2.93613  2.79482
  2.96721  2.9291
  3.08194  2.86002
  3.15612  2.87142
  3.19416  2.80553
  3.19405  2.80568
  3.15362  2.8164
  3.13358  2.85558
  3.15094  2.92022
  3.11298  2.92444
  2.98466  2.89306
  2.98531  2.89836
  2.98129  2.89613
  2.93836  3.04637
  2.95198  3.11174
  2.9334  3.07657
  2.90593  3.06877
  2.89772  3.1016
  2.92308  3.1227
  2.99252  3.15523
  3.03474  3.14871
  2.96061  3.05847
  2.9683  2.89607
  2.8812  2.90859
  2.89799  3.01493
  2.87196  2.89911
  2.87977  2.97736
  3.00729  2.93703
  2.91552  2.78982
  2.83761  2.84894
  2.84992  2.82672
  2.89456  2.73067
  2.83886  2.65359
  2.7608  2.66232
  2.75095  2.57381
  2.80593  2.7496
  2.85382  2.80337
  2.81321  2.89452
  2.92375  2.83876
  3.0149  2.86969
  3.02363  2.92626
  3.17588  2.94379
  3.18306  2.97128
  3.21143  2.89266
  3.07313  2.99481
  3.10867  2.99167
  3.08015  3.05424
  3.08259  3.05239
  3.09376  2.94947
  3.09367  2.94993
  2.94157  3.01979
  2.92919  3.06416
  2.95041  3.05729
  2.82497  3.05065
  2.8267  3.04811
  2.82768  3.03877
  2.84991  3.03621
  2.8325  3.08335
  2.7358  3.14825
  2.70619  3.08963
  2.73541  3.16813
  2.70533  3.24996
  2.74628  3.24934
  2.66651  3.15026
  2.73825  2.94933
  2.85683  2.92836
  2.7947  2.81384
  2.77101  2.71551
  2.8074  2.72459
  2.78212  2.57937
  2.69427  2.54394
  2.77211  2.65414
  2.79983  2.73089
  2.77475  2.72666
  2.79766  2.69556
  2.81317  2.69977
  2.80672  2.72415
  2.8144  2.72561
  2.80672  2.74473
  2.67622  2.79622
  2.61731  2.83066
  2.55796  2.67961
  2.55261  2.64795
  2.57574  2.70023
  2.57557  2.65747
  2.58001  2.62052
  2.58555  2.63413
  2.51149  2.78213
  2.51158  2.7856
  2.55535  2.83224
  2.39618  2.85216
  2.45789  2.96144
  2.48704  2.96632
  2.51699  3.0329
  2.47966  3.0256
  2.47752  3.00483
  2.44465  2.94633
  2.4341  2.94376
  2.48851  2.94874
  2.48879  2.94953
  2.44973  2.91241
  2.46497  2.86212
  2.47219  2.79568
  2.53278  2.81711
  2.47564  2.74899
  2.48807  2.81078
  2.48672  2.8391
  2.54983  2.9806
  2.5759  2.98211
  2.57642  2.98467
  2.60556  3.10349
  2.62957  2.98015
  2.66559  2.8759
  2.7982  2.92701
  2.79811  2.88781
  2.81344  2.90402
  2.79377  2.95796
  2.77377  2.90402
  2.76154  2.89476
  2.7986  2.91295
  2.82853  2.97069
  2.74233  2.73726
  2.75663  2.75513
  2.74431  2.75542
  2.743  2.73928
  2.74532  2.75311
  2.72289  2.76146
  2.87657  2.85414
  2.94577  2.86079
  2.8824  2.84795
  2.8823  2.83225
  2.99644  2.88552
  3.05509  2.92109
  3.07456  2.99859
  3.05131  3.0105
  3.02114  3.2176
  3.03064  3.0992
  3.07673  3.21023
  3.038  3.1568
  3.03294  3.1454
  2.99787  3.197
  2.99753  3.21302
  2.95539  3.07356
  2.9616  3.02905
  2.83908  2.9343
  2.9184  2.86756
  2.93042  2.89341
  2.93038  2.85114
  2.93768  2.82812
  2.81366  2.97395
  2.78155  2.99762
  2.78771  2.9985
  2.7897  2.97498
  2.89753  3.1781
  2.95459  3.21553
  2.81571  3.24458
  2.91282  3.18368
  2.92388  3.16127
  2.84451  3.1771
  2.88107  3.20586
  2.96032  3.11156
  2.95808  3.10939
  2.87802  2.97908
  2.9591  2.98831
  2.91098  2.90346
  2.90438  2.94089
  2.83468  2.98809
  2.85711  3.02392
  2.85586  3.00951
  2.87149  3.06308
  2.85555  3.01767
  2.85826  3.02498
  2.75377  3.0745
  2.74156  3.10025
  2.72205  3.20949
  2.71535  3.23858
  2.70649  3.30271
  2.68256  3.31441
  2.67695  3.30415
  2.68193  3.30228
  2.69746  3.40938
  2.73272  3.31092
  2.84638  3.16436
  2.72054  3.28743
  2.68203  3.16275
  2.67749  3.16859
  2.67107  3.16608
  2.70456  3.23502
  2.66048  3.30094
  2.51597  3.3858
  2.56059  3.29803
  2.58288  3.27535
  2.57666  3.29217
  2.55579  3.32589
  2.5551  3.32217
  2.66313  3.3397
  2.69732  3.30564
  2.69725  3.30389
  2.59016  3.38971
  2.43025  3.40545
  2.57451  3.20792
  2.54809  3.23366
  2.66474  3.36114
  2.74906  3.47568
  2.75467  3.52088
  2.69823  3.53417
  2.71805  3.7023
  2.7185  3.69435
  2.80379  3.74176
  2.8623  3.58002
  2.92671  3.59872
  2.94771  3.62864
  3.1081  3.67716
  3.09589  3.76267
  2.95936  3.77646
  2.95717  3.77683
  3.00567  3.78974
  2.98567  3.81028
  2.75036  3.93832
  2.77611  3.8908
  2.79271  3.83782
  2.76526  3.8631
  2.82691  3.81999
  2.91364  3.84372
  2.92199  3.83764
  3.08385  3.86466
  2.82228  3.84299
  2.83791  3.84489
  2.8985  3.86088
  2.83201  3.89598
  2.87124  3.68979
  2.82453  3.65727
  2.79413  3.70434
  2.78813  3.70227
  2.78747  3.70077
  2.78364  3.69747
  2.7637  3.66647
  2.78637  3.62749
  2.80335  3.57908
  2.89758  3.48796
  2.87788  3.47405
  2.88661  3.47302
  2.8588  3.53254
  2.91279  3.5141
  2.89563  3.41776
  2.8612  3.41052
