  -0.001  0
  0  -0.167904
  0.001  -0.120627
  0.002  0.000666276
  0.003  0.05417
  0.004  0.220779
  0.005  0.0342559
  0.006  0.0382234
  0.007  -0.0968502
  0.008  -0.124363
  0.009  -0.0868689
  0.01  -0.0570904
  0.011  -0.103466
  0.012  -0.243348
  0.013  -0.329087
  0.014  -0.322379
  0.015  -0.384457
  0.016  -0.332081
  0.017  -0.347729
  0.018  -0.334559
  0.019  -0.516634
  0.02  -0.445993
  0.021  -0.367893
  0.022  -0.328955
  0.023  -0.500476
  0.024  -0.528518
  0.025  -0.473191
  0.026  -0.511746
  0.027  -0.728673
  0.028  -0.732586
  0.029  -0.778475
  0.03  -0.745592
  0.031  -0.732071
  0.032  -0.903166
  0.033  -1.08802
  0.034  -0.823565
  0.035  -0.794465
  0.036  -0.688969
  0.037  -0.590761
  0.038  -0.554616
  0.039  -0.646719
  0.04  -0.658851
  0.041  -0.587223
  0.042  -0.558934
  0.043  -0.577123
  0.044  -0.545338
  0.045  -0.662063
  0.046  -0.588591
  0.047  -0.699601
  0.048  -0.625065
  0.049  -0.603967
  0.05  -0.658791
  0.051  -0.562365
  0.052  -0.516153
  0.053  -0.461881
  0.054  -0.345612
  0.055  -0.232823
  0.056  -0.283971
  0.057  -0.477145
  0.058  -0.368889
  0.059  -0.263866
  0.06  -0.196438
  0.061  -0.205545
  0.062  -0.175347
  0.063  -0.0725442
  0.064  0.156886
  0.065  0.251125
  0.066  0.250329
  0.067  0.170787
  0.068  0.284838
  0.069  0.422489
  0.07  0.575356
  0.071  0.457895
  0.072  0.413188
  0.073  0.429218
  0.074  0.361679
  0.075  0.280436
  0.076  0.362591
  0.077  0.412693
  0.078  0.40805
  0.079  0.243627
  0.08  0.322263
  0.081  0.368301
  0.082  0.308698
  0.083  0.346064
  0.084  0.418739
  0.085  0.324017
  0.086  0.441355
  0.087  0.514674
  0.088  0.497088
  0.089  0.387146
  0.09  0.290671
  0.091  0.328713
  0.092  0.391682
  0.093  0.48523
  0.094  0.423484
  0.095  0.364093
  0.096  0.139614
  0.097  0.128441
  0.098  0.0806642
  0.099  0.172678
  0.1  0.013461
  0.101  0.0869475
  0.102  0.0297753
  0.103  0.0515194
  0.104  0.13389
  0.105  0.183813
  0.106  0.216568
  0.107  0.191785
  0.108  0.314491
  0.109  0.340463
  0.11  0.295328
  0.111  0.369063
  0.112  0.41124
  0.113  0.423233
  0.114  0.564965
  0.115  0.626996
  0.116  0.733909
  0.117  0.638645
  0.118  0.751812
  0.119  0.812345
  0.12  0.479487
  0.121  0.461989
  0.122  0.43646
  0.123  0.338387
  0.124  0.185823
  0.125  0.147759
  0.126  0.21838
  0.127  0.165413
  0.128  0.154423
  0.129  0.0247354
  0.13  0.0439931
  0.131  0.202001
  0.132  0.192305
  0.133  0.205538
  0.134  0.13812
  0.135  0.112303
  0.136  0.155007
  0.137  0.186093
  0.138  0.132663
  0.139  0.162137
  0.14  0.0225443
  0.141  0.044111
  0.142  0.108988
  0.143  0.0432254
  0.144  -0.0883151
  0.145  -0.29002
  0.146  -0.228308
  0.147  -0.222496
  0.148  -0.147851
  0.149  -0.140827
  0.15  -0.127119
  0.151  -0.163429
  0.152  -0.184208
  0.153  -0.19161
  0.154  -0.249135
  0.155  -0.273693
  0.156  -0.325452
  0.157  -0.135331
  0.158  -0.217764
  0.159  -0.134287
  0.16  -0.104593
  0.161  -0.216495
  0.162  -0.284751
  0.163  -0.28972
  0.164  -0.0761603
  0.165  -0.120725
  0.166  -0.221959
  0.167  -0.318097
  0.168  -0.289518
  0.169  -0.311871
  0.17  -0.175591
  0.171  -0.265044
  0.172  -0.185543
  0.173  -0.151088
  0.174  -0.326029
  0.175  -0.373647
  0.176  -0.496517
  0.177  -0.625244
  0.178  -0.64577
  0.179  -0.590914
  0.18  -0.635365
  0.181  -0.847455
  0.182  -0.749966
  0.183  -0.955
  0.184  -0.904302
  0.185  -0.913621
  0.186  -0.932404
  0.187  -0.852266
  0.188  -0.998857
  0.189  -1.06568
  0.19  -1.11602
  0.191  -0.989164
  0.192  -0.996489
  0.193  -0.945634
  0.194  -1.03449
  0.195  -0.949358
  0.196  -0.973685
  0.197  -1.066
  0.198  -1.06888
  0.199  -1.18718
  0.2  -1.2981
  0.201  -1.25832
  0.202  -1.06726
  0.203  -1.12917
  0.204  -1.16403
  0.205  -1.08851
  0.206  -0.941251
  0.207  -0.973791
  0.208  -1.11352
  0.209  -1.15668
  0.21  -1.1404
  0.211  -1.07983
  0.212  -1.06589
  0.213  -0.936989
  0.214  -0.950894
  0.215  -1.03936
  0.216  -1.15294
  0.217  -1.21648
  0.218  -1.24042
  0.219  -1.34445
  0.22  -1.31524
  0.221  -1.39499
  0.222  -1.3359
  0.223  -1.4552
  0.224  -1.3983
  0.225  -1.68528
  0.226  -1.70872
  0.227  -1.75624
  0.228  -1.54593
  0.229  -1.58709
  0.23  -1.50324
  0.231  -1.48512
  0.232  -1.6069
  0.233  -1.56232
  0.234  -1.58014
  0.235  -1.59589
  0.236  -1.6778
  0.237  -1.59774
  0.238  -1.47725
  0.239  -1.4957
  0.24  -1.57005
  0.241  -1.73193
  0.242  -1.78915
  0.243  -1.87907
  0.244  -1.93931
  0.245  -1.85311
  0.246  -1.7131
  0.247  -1.62667
  0.248  -1.64684
  0.249  -1.75816
  0.25  -1.78282
  0.251  -1.89414
  0.252  -2.03058
  0.253  -2.21769
  0.254  -2.21836
  0.255  -2.26264
  0.256  -2.20949
  0.257  -2.35809
  0.258  -2.31053
  0.259  -2.0653
  0.26  -2.14635
  0.261  -1.98735
  0.262  -2.1147
  0.263  -1.94495
  0.264  -1.8957
  0.265  -1.78759
  0.266  -1.85372
  0.267  -1.70934
  0.268  -1.6983
  0.269  -1.70532
  0.27  -1.62863
  0.271  -1.55543
  0.272  -1.32152
  0.273  -1.43072
  0.274  -1.31851
  0.275  -1.40772
  0.276  -1.30104
  0.277  -1.38434
  0.278  -1.39512
  0.279  -1.33374
  0.28  -1.18722
  0.281  -1.1955
  0.282  -1.21329
  0.283  -1.3597
  0.284  -1.34558
  0.285  -1.36125
  0.286  -1.48878
  0.287  -1.53407
  0.288  -1.60447
  0.289  -1.58143
  0.29  -1.54766
  0.291  -1.61744
  0.292  -1.80949
  0.293  -1.75666
  0.294  -1.72416
  0.295  -1.83933
  0.296  -1.92783
  0.297  -2.17152
  0.298  -2.29736
  0.299  -2.23484
  0.3  -2.35117
  0.301  -2.46796
  0.302  -2.43838
  0.303  -2.42803
  0.304  -2.26435
  0.305  -2.20835
  0.306  -2.1024
  0.307  -2.17654
  0.308  -2.05361
  0.309  -1.97493
  0.31  -2.0477
  0.311  -2.12102
  0.312  -2.0135
  0.313  -1.87774
  0.314  -1.97334
  0.315  -1.91604
  0.316  -1.87903
  0.317  -1.89625
  0.318  -1.92673
  0.319  -1.99314
  0.32  -2.04908
  0.321  -2.08959
  0.322  -2.04769
  0.323  -2.16409
  0.324  -2.02241
  0.325  -2.04755
  0.326  -2.08419
  0.327  -2.04778
  0.328  -1.96886
  0.329  -1.89214
  0.33  -1.94059
  0.331  -1.9267
  0.332  -1.87644
  0.333  -1.84686
  0.334  -1.81921
  0.335  -1.79048
  0.336  -1.77118
  0.337  -1.6516
  0.338  -1.73731
  0.339  -1.98137
  0.34  -1.9571
  0.341  -1.8749
  0.342  -1.98622
  0.343  -1.99821
  0.344  -1.97057
  0.345  -2.03727
  0.346  -2.09789
  0.347  -2.13257
  0.348  -2.06425
  0.349  -2.03617
  0.35  -2.08324
  0.351  -1.92624
  0.352  -2.00795
  0.353  -2.0392
  0.354  -1.9339
  0.355  -1.82624
  0.356  -1.86109
  0.357  -2.03348
  0.358  -1.84348
  0.359  -1.90751
  0.36  -1.99223
  0.361  -1.94021
  0.362  -2.01932
  0.363  -2.02075
  0.364  -2.0942
  0.365  -2.11912
  0.366  -2.2015
  0.367  -2.2335
  0.368  -2.20099
  0.369  -2.03167
  0.37  -2.2386
  0.371  -2.23588
  0.372  -2.10567
  0.373  -2.02156
  0.374  -2.10934
  0.375  -1.95451
  0.376  -1.97629
  0.377  -1.9122
  0.378  -1.92064
  0.379  -1.91831
  0.38  -2.22128
  0.381  -2.21654
  0.382  -2.3645
  0.383  -2.36785
  0.384  -2.46369
  0.385  -2.49074
  0.386  -2.37664
  0.387  -2.48136
  0.388  -2.61078
  0.389  -2.6356
  0.39  -2.70607
  0.391  -2.77569
  0.392  -2.849
  0.393  -2.76803
  0.394  -2.92074
  0.395  -2.81124
  0.396  -2.84332
  0.397  -2.75269
  0.398  -2.72362
  0.399  -2.75454
  0.4  -2.684
  0.401  -2.58954
  0.402  -2.637
  0.403  -2.44395
  0.404  -2.45849
  0.405  -2.46173
  0.406  -2.47895
  0.407  -2.53443
  0.408  -2.62828
  0.409  -2.56489
  0.41  -2.41749
  0.411  -2.46629
  0.412  -2.48898
  0.413  -2.53982
  0.414  -2.57199
  0.415  -2.50331
  0.416  -2.63713
  0.417  -2.60174
  0.418  -2.6822
  0.419  -2.60759
  0.42  -2.6614
  0.421  -2.5456
  0.422  -2.48578
  0.423  -2.57619
  0.424  -2.48069
  0.425  -2.55965
  0.426  -2.44748
  0.427  -2.31939
  0.428  -2.14535
  0.429  -2.17741
  0.43  -2.24517
  0.431  -2.17198
  0.432  -2.19874
  0.433  -2.3564
  0.434  -2.51515
  0.435  -2.48436
  0.436  -2.39006
  0.437  -2.38047
  0.438  -2.33424
  0.439  -2.3019
  0.44  -2.34856
  0.441  -2.30422
  0.442  -2.26588
  0.443  -2.17973
  0.444  -2.24826
  0.445  -2.16551
  0.446  -2.28166
  0.447  -2.05407
  0.448  -2.19667
  0.449  -2.08007
  0.45  -2.10803
  0.451  -2.19472
  0.452  -2.13868
  0.453  -2.16808
  0.454  -2.08743
  0.455  -2.10341
  0.456  -2.2444
  0.457  -2.25157
  0.458  -2.24925
  0.459  -2.27033
  0.46  -2.32577
  0.461  -2.34792
  0.462  -2.37465
  0.463  -2.37889
  0.464  -2.25772
  0.465  -2.11719
  0.466  -2.12957
  0.467  -2.10578
  0.468  -1.9628
  0.469  -1.9026
  0.47  -2.03317
  0.471  -2.08561
  0.472  -2.18874
  0.473  -2.29544
  0.474  -2.25576
  0.475  -2.34279
  0.476  -2.38627
  0.477  -2.23321
  0.478  -2.42525
  0.479  -2.51024
  0.48  -2.65537
  0.481  -2.66907
  0.482  -2.60976
  0.483  -2.47455
  0.484  -2.43688
  0.485  -2.49136
  0.486  -2.46862
  0.487  -2.6171
  0.488  -2.47193
  0.489  -2.54225
  0.49  -2.37889
  0.491  -2.27344
  0.492  -2.27335
  0.493  -2.25231
  0.494  -2.30568
  0.495  -2.32746
  0.496  -2.41392
  0.497  -2.58272
  0.498  -2.58406
  0.499  -2.56446
  0.5  -2.60408
  0.501  -2.57519
  0.502  -2.75105
  0.503  -2.88036
  0.504  -2.94277
  0.505  -2.87697
  0.506  -2.63577
  0.507  -2.77784
  0.508  -2.62026
  0.509  -2.78338
  0.51  -2.748
  0.511  -2.74163
  0.512  -2.62276
  0.513  -2.5571
  0.514  -2.44708
  0.515  -2.41845
  0.516  -2.36342
  0.517  -2.32688
  0.518  -2.43318
  0.519  -2.31053
  0.52  -2.31138
  0.521  -2.27638
  0.522  -2.35329
  0.523  -2.36543
  0.524  -2.1848
  0.525  -2.05979
  0.526  -2.11525
  0.527  -2.10577
  0.528  -2.11956
  0.529  -2.11471
  0.53  -2.15091
  0.531  -2.14353
  0.532  -2.13956
  0.533  -2.17139
  0.534  -2.23337
  0.535  -2.36346
  0.536  -2.20728
  0.537  -2.16116
  0.538  -2.32555
  0.539  -2.33159
  0.54  -2.33277
  0.541  -2.26596
  0.542  -2.24439
  0.543  -2.01695
  0.544  -1.85237
  0.545  -1.93081
  0.546  -1.93376
  0.547  -2.23661
  0.548  -2.17279
  0.549  -2.16763
  0.55  -2.08453
  0.551  -2.05541
  0.552  -2.20995
  0.553  -2.21654
  0.554  -2.29186
  0.555  -2.47029
  0.556  -2.35588
  0.557  -2.18703
  0.558  -2.20827
  0.559  -2.23908
  0.56  -2.15645
  0.561  -2.17727
  0.562  -2.23209
  0.563  -2.33019
  0.564  -2.32532
  0.565  -2.31048
  0.566  -2.30236
  0.567  -2.22599
  0.568  -2.14222
  0.569  -2.18904
  0.57  -2.278
  0.571  -2.24519
  0.572  -2.34112
  0.573  -2.49025
  0.574  -2.53431
  0.575  -2.55258
  0.576  -2.444
  0.577  -2.37824
  0.578  -2.21645
  0.579  -2.0496
  0.58  -2.08199
  0.581  -2.18271
  0.582  -2.12245
  0.583  -2.106
  0.584  -1.93537
  0.585  -1.82339
  0.586  -1.82387
  0.587  -1.93011
  0.588  -1.89722
  0.589  -1.94582
  0.59  -1.89211
  0.591  -1.94683
  0.592  -2.00794
  0.593  -1.98869
  0.594  -1.84483
  0.595  -1.70812
  0.596  -1.74006
  0.597  -1.81429
  0.598  -1.79816
  0.599  -1.73759
  0.6  -1.80832
  0.601  -1.8051
  0.602  -1.72691
  0.603  -1.59729
  0.604  -1.62495
  0.605  -1.51979
  0.606  -1.61471
  0.607  -1.73512
  0.608  -1.95416
  0.609  -2.00534
  0.61  -1.73403
  0.611  -1.53068
  0.612  -1.30258
  0.613  -1.26509
  0.614  -1.39041
  0.615  -1.35572
  0.616  -1.4234
  0.617  -1.48813
  0.618  -1.46114
  0.619  -1.46938
  0.62  -1.39746
  0.621  -1.36907
  0.622  -1.29313
  0.623  -1.39459
  0.624  -1.35079
  0.625  -1.21335
  0.626  -1.26661
  0.627  -1.19905
  0.628  -1.24205
  0.629  -1.28435
  0.63  -1.06845
  0.631  -1.07755
  0.632  -1.07347
  0.633  -1.11251
  0.634  -1.13885
  0.635  -1.23985
  0.636  -1.28076
  0.637  -1.07267
  0.638  -1.02789
  0.639  -0.917389
  0.64  -0.858623
  0.641  -0.922126
  0.642  -0.990372
  0.643  -0.956538
  0.644  -0.973231
  0.645  -1.08705
  0.646  -1.11147
  0.647  -1.34753
  0.648  -1.47439
  0.649  -1.48148
  0.65  -1.51342
  0.651  -1.5701
  0.652  -1.63573
  0.653  -1.64254
  0.654  -1.82868
  0.655  -1.88095
  0.656  -1.84181
  0.657  -1.61273
  0.658  -1.50484
  0.659  -1.6074
  0.66  -1.67394
  0.661  -1.77932
  0.662  -1.90378
  0.663  -1.89224
  0.664  -2.04148
  0.665  -2.01028
  0.666  -2.03361
  0.667  -1.9115
  0.668  -1.98857
  0.669  -1.81038
  0.67  -1.86525
  0.671  -2.15573
  0.672  -2.12076
  0.673  -1.98214
  0.674  -2.06763
  0.675  -2.0958
  0.676  -1.98794
  0.677  -1.91389
  0.678  -1.79737
  0.679  -1.62823
  0.68  -1.56229
  0.681  -1.43091
  0.682  -1.3585
  0.683  -1.33755
  0.684  -1.42086
  0.685  -1.52061
  0.686  -1.45928
  0.687  -1.4868
  0.688  -1.3124
  0.689  -1.33436
  0.69  -1.34403
  0.691  -1.36347
  0.692  -1.17514
  0.693  -1.20896
  0.694  -1.03567
  0.695  -0.905734
  0.696  -1.1177
  0.697  -1.07754
  0.698  -1.10355
  0.699  -1.20986
  0.7  -1.26924
  0.701  -1.05886
  0.702  -1.09502
  0.703  -1.03751
  0.704  -1.1218
  0.705  -0.92055
  0.706  -0.815648
  0.707  -0.746898
  0.708  -0.763377
  0.709  -0.776811
  0.71  -0.839936
  0.711  -1.00223
  0.712  -1.0428
  0.713  -1.21166
  0.714  -1.13839
  0.715  -1.29619
  0.716  -1.37127
  0.717  -1.4572
  0.718  -1.38796
  0.719  -1.24291
  0.72  -1.177
  0.721  -1.17874
  0.722  -0.996819
  0.723  -0.97095
  0.724  -1.01128
  0.725  -1.17895
  0.726  -0.962487
  0.727  -0.953276
  0.728  -0.811212
  0.729  -0.833052
  0.73  -0.870423
  0.731  -0.924828
  0.732  -0.759699
  0.733  -0.630047
  0.734  -0.702889
  0.735  -0.799968
  0.736  -0.698528
  0.737  -0.839481
  0.738  -0.814407
  0.739  -0.959523
  0.74  -0.921426
  0.741  -0.937834
  0.742  -0.790543
  0.743  -0.831368
  0.744  -0.682277
  0.745  -0.856768
  0.746  -0.690106
  0.747  -0.853429
  0.748  -0.617945
  0.749  -0.605664
  0.75  -0.570686
  0.751  -0.613301
  0.752  -0.585141
  0.753  -0.615376
  0.754  -0.668299
  0.755  -0.693681
  0.756  -0.592516
  0.757  -0.860053
  0.758  -0.84629
  0.759  -0.76462
  0.76  -0.799084
  0.761  -0.792636
  0.762  -0.765699
  0.763  -0.776837
  0.764  -0.73293
  0.765  -0.769067
  0.766  -0.782223
  0.767  -0.728715
  0.768  -0.522801
  0.769  -0.492019
  0.77  -0.447695
  0.771  -0.359879
  0.772  -0.348901
  0.773  -0.455602
  0.774  -0.418519
  0.775  -0.424363
  0.776  -0.177959
  0.777  -0.0822193
  0.778  0.0649233
  0.779  0.115228
  0.78  -0.00205318
  0.781  0.0240039
  0.782  0.0705467
  0.783  0.0899862
  0.784  -0.0123932
  0.785  0.02064
  0.786  -0.0470347
  0.787  -0.0767707
  0.788  0.0542533
  0.789  -0.0181439
  0.79  -0.0921505
  0.791  -0.0769207
  0.792  -0.215336
  0.793  -0.210503
  0.794  -0.364204
  0.795  -0.360384
  0.796  -0.343989
  0.797  -0.156472
  0.798  -0.124369
  0.799  -0.0329081
  0.8  -0.0657696
  0.801  0.0792191
  0.802  0.0166525
  0.803  -0.0310372
  0.804  -0.192395
  0.805  -0.174941
  0.806  -0.0850728
  0.807  -0.0948161
  0.808  -0.0646618
  0.809  -0.146781
  0.81  -0.15162
  0.811  -0.0251839
  0.812  -0.0692841
  0.813  -0.0707377
  0.814  -0.0244915
  0.815  0.0623791
  0.816  0.0257948
  0.817  0.0841856
  0.818  0.106849
  0.819  0.251631
  0.82  0.217298
  0.821  0.275023
  0.822  0.0593347
  0.823  0.228265
  0.824  0.36543
  0.825  0.27279
  0.826  0.203875
  0.827  0.162417
  0.828  0.198791
  0.829  0.0956965
  0.83  -0.0272145
  0.831  0.152409
  0.832  0.051493
  0.833  0.258587
  0.834  0.146595
  0.835  0.0671634
  0.836  0.105984
  0.837  0.0549494
  0.838  0.119088
  0.839  -0.0502377
  0.84  -0.0246531
  0.841  0.0656401
  0.842  0.108298
  0.843  -0.052539
  0.844  -0.00934459
  0.845  -0.0273605
  0.846  -0.00056446
  0.847  0.268938
  0.848  0.313979
  0.849  0.396835
  0.85  0.441729
  0.851  0.455881
  0.852  0.44694
  0.853  0.372858
  0.854  0.317124
  0.855  0.430587
  0.856  0.437772
  0.857  0.294461
  0.858  0.356691
  0.859  0.387537
  0.86  0.382786
  0.861  0.365264
  0.862  0.376846
  0.863  0.363879
  0.864  0.282431
  0.865  0.204696
  0.866  0.345171
  0.867  0.479414
  0.868  0.185934
  0.869  0.13399
  0.87  0.0837742
  0.871  0.0752183
  0.872  0.047387
  0.873  0.176658
  0.874  0.152645
  0.875  0.0954655
  0.876  0.214775
  0.877  0.232644
  0.878  0.134287
  0.879  0.0665788
  0.88  0.0560564
  0.881  -0.0422661
  0.882  -0.127025
  0.883  -0.0353819
  0.884  -0.0269966
  0.885  -0.133057
  0.886  -0.190017
  0.887  0.0316157
  0.888  -0.0106961
  0.889  0.103053
  0.89  -0.0105978
  0.891  -0.0980216
  0.892  -0.0665033
  0.893  0.087976
  0.894  0.0433338
  0.895  0.0917701
  0.896  0.264485
  0.897  0.0919427
  0.898  -0.0144921
  0.899  -0.0787827
  0.9  -0.0597251
  0.901  0.0156819
  0.902  -0.0162574
  0.903  -0.18981
  0.904  -0.0694152
  0.905  -0.164305
  0.906  -0.143581
  0.907  -0.150815
  0.908  -0.119099
  0.909  -0.256985
  0.91  -0.413579
  0.911  -0.440913
  0.912  -0.427602
  0.913  -0.281717
  0.914  -0.392591
  0.915  -0.405173
  0.916  -0.48185
  0.917  -0.515907
  0.918  -0.54607
  0.919  -0.585761
  0.92  -0.63283
  0.921  -0.63976
  0.922  -0.735162
  0.923  -0.944969
  0.924  -1.04696
  0.925  -0.974878
  0.926  -1.12312
  0.927  -1.30032
  0.928  -1.18002
  0.929  -0.978329
  0.93  -1.05468
  0.931  -0.988228
  0.932  -1.06193
  0.933  -1.06939
  0.934  -1.06606
  0.935  -0.997918
  0.936  -0.992308
  0.937  -0.963679
  0.938  -1.10306
  0.939  -1.20143
  0.94  -1.14582
  0.941  -1.05055
  0.942  -1.01481
  0.943  -0.938274
  0.944  -1.09652
  0.945  -0.989098
  0.946  -1.0658
  0.947  -1.10917
  0.948  -0.913502
  0.949  -0.758155
  0.95  -0.727209
  0.951  -0.752825
  0.952  -0.856835
  0.953  -0.834933
  0.954  -0.908959
  0.955  -0.820291
  0.956  -0.894766
  0.957  -0.811762
  0.958  -0.815811
  0.959  -0.884713
  0.96  -1.08036
  0.961  -1.18539
  0.962  -1.15354
  0.963  -0.995275
  0.964  -0.944451
  0.965  -0.83615
  0.966  -0.744651
  0.967  -0.652552
  0.968  -0.773148
  0.969  -0.69884
  0.97  -0.813947
  0.971  -0.577643
  0.972  -0.606712
  0.973  -0.608992
  0.974  -0.809141
  0.975  -0.679517
  0.976  -0.578476
  0.977  -0.546337
  0.978  -0.569749
  0.979  -0.707199
  0.98  -0.80822
  0.981  -0.673581
  0.982  -0.763525
  0.983  -0.823185
  0.984  -0.749233
  0.985  -0.747977
  0.986  -0.784493
  0.987  -0.829732
  0.988  -1.01386
  0.989  -1.04178
  0.99  -1.14943
  0.991  -1.3133
  0.992  -1.30548
  0.993  -1.27555
  0.994  -1.27203
  0.995  -1.34514
  0.996  -1.27247
  0.997  -1.3154
  0.998  -1.33436
  0.999  -1.33883
