     -0.4093189517012739  
     -0.4218312778617198  
     -0.1471263486575053  
    -0.02063351446871694  
   -0.001074010143280746  
   -1.58654643485642e-05  
   -3.17031547899558e-08  
     -0.5056532687701309  
     -0.1980520134824029  
   -0.007387727676639115  
     -0.1980520134824029  
    -0.07757212791254664  
   -0.002893592174291271  
   -0.007387727676639115  
   -0.002893592174291271  
  -0.0001079366506557498  
     -0.4093189517012739  
     -0.4218312778617198  
     -0.1471263486575053  
    -0.02063351446871694  
   -0.001074010143280746  
   -1.58654643485642e-05  
   -3.17031547899558e-08  
      0.2182348859400869  
      0.3422101779228833  
      0.2630275779416801  
      0.1264258181059305  
     0.04020686492100092  
    0.008563877803611838  
    0.001212436147214252  
   0.0001116743923442519  
   6.459926762022901e-06  
   2.226316907096273e-07  
   4.227430384979365e-09  
    3.92189726704109e-11  
   1.456515264073126e-13  
   1.483027051113301e-16  
   1.600594906211133e-20  
      0.2910638453863126  
      0.2999612730569596  
      0.1046205181067544  
     0.01467234790897707  
   0.0007637211054799677  
    1.12818207975445e-05  
   2.254389176384015e-08  
      0.1140025867347764  
      0.1174874914586629  
      0.0409772971764063  
    0.005746799685395181  
   0.0002991308709369289  
   4.418813172385694e-06  
   8.829890819093312e-09  
    0.004252519580184881  
     0.00438251334609726  
    0.001528533374344615  
    0.000214366874344689  
   1.115816686384894e-05  
   1.648303786340037e-07  
   3.293722070223399e-10  
      0.2910638453863126  
      0.1140025867347764  
    0.004252519580184881  
      0.2999612730569596  
      0.1174874914586629  
     0.00438251334609726  
      0.1046205181067544  
      0.0409772971764063  
    0.001528533374344615  
     0.01467234790897707  
    0.005746799685395181  
    0.000214366874344689  
   0.0007637211054799677  
   0.0002991308709369289  
   1.115816686384894e-05  
    1.12818207975445e-05  
   4.418813172385694e-06  
   1.648303786340037e-07  
   2.254389176384015e-08  
   8.829890819093312e-09  
   3.293722070223399e-10  
      0.2182348859400869  
      0.3422101779228833  
      0.2630275779416801  
      0.1264258181059305  
     0.04020686492100092  
    0.008563877803611838  
    0.001212436147214252  
   0.0001116743923442519  
   6.459926762022901e-06  
   2.226316907096273e-07  
   4.227430384979365e-09  
    3.92189726704109e-11  
   1.456515264073126e-13  
   1.483027051113301e-16  
   1.600594906211133e-20  
