      0.1930436765603624                         1  
       1.026664895339192                         1  
       2.567876744950746                         1  
       4.900353084526484                         1  
       8.182153444562861                         1  
       12.73418029179781                         1  
       19.39572786226254                         1  
      0.4157745567834791        0.4157745567834791  
       2.294280360279042        0.4157745567834791  
       6.289945082937479        0.4157745567834791  
      0.4157745567834791         2.294280360279042  
       2.294280360279042         2.294280360279042  
       6.289945082937479         2.294280360279042  
      0.4157745567834791         6.289945082937479  
       2.294280360279042         6.289945082937479  
       6.289945082937479         6.289945082937479  
                       1        0.1930436765603624  
                       1         1.026664895339192  
                       1         2.567876744950746  
                       1         4.900353084526484  
                       1         8.182153444562861  
                       1         12.73418029179781  
                       1         19.39572786226254  
      0.0933078120172818                         1  
      0.4926917403018839                         1  
        1.21559541207095                         1  
       2.269949526203743                         1  
       3.667622721751437                         1  
       5.425336627413553                         1  
       7.565916226613068                         1  
       10.12022856801911                         1  
       13.13028248217572                         1  
       16.65440770832996                         1  
       20.77647889944877                         1  
       25.62389422672878                         1  
       31.40751916975394                         1  
       38.53068330648601                         1  
       48.02608557268579                         1  
      0.1930436765603624        0.4157745567834791  
       1.026664895339192        0.4157745567834791  
       2.567876744950746        0.4157745567834791  
       4.900353084526484        0.4157745567834791  
       8.182153444562861        0.4157745567834791  
       12.73418029179781        0.4157745567834791  
       19.39572786226254        0.4157745567834791  
      0.1930436765603624         2.294280360279042  
       1.026664895339192         2.294280360279042  
       2.567876744950746         2.294280360279042  
       4.900353084526484         2.294280360279042  
       8.182153444562861         2.294280360279042  
       12.73418029179781         2.294280360279042  
       19.39572786226254         2.294280360279042  
      0.1930436765603624         6.289945082937479  
       1.026664895339192         6.289945082937479  
       2.567876744950746         6.289945082937479  
       4.900353084526484         6.289945082937479  
       8.182153444562861         6.289945082937479  
       12.73418029179781         6.289945082937479  
       19.39572786226254         6.289945082937479  
      0.4157745567834791        0.1930436765603624  
       2.294280360279042        0.1930436765603624  
       6.289945082937479        0.1930436765603624  
      0.4157745567834791         1.026664895339192  
       2.294280360279042         1.026664895339192  
       6.289945082937479         1.026664895339192  
      0.4157745567834791         2.567876744950746  
       2.294280360279042         2.567876744950746  
       6.289945082937479         2.567876744950746  
      0.4157745567834791         4.900353084526484  
       2.294280360279042         4.900353084526484  
       6.289945082937479         4.900353084526484  
      0.4157745567834791         8.182153444562861  
       2.294280360279042         8.182153444562861  
       6.289945082937479         8.182153444562861  
      0.4157745567834791         12.73418029179781  
       2.294280360279042         12.73418029179781  
       6.289945082937479         12.73418029179781  
      0.4157745567834791         19.39572786226254  
       2.294280360279042         19.39572786226254  
       6.289945082937479         19.39572786226254  
                       1        0.0933078120172818  
                       1        0.4926917403018839  
                       1          1.21559541207095  
                       1         2.269949526203743  
                       1         3.667622721751437  
                       1         5.425336627413553  
                       1         7.565916226613068  
                       1         10.12022856801911  
                       1         13.13028248217572  
                       1         16.65440770832996  
                       1         20.77647889944877  
                       1         25.62389422672878  
                       1         31.40751916975394  
                       1         38.53068330648601  
                       1         48.02608557268579  
