           0           0
          -1  1.22465e-16
    -0.92388    0.382683
   -0.707107    0.707107
   -0.382683     0.92388
  6.12323e-17           1
    0.382683     0.92388
    0.707107    0.707107
     0.92388    0.382683
           1           0
          -2  2.44929e-16
    -1.84776    0.765367
    -1.41421     1.41421
   -0.765367     1.84776
  1.22465e-16           2
    0.765367     1.84776
     1.41421     1.41421
     1.84776    0.765367
           2           0
          -3  3.67394e-16
    -2.77164     1.14805
    -2.12132     2.12132
    -1.14805     2.77164
  1.83697e-16           3
     1.14805     2.77164
     2.12132     2.12132
     2.77164     1.14805
           3           0
          -4  4.89859e-16
    -3.69552     1.53073
    -2.82843     2.82843
    -1.53073     3.69552
  2.44929e-16           4
     1.53073     3.69552
     2.82843     2.82843
     3.69552     1.53073
           4           0
