#  cvt_07_00100.latin.txt
#  created by LATINIZE.CC
#  at 03 May 2005 09:36:22 AM
#
#  Spatial dimension M = 7
#  Number of points N =  100
#  EPSILON (unit roundoff) = 2.22045e-16
#
#  This data was created by the C++ TABLE_LATINIZE program.
#  The data was read from cvt_07_00100.txt by DTABLE_DATA_READ.CC
#  The data was latinized by DTABLE_LATINIZE.CC.
#  The data was written to cvt_07_00100.latin.txt by DTABLE_DATA_WRITE.CC.
#
     0.325       0.635       0.705       0.725       0.405       0.135       0.055  
     0.405       0.185       0.525       0.005       0.695       0.315       0.395  
     0.875       0.155       0.945       0.535       0.275       0.045       0.835  
     0.675       0.335       0.315       0.065       0.665       0.325       0.365  
     0.655       0.055       0.725       0.635       0.545       0.885       0.895  
     0.805       0.195       0.825       0.585       0.225       0.905       0.025  
     0.605       0.355       0.365       0.995       0.365       0.415       0.685  
     0.785       0.225       0.565       0.105       0.555       0.625       0.125  
     0.525       0.925       0.985       0.395       0.905       0.945       0.145  
     0.795       0.115       0.965       0.485       0.825       0.145       0.205  
     0.015       0.285       0.225       0.515       0.045       0.205       0.845  
     0.855       0.735       0.475       0.955       0.745       0.455       0.725  
     0.865       0.565       0.235       0.155       0.575       0.195       0.645  
     0.965       0.165       0.275       0.565       0.775       0.815       0.245  
     0.725       0.295       0.545       0.965       0.135       0.555       0.585  
     0.095       0.465       0.095       0.435       0.945       0.915       0.905  
     0.265       0.135       0.105       0.885       0.495       0.665       0.775  
     0.515       0.875       0.265       0.415       0.975       0.935       0.855  
     0.955       0.745       0.195       0.865       0.455       0.795       0.545  
     0.415       0.275       0.215       0.085       0.595       0.265       0.665  
     0.475       0.595       0.035       0.145       0.725       0.225       0.265  
     0.125       0.525       0.065       0.235       0.095       0.865       0.195  
     0.915       0.215       0.135       0.545       0.855       0.245       0.815  
     0.565       0.415       0.845       0.925       0.755       0.065       0.695  
     0.895       0.545       0.715       0.165       0.055       0.775       0.455  
     0.975       0.845       0.605       0.785       0.425       0.535       0.135  
     0.075       0.935       0.485       0.255       0.915       0.465       0.865  
     0.465       0.825       0.755       0.345       0.025       0.785       0.875  
     0.455       0.245       0.555       0.125       0.295       0.155       0.795  
     0.065       0.985       0.115       0.315       0.505       0.875       0.595  
     0.705       0.425       0.805       0.335       0.995       0.675       0.715  
     0.575       0.375       0.745       0.945       0.335       0.285       0.255  
     0.685       0.505       0.495       0.305       0.115       0.495       0.945  
     0.055       0.445       0.915       0.455       0.145       0.025       0.175  
     0.765       0.085       0.025       0.555       0.255       0.995       0.805  
     0.045       0.855       0.975       0.245       0.485       0.015       0.495  
     0.845       0.175       0.145       0.525       0.205       0.175       0.095  
     0.545       0.405       0.785       0.905       0.795       0.685       0.225  
     0.005       0.315       0.675       0.355       0.265       0.635       0.625  
     0.905       0.835       0.595       0.735       0.965       0.565       0.525  
     0.135       0.235       0.085       0.505       0.815       0.095       0.215  
     0.425       0.015       0.295       0.095       0.615       0.605       0.295  
     0.025       0.455       0.895       0.465       0.885       0.105       0.925  
     0.615       0.765       0.425       0.855       0.285       0.425       0.155  
     0.885       0.605       0.635       0.265       0.105       0.375       0.785  
     0.185       0.625       0.125       0.835       0.215       0.085       0.485  
     0.225       0.365       0.775       0.805       0.685       0.335       0.285  
     0.745       0.665       0.355       0.205       0.155       0.655       0.755  
     0.775       0.485       0.335       0.975       0.325       0.715       0.275  
     0.145       0.895       0.955       0.365       0.705       0.405       0.335  
     0.435       0.095       0.055       0.195       0.245       0.645       0.655  
     0.825       0.255       0.615       0.045       0.355       0.395       0.435  
     0.215       0.715       0.405       0.815       0.645       0.435       0.115  
     0.535       0.905       0.905       0.445       0.895       0.235       0.915  
     0.665       0.305       0.005       0.225       0.385       0.005       0.615  
     0.755       0.205       0.535       0.015       0.565       0.035       0.675  
     0.445       0.555       0.165       0.285       0.065       0.275       0.885  
     0.625       0.685       0.855       0.775       0.655       0.365       0.325  
     0.155       0.975       0.655       0.275       0.465       0.515       0.015  
     0.315       0.725       0.685       0.645       0.075       0.475       0.995  
     0.945       0.755       0.795       0.875       0.435       0.115       0.505  
     0.365       0.655       0.015       0.625       0.605       0.165       0.975  
     0.835       0.125       0.185       0.055       0.585       0.575       0.635  
     0.815       0.805       0.045       0.575       0.765       0.055       0.235  
     0.165       0.795       0.645       0.295       0.955       0.585       0.515  
     0.175       0.395       0.385       0.845       0.805       0.765       0.375  
     0.645       0.785       0.875       0.615       0.125       0.855       0.935  
     0.375       0.035       0.625       0.115       0.625       0.705       0.735  
     0.285       0.645       0.455       0.655       0.005       0.735       0.965  
     0.555       0.435       0.175       0.915       0.845       0.755       0.745  
     0.595       0.995       0.255       0.475       0.195       0.895       0.105  
     0.245       0.775       0.765       0.665       0.015       0.975       0.465  
     0.345       0.615       0.865       0.695       0.925       0.125       0.555  
     0.635       0.345       0.395       0.985       0.635       0.385       0.385  
     0.275       0.005       0.325       0.605       0.035       0.825       0.355  
     0.995       0.945       0.695       0.215       0.525       0.725       0.765  
     0.355       0.675       0.155       0.715       0.935       0.845       0.575  
     0.115       0.955       0.465       0.385       0.175       0.345       0.035  
     0.385       0.885       0.075       0.745       0.445       0.615       0.045  
     0.195       0.065       0.885       0.795       0.475       0.505       0.065  
     0.395       0.075       0.305       0.075       0.375       0.355       0.425  
     0.985       0.585       0.515       0.025       0.715       0.305       0.315  
     0.085       0.025       0.575       0.755       0.985       0.545       0.565  
     0.935       0.575       0.245       0.135       0.395       0.295       0.445  
     0.235       0.385       0.435       0.895       0.345       0.255       0.185  
     0.715       0.265       0.345       0.185       0.315       0.695       0.415  
     0.335       0.695       0.665       0.685       0.875       0.595       0.075  
     0.495       0.515       0.505       0.495       0.515       0.485       0.475  
     0.105       0.965       0.415       0.375       0.835       0.925       0.405  
     0.035       0.475       0.935       0.425       0.865       0.965       0.085  
     0.485       0.045       0.585       0.175       0.235       0.745       0.165  
     0.585       0.815       0.375       0.765       0.735       0.805       0.345  
     0.205       0.105       0.735       0.825       0.415       0.075       0.535  
     0.925       0.535       0.285       0.035       0.675       0.525       0.305  
     0.305       0.495       0.815       0.705       0.185       0.955       0.825  
     0.255       0.145       0.445       0.935       0.785       0.445       0.705  
     0.505       0.915       0.925       0.405       0.165       0.185       0.005  
     0.695       0.865       0.205       0.595       0.085       0.215       0.955  
     0.735       0.325       0.995       0.325       0.305       0.985       0.605  
     0.295       0.705       0.835       0.675       0.535       0.835       0.985  
