14 December 2011 03:17:16 PM

ZIGGURAT_PRB
  C++ version:
  Test the ZIGGURAT library.

TEST01
  SHR3 returns pseudorandom uniformly distributed
  unsigned long integers.

       0     123456789     123456789

       1  32455710383945  32455710383945  32455833840734
       2  8476265401148024822  8476265401148024822  8476297856858408767
       3  1133174116487829959  1133174116487829959  9609439517635854781
       4  -7129030526897270515  11317713546812281101  12450887663300111060
       5  5628439210956937202  5628439210956937202  16946152757769218303
       6  -1985464207573937098  16461279866135614518  3642975003383000104
       7  -599364351531484237  17847379722178067379  15861915514604130281
       8  6008322229808206879  6008322229808206879  5408957878276722642
       9  6956901122378839992  6956901122378839992  12965223352187046871
      10  -8126649517259966889  10320094556449584727  17276995678828424719

       0     987654321     987654321

       1  259645685094901  259645685094901  259646672749222
       2  -5976854664569816989  12469889409139734627  12470149054824829528
       3  8907022235562266515  8907022235562266515  2930167570992449526
       4  -1368726590933917774  17078017482775633842  7538295644628348741
       5  6720098026552622857  6720098026552622857  5351371435618705083
       6  -1039624291162967963  17407119782546583653  5680473735389654894
       7  -6957275066524128659  11489469007185422957  10449844716022454994
       8  324564843263339641  324564843263339641  11814033850448762598
       9  -1268608156710171781  17178135916999379835  17502700760262719476
      10  4856630161134187100  4856630161134187100  3588022004424015319

       0     123456789     123456789

       1  32455710383945  32455710383945  32455833840734
       2  8476265401148024822  8476265401148024822  8476297856858408767
       3  1133174116487829959  1133174116487829959  9609439517635854781
       4  -7129030526897270515  11317713546812281101  12450887663300111060
       5  5628439210956937202  5628439210956937202  16946152757769218303
       6  -1985464207573937098  16461279866135614518  3642975003383000104
       7  -599364351531484237  17847379722178067379  15861915514604130281
       8  6008322229808206879  6008322229808206879  5408957878276722642
       9  6956901122378839992  6956901122378839992  12965223352187046871
      10  -8126649517259966889  10320094556449584727  17276995678828424719

TEST02
  R4_UNI returns pseudorandom uniformly distributed
  floats between 0 and 1.

       0     123456789     123456789

       1  32455710383945  32455710383945        0.212891
       2  8476265401148024822  8476265401148024822             0.5
       3  1133174116487829959  1133174116487829959             0.5
       4  -7129030526897270515  11317713546812281101             0.5
       5  5628439210956937202  5628439210956937202             0.5
       6  -1985464207573937098  16461279866135614518             0.5
       7  -599364351531484237  17847379722178067379             0.5
       8  6008322229808206879  6008322229808206879             0.5
       9  6956901122378839992  6956901122378839992             0.5
      10  -8126649517259966889  10320094556449584727             0.5

       0     987654321     987654321

       1  259645685094901  259645685094901        0.203125
       2  -5976854664569816989  12469889409139734627             0.5
       3  8907022235562266515  8907022235562266515             0.5
       4  -1368726590933917774  17078017482775633842             0.5
       5  6720098026552622857  6720098026552622857             0.5
       6  -1039624291162967963  17407119782546583653             0.5
       7  -6957275066524128659  11489469007185422957             0.5
       8  324564843263339641  324564843263339641             0.5
       9  -1268608156710171781  17178135916999379835             0.5
      10  4856630161134187100  4856630161134187100             0.5

       0     123456789     123456789

       1  32455710383945  32455710383945        0.212891
       2  8476265401148024822  8476265401148024822             0.5
       3  1133174116487829959  1133174116487829959             0.5
       4  -7129030526897270515  11317713546812281101             0.5
       5  5628439210956937202  5628439210956937202             0.5
       6  -1985464207573937098  16461279866135614518             0.5
       7  -599364351531484237  17847379722178067379             0.5
       8  6008322229808206879  6008322229808206879             0.5
       9  6956901122378839992  6956901122378839992             0.5
      10  -8126649517259966889  10320094556449584727             0.5

TEST03
  R4_NOR returns pseudorandom normally distributed
  real numbers between 0 and 1.

       0     123456789     123456789

       1  32455710383945  32455710383945        -1.14235
       2  8476265401148024822  8476265401148024822        -0.56447
       3  1133174116487829959  1133174116487829959        0.131595
       4  -7129030526897270515  11317713546812281101        -1.06275
       5  5628439210956937202  5628439210956937202        0.331903
       6  -1985464207573937098  16461279866135614518       -0.356004
       7  -599364351531484237  17847379722178067379       -0.669602
       8  6008322229808206879  6008322229808206879         1.05913
       9  6956901122378839992  6956901122378839992        0.769482
      10  -8126649517259966889  10320094556449584727        0.489624

       0     987654321     987654321

       1  259645685094901  259645685094901       -0.703179
       2  -5976854664569816989  12469889409139734627       -0.397505
       3  8907022235562266515  8907022235562266515        -2.25657
       4  -1368726590933917774  17078017482775633842      -0.0256899
       5  6720098026552622857  6720098026552622857       -0.627141
       6  -1039624291162967963  17407119782546583653        0.325739
       7  -6957275066524128659  11489469007185422957         1.12593
       8  324564843263339641  324564843263339641        -1.93589
       9  -1268608156710171781  17178135916999379835        -1.55321
      10  4856630161134187100  4856630161134187100        -0.99304

       0     123456789     123456789

       1  32455710383945  32455710383945        -1.14235
       2  8476265401148024822  8476265401148024822        -0.56447
       3  1133174116487829959  1133174116487829959        0.131595
       4  -7129030526897270515  11317713546812281101        -1.06275
       5  5628439210956937202  5628439210956937202        0.331903
       6  -1985464207573937098  16461279866135614518       -0.356004
       7  -599364351531484237  17847379722178067379       -0.669602
       8  6008322229808206879  6008322229808206879         1.05913
       9  6956901122378839992  6956901122378839992        0.769482
      10  -8126649517259966889  10320094556449584727        0.489624

TEST04
  R4_EXP returns pseudorandom exponentially distributed
  real numbers between 0 and 1.

       0     123456789     123456789

       1  32455710383945  32455710383945        0.731757
       2  8476265401148024822  8476265401148024822        0.348904
       3  1133174116487829959  1133174116487829959        0.231511
       4  -7129030526897270515  11317713546812281101         1.86394
       5  5628439210956937202  5628439210956937202        0.742078
       6  -1985464207573937098  16461279866135614518         0.20281
       7  -599364351531484237  17847379722178067379          1.2199
       8  6008322229808206879  6008322229808206879         1.85487
       9  6956901122378839992  6956901122378839992          1.3534
      10  -8126649517259966889  10320094556449584727         0.22803

       0     987654321     987654321

       1  259645685094901  259645685094901         1.31539
       2  -5976854664569816989  12469889409139734627        0.254676
       3  8907022235562266515  8907022235562266515         4.36824
       4  -1368726590933917774  17078017482775633842       0.0160923
       5  6720098026552622857  6720098026552622857          1.1061
       6  -1039624291162967963  17407119782546583653        0.202616
       7  -6957275066524128659  11489469007185422957         1.97186
       8  324564843263339641  324564843263339641         3.49701
       9  -1268608156710171781  17178135916999379835         2.96702
      10  4856630161134187100  4856630161134187100         1.74661

       0     123456789     123456789

       1  32455710383945  32455710383945        0.731757
       2  8476265401148024822  8476265401148024822        0.348904
       3  1133174116487829959  1133174116487829959        0.231511
       4  -7129030526897270515  11317713546812281101         1.86394
       5  5628439210956937202  5628439210956937202        0.742078
       6  -1985464207573937098  16461279866135614518         0.20281
       7  -599364351531484237  17847379722178067379          1.2199
       8  6008322229808206879  6008322229808206879         1.85487
       9  6956901122378839992  6956901122378839992          1.3534
      10  -8126649517259966889  10320094556449584727         0.22803

TEST05
  Measure the time it takes SHR3 to generate
  1000000 unsigned long int values.

  0.011045 seconds.

TEST06
  Measure the time it takes R4_UNI to generate
  1000000 uniformly random float values.

  0.030547 seconds.

TEST07
  Measure the time it takes R8_NOR to generate
  1000000 normal random float values.

  0.026115 seconds.

TEST08
  Measure the time it takes R4_EXP to generate
  1000000 exponential random float values.

  0.02643 seconds.

ZIGGURAT_PRB
  Normal end of execution.

14 December 2011 03:17:16 PM
