           1  -4.55563e-10  -7.53355e-10  -5.32782e-10
           1           8  -1.12018e-09  -7.91943e-10
           1          16  -1.27205e-09  -8.99274e-10
           1  -6.83344e-10          12  -7.99173e-10
           1           8          12  -9.13266e-10
           1          16          12  -9.8653e-10
           1  -7.80069e-10          24  -9.12293e-10
           1           8          24  -9.87718e-10
           1          16          24  -1.04437e-09
           1  -7.70057e-10  -1.2746e-09          16
           1           8  -1.39002e-09          16
           1          16  -1.4763e-09          16
           1  -8.72802e-10          12          16
           1           8          12          16
           1          16          12          16
           1  -9.3248e-10          24          16
           1           8          24          16
           1          16          24          16
           1  -8.83809e-10  -1.46305e-09          32
           1           8  -1.53861e-09          32
           1          16  -1.60061e-09          32
           1  -9.67784e-10          12          32
           1           8          12          32
           1          16          12          32
           1  -1.01596e-09          24          32
           1           8          24          32
           1          16          24          32
