           1  -2.44481e-09  -1.65848e-09  -2.66167e-09
           1           4  -2.49643e-09  -4.00592e-09
           1           8  -2.83653e-09  -4.5514e-09
           1          12  -3.06385e-09  -4.91602e-09
           1          16  -3.23838e-09  -5.19597e-09
           1  -3.66721e-09           6  -3.9925e-09
           1           4           6  -4.59573e-09
           1           8           6  -4.97311e-09
           1          12           6  -5.25714e-09
           1          16           6  -5.48856e-09
           1  -4.18192e-09          12  -4.55269e-09
           1           4          12  -4.96433e-09
           1           8          12  -5.2627e-09
           1          12          12  -5.50069e-09
           1          16          12  -5.70076e-09
           1  -4.52442e-09          18  -4.92551e-09
           1           4          18  -5.24112e-09
           1           8          18  -5.49148e-09
           1          12          18  -5.69876e-09
           1          16          18  -5.87671e-09
           1  -4.78832e-09          24  -5.21281e-09
           1           4          24  -5.46692e-09
           1           8          24  -5.68393e-09
           1          12          24  -5.86863e-09
           1          16          24  -6.02893e-09
           1  -4.09509e-09  -2.77503e-09           8
           1           4  -3.0534e-09           8
           1           8  -3.2558e-09           8
           1          12  -3.41419e-09           8
           1          16  -3.5452e-09           8
           1  -4.63873e-09           6           8
           1           4           6           8
           1           8           6           8
           1          12           6           8
           1          16           6           8
           1  -4.96361e-09          12           8
           1           4          12           8
           1           8          12           8
           1          12          12           8
           1          16          12           8
           1  -5.20355e-09          18           8
           1           4          18           8
           1           8          18           8
           1          12          18           8
           1          16          18           8
           1  -5.39846e-09          24           8
           1           4          24           8
           1           8          24           8
           1          12          24           8
           1          16          24           8
           1  -4.70065e-09  -3.1849e-09          16
           1           4  -3.36646e-09          16
           1           8  -3.51431e-09          16
           1          12  -3.63872e-09          16
           1          16  -3.74632e-09          16
           1  -5.12852e-09           6          16
           1           4           6          16
           1           8           6          16
           1          12           6          16
           1          16           6          16
           1  -5.38877e-09          12          16
           1           4          12          16
           1           8          12          16
           1          12          12          16
           1          16          12          16
           1  -5.5877e-09          18          16
           1           4          18          16
           1           8          18          16
           1          12          18          16
           1          16          18          16
           1  -5.75243e-09          24          16
           1           4          24          16
           1           8          24          16
           1          12          24          16
           1          16          24          16
           1  -5.08795e-09  -3.44714e-09          24
           1           4  -3.5922e-09          24
           1           8  -3.71081e-09          24
           1          12  -3.8145e-09          24
           1          16  -3.90681e-09          24
           1  -5.47214e-09           6          24
           1           4           6          24
           1           8           6          24
           1          12           6          24
           1          16           6          24
           1  -5.69735e-09          12          24
           1           4          12          24
           1           8          12          24
           1          12          12          24
           1          16          12          24
           1  -5.87265e-09          18          24
           1           4          18          24
           1           8          18          24
           1          12          18          24
           1          16          18          24
           1  -6.01945e-09          24          24
           1           4          24          24
           1           8          24          24
           1          12          24          24
           1          16          24          24
           1  -5.37709e-09  -3.64297e-09          32
           1           4  -3.77119e-09          32
           1           8  -3.8717e-09          32
           1          12  -3.96126e-09          32
           1          16  -4.04301e-09          32
           1  -5.74185e-09           6          32
           1           4           6          32
           1           8           6          32
           1          12           6          32
           1          16           6          32
           1  -5.94442e-09          12          32
           1           4          12          32
           1           8          12          32
           1          12          12          32
           1          16          12          32
           1  -6.10367e-09          18          32
           1           4          18          32
           1           8          18          32
           1          12          18          32
           1          16          18          32
           1  -6.23894e-09          24          32
           1           4          24          32
           1           8          24          32
           1          12          24          32
           1          16          24          32
