19 January 2014 10:54:32 AM

CUBE_INTEGRALS_PRB
  C++ version
  Test the CUBE_INTEGRALS library.

TEST01
  Compare exact and estimated integrals
  over the interior of the unit cube in 3D.

  Number of sample points is 4192

  Ex  Ey  Ez     MC-Estimate           Exact      Error

   6   5   0       0.0225282       0.0238095      0.00128134
   1   4   5       0.0153349       0.0166667       0.0013318
   7   7   4      0.00233818        0.003125     0.000786823
   1   4   1       0.0476543            0.05      0.00234568
   6   4   0       0.0270378       0.0285714      0.00153364
   7   0   7       0.0145014        0.015625      0.00112365
   4   7   0       0.0240766           0.025     0.000923382
   1   0   7       0.0597218          0.0625      0.00277817
   3   4   0       0.0481349            0.05      0.00186513
   1   6   3       0.0164819       0.0178571      0.00137528
   2   3   3       0.0191385       0.0208333      0.00169488
   5   0   7       0.0193346       0.0208333      0.00149872
   1   0   2        0.161858        0.166667      0.00480894
   7   2   6      0.00497168      0.00595238       0.0009807
   6   5   1        0.010598       0.0119048      0.00130675
   7   7   4      0.00233818        0.003125     0.000786823
   1   7   6      0.00788249      0.00892857      0.00104609
   2   5   4      0.00983795       0.0111111      0.00127316
   0   7   0        0.123613           0.125      0.00138742
   1   6   4       0.0130247       0.0142857      0.00126099

CUBE_INTEGRALS_PRB
  Normal end of execution.

19 January 2014 10:54:32 AM
