                  1.168259                  4.878328
         1.692150666666667         4.710332222222223
                  1.617309         4.458338555555556
         1.542467333333333         4.206344888888889
                  1.392784         4.626334333333333
         1.317942333333334         4.374340666666667
         1.467625666666667         4.794330111111111
         1.766992333333333         4.290342777777777
                  1.841834         4.542336444444445
         1.243100666666667                  4.122347
