         1.054914474712481
        0.9811105083534474
        0.9529249812936426
        0.8809400837497872
        0.8164925937724967
        0.7835523247809836
        0.6936230674702044
        0.5309457106211601
         0.464420883704622
        0.4093167824197183
        0.3928474306878735
        0.3705355097116713
        0.3894109323364731
        0.3789995209528108
        0.3621721969101125
        0.3814490749054234
        0.3844530646626831
        0.3999787433880503
        0.4467872695091681
        0.4983701407984734
        0.5631193066606316
        0.7211489203119497
        0.7658625458373738
        0.8405394724622518
        0.8917191491727212
        0.9493214371863024
         1.000542768129484
         1.061131076935126
         1.109302342103206
         1.121767960102056
         1.125732537122318
         1.194450029369994
         1.254378090928548
         1.264628931727881
         1.356894145947052
          1.48532462275042
         1.673989882356064
         1.794657708499959
         1.879214796054612
         1.872001825281126
         1.746226161851515
         1.788765497222448
         1.858964271426244
          1.90764402515797
         2.037292437405129
          2.15466044318504
         2.178039562871998
         2.200662025385349
         2.221008198000624
         2.180961265764686
         2.103673021925315
         2.025421260229711
         1.893358748941723
         1.874940919949985
         1.926250286365862
         2.024446368706897
         2.047956436743887
         2.024731405628017
         2.026711154429955
         2.080522291997079
         2.129877231059552
          2.22893688651039
         2.213007437266766
         2.311974841561273
         2.477951413442756
         2.576794045126827
         2.744587654512929
         2.864488954893712
         3.023844968138042
         3.129051309239252
         3.065485298595088
         3.018302568654184
         2.948101400694612
         2.896091996982482
         2.954710318331133
          2.89456751184378
         2.710630060983926
         2.557631735580316
         2.394327607588077
         2.215210394070247
         2.056816936500295
         1.901835351568715
         1.825366620932204
         1.771239934713017
         1.580391292065271
         1.554114647507614
         1.548983200920959
         1.335667064310122
         1.232259839466353
         1.112845825739704
        0.5120929266864346
        0.5528287930928641
        0.5953419293672211
         0.619244219811901
        0.6212766011874269
         0.640878569558208
        0.6393467885955217
        0.5999433213071834
        0.5543132059320639
        0.5099479231407946
          0.49737794961793
        0.4334122556488664
        0.4853399882577353
        0.3985368012509677
        0.4543797794877353
        0.5088199359265055
        0.4182948831279504
        0.4937289952306899
        0.5340503813635322
        0.5617471209739539
        0.5973836509168835
        0.4216824319708933
        0.4555738861907391
        0.5138855691352759
        0.5757216200052158
        0.6281319249447014
        0.6590159491917329
        0.3780089280963278
        0.3847556607435464
        0.5705444641563695
        0.6174095651936414
        0.6598894216716283
        0.3721420391697701
        0.4149197034115783
        0.7099168534492131
        0.7257197027221057
        0.3746453279341717
        0.3977961169725632
         0.463950040055805
        0.5579921290023266
         0.692522615835269
        0.7548291801976202
          0.39803025191791
        0.4968360911997455
        0.6202464830994682
        0.7457565769916598
        0.7489612390826733
        0.7872505959998641
        0.3780778560172989
        0.4038907415743799
         0.435930538767956
        0.4405988951572368
        0.6687549274747411
        0.7964306534212854
        0.7915818632474172
        0.3839900208059763
        0.3967066390035893
        0.4357892589094087
        0.4892758710319099
        0.6276288493337251
        0.4142436667929766
        0.4580288009370049
        0.5645324800507509
        0.7163678757320943
        0.7674646022350758
        0.8019736558147913
        0.3817162153400636
        0.3852874478329449
        0.4081084088617992
        0.4174723932800347
        0.5053877561988697
        0.5516994916421559
        0.7268062970514454
        0.7760183555904249
        0.8086926984179779
        0.3668674091322982
        0.3730649256160166
        0.4172016342952372
        0.4538393853370528
         0.500231659352703
        0.5300996726585041
        0.5871834019086868
         0.616049293043449
        0.6919670161943506
        0.7855701580260938
        0.8360229753545071
         1.939844678555007
         2.017955768637673
         2.149420624867578
        0.3669002852297403
        0.3896089190192336
        0.4667557599950885
        0.4869314043547898
         0.530878482628336
        0.5745385799862737
        0.5535272271391668
        0.6215230034077351
        0.6213858692978531
        0.6749387642837922
        0.8247060334955794
        0.8586212602545535
         1.852100655994672
         1.875285126023873
         1.998040928170064
         1.980517745967563
         2.206529983136704
        0.3756475396802014
        0.3712337583985451
        0.3906017868597581
        0.4151173313594771
        0.4517744174665358
        0.4706492436836575
        0.6653540247555793
        0.7694894436578491
        0.8502154614538877
           1.8764506892254
         1.930444112545323
         2.075469218212041
         2.120294799979855
         2.289689127896096
         2.275976245131186
         2.339070560571089
         2.449440030475785
        0.4059830321181911
        0.4091165220385557
        0.5034429670269291
        0.6455394219413804
        0.7502403433166396
         0.890028031385003
        0.9036802218923917
         1.788921386377445
         1.806735876912678
         1.958326789466943
         1.942880327259303
         2.040227811384182
         2.143864726050968
         2.190634835729334
         2.501207581678135
        0.3824576682129223
        0.4076497853722611
        0.4854860660594243
         0.531145108336484
        0.6270339351990413
        0.6880584531433724
        0.7223208189297999
        0.8403818521318611
        0.8272240645510718
        0.9294055682844561
         1.723862183958576
         1.748144619308218
          1.83420183426416
         1.862143293808572
         2.052037150352545
         2.240551465516081
         2.300298996291633
         2.382881577389686
         2.477857647776321
         2.605997922302556
        0.3940206538201407
        0.3890718754949428
        0.4232894099095879
        0.4104997164059844
        0.4463545123232547
        0.4949489003685378
        0.5273042034779192
        0.5694138145169558
        0.6339714775120766
        0.6624866851280821
        0.8871238225159483
        0.9234039079822164
         0.961496600670696
           1.6719098898845
         1.697988926719819
         1.764151006674922
         1.814578788747136
         2.000916021092512
         2.193352723608748
         2.260883113761348
         2.365878246022019
         2.418736140932651
         2.388956809372071
         2.563199764280535
        0.4253849942529804
        0.4503076110538123
        0.5669241538484959
        0.5834960055653473
        0.6191550851263107
        0.6564264601357999
        0.6770975213299474
        0.7071644749479329
        0.7232167185687217
        0.9427441059197346
        0.9701625361586502
         1.624716854064858
         1.648702086550759
         1.719438889096028
         1.800064798564051
         1.918331974794537
          2.12733801252072
         2.157099604002807
         2.472958957877219
         2.543335482150673
          2.65630177390359
         2.770829793574243
        0.4232308692386493
        0.4507067735377185
        0.4706110971209757
        0.5779257565020047
        0.5335853811655268
        0.6041729359496159
        0.6399462817861234
        0.6725493462830274
        0.7827283202247252
        0.9205213041421918
        0.9690087188842438
         1.602253945829386
         1.649591674341433
         1.684089023859515
         1.756371546071476
          1.89775409046282
         1.973339582409784
         2.104702284390972
         2.180953832404287
         2.509501959815406
         2.634197099440471
          0.47243116051816
        0.4757073521800247
        0.5111933403716062
        0.5156784240806543
         0.516707791858699
        0.6188299221830007
         0.667615746347393
         0.783064261625284
         1.571314552679084
         1.622284970037816
         1.909776494819317
         1.983971126016743
         2.220432660035037
         2.706209982829502
         2.833088332043624
         2.913092996573202
        0.5480860425899238
        0.5698535109493299
        0.6688145784945271
        0.6164664835434269
        0.7046503565046277
        0.8418177813400771
        0.8921737008269752
        0.8912102980570175
         1.004556232831235
          1.56287522933377
          1.67214997017639
         1.710095770785046
         1.987904975987262
         2.039526629296279
         2.541683274641781
         2.598576940353658
         2.627041545088892
         2.803186692648492
         2.933793990255418
        0.5320834389405629
        0.5875199864600795
        0.5853361905588129
        0.6242868921586068
        0.7378967348312476
        0.9180396579591715
        0.9644156119281897
        0.9802707562740238
         1.009047165099032
          1.03529805816475
         1.027477761810007
         1.551423257661417
         1.601987401158937
         1.805511025253445
          1.85693623797868
         1.955233371457345
         2.630733442650342
         2.704810226585503
         2.731037157855698
         2.821538447513753
         2.856546807967097
        0.6148457990600685
         0.641639982498906
        0.7263240829383953
        0.7070210194433695
        0.7542047272213396
        0.7642355774917469
         1.055791751687482
         1.080330545368856
         1.150829973089975
         1.596787389596187
         1.604924670333157
         1.765397589048183
         1.910221121890109
         1.998055646848504
         2.030722246837227
         2.773358419473211
          2.86913941598216
         2.921121533178557
        0.6646409741710896
        0.7030228724163992
        0.7616009697699099
        0.8117730713875142
        0.8057945176630196
        0.8799170703141761
         1.116732885067132
         1.114001902784178
         1.166192864959747
         1.191897268323013
         1.489298217188416
         1.541150507110424
         1.549811128782165
         1.670035195385586
         1.899743296435516
         1.869775045923861
         1.948722908308932
         1.974808919967709
         2.687306227097621
         2.839325853925276
         2.949102885931869
         0.667077376014565
        0.6952925224408144
        0.7349137357655456
        0.7496515934892978
        0.7904228548083554
        0.8000821868005594
        0.8210049787007658
        0.8579426070864203
         1.016720578585927
          1.20062432137481
         1.226726907775211
          1.28394859929883
         1.268561482773282
         1.302046695828162
         1.368513421548079
         1.403263665080279
         1.454487751153418
         1.618386703359713
         1.785360823915958
         1.831497144712724
         2.785125418447842
         2.958083831243662
        0.8656093149648099
        0.9132471745001792
        0.9367516608562081
          1.28988950811264
         1.335465667531346
         1.371359019746228
         1.453192223181772
         1.523978881335354
         1.725620281050439
         1.831593798759515
         1.860154760131438
          3.03399594376911
        0.9592073254469449
         1.001298402206323
         1.003816841882112
         1.146936313888828
          1.38511825217024
         1.420769971299157
         1.602808881657975
         1.923855241572248
         2.841041225611934
         2.946847014779863
         3.049913898350368
         1.029749367149609
         1.047272623487964
         1.081928435458217
         1.260741028679484
         1.497684931080792
         1.614270229475628
         1.895509180472915
         1.959610832683732
         2.918470983694283
         3.017459946473774
         1.083776482629502
         1.117851513667935
         1.124781171640126
         1.188722779559754
         1.197967181882382
         1.373184503148317
         1.433160842250978
         1.537856291054293
         1.991931182971427
         3.084686179870046
         1.309630458993206
         1.701710865586393
          1.83198375740256
         1.944095328677676
         2.050631346031643
         2.972069070828568
         3.074137176597812
         3.106703966331022
          1.11479888908532
         1.170771150514899
         1.269590149677182
         1.516486827808968
         1.908531598263752
         1.999835093406981
         1.164740911040101
         1.683801740858182
         1.938478968621691
         2.016686161113951
         2.077449816154816
         1.144237394908415
         1.488197440740014
         1.793215736506886
         2.027019011121431
         2.067968848714641
         1.195406962227847
         1.253671768168823
          2.01164287464595
         2.116887071730409
         1.157629883036938
         1.203418787257781
         1.885414074105974
         2.089979075105249
         2.131353339906695
         1.822054995146348
         1.718237448269105
         1.876939824996725
         2.101779756082056
         2.148480852819626
         1.233111459105795
          1.21500863487353
         1.244740345606116
         1.276008996229818
         1.366573735470747
         1.648675587960586
         2.021086840831187
         2.107357590152403
         2.165471463378815
         1.284337378180983
         1.282746216387727
         1.328086770304995
         1.413677232986046
         1.922157330322184
         2.035708338167291
         2.131643211097353
         2.136010246699414
         2.193341319705708
         1.259806625340773
         1.333722400639784
          1.42850234734038
         1.728433513096953
         2.130252232477724
         2.207705428757027
         1.299260530104442
         1.318193438819361
         1.414479571501524
         1.580175187462999
         2.050422933267809
         2.154622131582387
         2.214620721088171
         1.345486085393042
         1.394107443873044
         1.993877480195247
         2.207835319672563
         1.399966666597108
          1.40617912091565
         1.532488510380502
          1.70075112186288
         1.811548707590244
         1.942771519849499
         2.111060073938719
         2.203759617431287
         1.440197835375105
         1.469690299817087
          1.47615351351808
         1.583622788284283
         1.802153751526205
         1.917681282994302
         2.192354293136942
         2.145460128447768
         1.693891445984837
         1.853857502059622
         2.028867111426304
         2.109946075001209
         1.526288026476444
         1.551597644387294
         1.627387013563526
         1.646147066179595
         1.811598728789267
         1.878317280549705
         1.935719959545961
         2.055641385193157
         2.152787052990922
         2.184811562479441
          1.51653574584176
         1.567252793867432
         1.711885427398024
         1.728806831183512
         1.764658626055096
          1.83510450407036
          1.78090193366307
         1.875242163374905
         1.990170391485254
         1.992079365651831
         2.074775710139847
         2.113443634651008
         2.094517168272561
          2.16197381709629
         1.559842949719624
         1.595687091970387
         1.664065863057901
         1.698692857395352
          1.77000528622184
         1.812177606217918
          1.59777437282649
         1.616778028789599
          1.66415660691196
         1.726589220800784
         1.738368371129668
         1.765404261771131
         1.630180718985696
         1.680866619924525
         1.774207791098655
         1.790208253198913
         1.714088445782094
         1.683458159236319
         1.761135600378799
         1.835002960770184
         1.810593108059627
         1.755022221134602
         1.747309962170876
         1.808518100590029
         1.834342883217026
         1.830675957504871
         1.821551713926502
         1.875984133542579
         1.873590144028649
