           0           0          -1
         0.5           0   -0.866025
        0.25    0.433013   -0.866025
       -0.25    0.433013   -0.866025
        -0.5  6.12323e-17   -0.866025
       -0.25   -0.433013   -0.866025
        0.25   -0.433013   -0.866025
    0.866025           0        -0.5
    0.433013        0.75        -0.5
   -0.433013        0.75        -0.5
   -0.866025  1.06058e-16        -0.5
   -0.433013       -0.75        -0.5
    0.433013       -0.75        -0.5
           1           0  6.12323e-17
         0.5    0.866025  6.12323e-17
        -0.5    0.866025  6.12323e-17
          -1  1.22465e-16  6.12323e-17
        -0.5   -0.866025  6.12323e-17
         0.5   -0.866025  6.12323e-17
    0.866025           0         0.5
    0.433013        0.75         0.5
   -0.433013        0.75         0.5
   -0.866025  1.06058e-16         0.5
   -0.433013       -0.75         0.5
    0.433013       -0.75         0.5
         0.5           0    0.866025
        0.25    0.433013    0.866025
       -0.25    0.433013    0.866025
        -0.5  6.12323e-17    0.866025
       -0.25   -0.433013    0.866025
        0.25   -0.433013    0.866025
           0           0           1
