           0           0          -1
    0.382683           0    -0.92388
    0.270598    0.270598    -0.92388
  2.34326e-17    0.382683    -0.92388
   -0.270598    0.270598    -0.92388
   -0.382683  4.68652e-17    -0.92388
   -0.270598   -0.270598    -0.92388
  -7.02978e-17   -0.382683    -0.92388
    0.270598   -0.270598    -0.92388
    0.707107           0   -0.707107
         0.5         0.5   -0.707107
  4.32978e-17    0.707107   -0.707107
        -0.5         0.5   -0.707107
   -0.707107  8.65956e-17   -0.707107
        -0.5        -0.5   -0.707107
  -1.29893e-16   -0.707107   -0.707107
         0.5        -0.5   -0.707107
     0.92388           0   -0.382683
    0.653281    0.653281   -0.382683
  5.65713e-17     0.92388   -0.382683
   -0.653281    0.653281   -0.382683
    -0.92388  1.13143e-16   -0.382683
   -0.653281   -0.653281   -0.382683
  -1.69714e-16    -0.92388   -0.382683
    0.653281   -0.653281   -0.382683
           1           0  6.12323e-17
    0.707107    0.707107  6.12323e-17
  6.12323e-17           1  6.12323e-17
   -0.707107    0.707107  6.12323e-17
          -1  1.22465e-16  6.12323e-17
   -0.707107   -0.707107  6.12323e-17
  -1.83697e-16          -1  6.12323e-17
    0.707107   -0.707107  6.12323e-17
     0.92388           0    0.382683
    0.653281    0.653281    0.382683
  5.65713e-17     0.92388    0.382683
   -0.653281    0.653281    0.382683
    -0.92388  1.13143e-16    0.382683
   -0.653281   -0.653281    0.382683
  -1.69714e-16    -0.92388    0.382683
    0.653281   -0.653281    0.382683
    0.707107           0    0.707107
         0.5         0.5    0.707107
  4.32978e-17    0.707107    0.707107
        -0.5         0.5    0.707107
   -0.707107  8.65956e-17    0.707107
        -0.5        -0.5    0.707107
  -1.29893e-16   -0.707107    0.707107
         0.5        -0.5    0.707107
    0.382683           0     0.92388
    0.270598    0.270598     0.92388
  2.34326e-17    0.382683     0.92388
   -0.270598    0.270598     0.92388
   -0.382683  4.68652e-17     0.92388
   -0.270598   -0.270598     0.92388
  -7.02978e-17   -0.382683     0.92388
    0.270598   -0.270598     0.92388
           0           0           1
