           0           0          -1
    0.382683           0    -0.92388
    0.191342    0.331414    -0.92388
   -0.191342    0.331414    -0.92388
   -0.382683  4.68652e-17    -0.92388
   -0.191342   -0.331414    -0.92388
    0.191342   -0.331414    -0.92388
    0.707107           0   -0.707107
    0.353553    0.612372   -0.707107
   -0.353553    0.612372   -0.707107
   -0.707107  8.65956e-17   -0.707107
   -0.353553   -0.612372   -0.707107
    0.353553   -0.612372   -0.707107
     0.92388           0   -0.382683
     0.46194    0.800103   -0.382683
    -0.46194    0.800103   -0.382683
    -0.92388  1.13143e-16   -0.382683
    -0.46194   -0.800103   -0.382683
     0.46194   -0.800103   -0.382683
           1           0  6.12323e-17
         0.5    0.866025  6.12323e-17
        -0.5    0.866025  6.12323e-17
          -1  1.22465e-16  6.12323e-17
        -0.5   -0.866025  6.12323e-17
         0.5   -0.866025  6.12323e-17
     0.92388           0    0.382683
     0.46194    0.800103    0.382683
    -0.46194    0.800103    0.382683
    -0.92388  1.13143e-16    0.382683
    -0.46194   -0.800103    0.382683
     0.46194   -0.800103    0.382683
    0.707107           0    0.707107
    0.353553    0.612372    0.707107
   -0.353553    0.612372    0.707107
   -0.707107  8.65956e-17    0.707107
   -0.353553   -0.612372    0.707107
    0.353553   -0.612372    0.707107
    0.382683           0     0.92388
    0.191342    0.331414     0.92388
   -0.191342    0.331414     0.92388
   -0.382683  4.68652e-17     0.92388
   -0.191342   -0.331414     0.92388
    0.191342   -0.331414     0.92388
           0           0           1
