#  twenty_order4_nodes.l2q.txt
#  created by TET_MESH_L2Q.F90
#  at July 17 2006  12:04:53.097 PM
#
#  Spatial dimension M =   3
#  Number of points N =    118
#  EPSILON (unit roundoff) =   0.222045E-15
#
#
#  The initial nodes come from a linear mesh.
#  The new quadratic nodes follow.
#
 -0.432565      0.294411      -1.60409    
  -1.66558      -1.33618      0.257304    
  0.125332      0.714325      -1.05647    
  0.287676       1.62356       1.41514    
  -1.14647     -0.691776     -0.805090    
   1.19091      0.857997      0.528743    
   1.18916       1.25400      0.219321    
 -0.376330E-01  -1.59373     -0.921902    
  0.327292      -1.44096      -2.17067    
  0.174639      0.571148     -0.591880E-01
 -0.186709     -0.399886      -1.01063    
  0.725791      0.689997      0.614463    
 -0.588317      0.815622      0.507741    
   2.18319      0.711908       1.69243    
 -0.136396       1.29025      0.591283    
  0.113931      0.668601     -0.643595    
   1.06677       1.19084      0.380337    
  0.592810E-01  -1.20246      -1.00912    
 -0.956480E-01 -0.197900E-01 -0.195110E-01
 -0.832349     -0.156717     -0.482210E-01
 -0.153616      0.504368      -1.33028    
 -0.789518     -0.198682      -1.20459    
 -0.526365E-01 -0.573276      -1.88738    
 -0.309637     -0.527375E-01  -1.30736    
 -0.510441      0.555017     -0.548172    
 -0.284480      0.792330     -0.506401    
 -0.159317      0.481506      -1.12384    
 -0.632457      0.688470E-01 -0.826153    
 -0.688954      0.143690      0.836222    
  -1.40603      -1.01398     -0.273893    
 -0.851608      -1.46496     -0.332299    
 -0.669146      -1.38857     -0.956685    
 -0.469896     -0.323093      0.435883    
  -1.12695     -0.260280      0.382522    
  0.258801     -0.312137      0.974867    
 -0.880616     -0.677986      0.118896    
  -1.24897     -0.746449      0.104541    
  0.206504       1.16894      0.179334    
  0.658123      0.786161     -0.263865    
  0.657248      0.984163     -0.418576    
  0.226312     -0.363319      -1.61357    
 -0.306885E-01  0.157219      -1.03355    
 -0.231492      0.764973     -0.274366    
 -0.553200E-02   1.00229     -0.232595    
  0.119632      0.691463     -0.850034    
  0.923065E-01 -0.244066      -1.03279    
  0.739295       1.24078      0.971942    
  0.738420       1.43878      0.817231    
  0.506733       1.15678       1.01480    
 -0.150320       1.21959      0.961441    
   1.23543       1.16773       1.55379    
  0.756400E-01   1.45691       1.00321    
  0.677222       1.40720      0.897739    
 -0.592052      -1.14275     -0.863496    
 -0.409589      -1.06637      -1.48788    
 -0.666590     -0.545831     -0.907862    
 -0.867394      0.619230E-01 -0.148674    
 -0.543595     -0.947117     -0.907103    
 -0.989410     -0.424246     -0.426655    
   1.19004       1.05600      0.374032    
  0.576641     -0.367867     -0.196580    
  0.759103     -0.291483     -0.820966    
  0.682777      0.714573      0.234777    
  0.958353      0.773997      0.571603    
   1.68705      0.784952       1.11059    
  0.652423      0.763299     -0.574260E-01
   1.12884       1.02442      0.454540    
  0.625098     -0.172230     -0.240186    
  0.547633      0.419104      0.254616    
  0.758228     -0.934815E-01 -0.975677    
  0.681902      0.912574      0.800665E-01
   1.68617      0.982954      0.955876    
  0.526384       1.27213      0.405302    
  0.651548      0.961301     -0.212137    
   1.12797       1.22242      0.299829    
  0.144829      -1.51735      -1.54629    
  0.344079     -0.451867     -0.153720    
   1.07278     -0.440911      0.385264    
  0.108240E-01  -1.39809     -0.965509    
 -0.666405E-01 -0.806760     -0.470707    
 -0.434991     -0.875224     -0.485061    
  0.702915E-01 -0.920425      -1.59065    
   1.25524     -0.364528     -0.239122    
  0.193287      -1.32171      -1.58989    
 -0.603500E-02  0.856310E-01 -0.534911    
  0.450215      0.630572      0.277637    
 -0.206839      0.693385      0.224276    
  0.191215E-01  0.930699      0.266047    
  0.144285      0.619874     -0.351392    
  0.620703      0.880993      0.160574    
  0.116960     -0.315655     -0.534152    
  0.394955E-01  0.275679     -0.393495E-01
 -0.328855      0.207215     -0.537045E-01
 -0.363890E-01  0.134357     -0.827114    
 -0.637140E-01 -0.801172      -1.00988    
 -0.141179     -0.209838     -0.515073    
 -0.509529     -0.278301     -0.529428    
  0.687370E-01  0.752809      0.561102    
   1.45449      0.700952       1.15345    
  0.294698      0.990123      0.602873    
  0.896279      0.940418      0.497400    
  0.392536     -0.256230     -0.197326    
  0.315072      0.335103      0.297476    
 -0.362356       1.05294      0.549512    
 -0.237193      0.742112     -0.679270E-01
 -0.341982      0.397916      0.244115    
 -0.710333      0.329452      0.229760    
   1.62498      0.951373       1.03638    
   1.12123     -0.245275      0.341657    
   1.04377      0.346059      0.836460    
 -0.112325E-01  0.979425     -0.261560E-01
  0.465186       1.24054      0.485810    
  0.866060E-01 -0.266928     -0.826356    
  0.914150E-02  0.324406     -0.331553    
 -0.359209      0.255942     -0.345908    
 -0.181835E-01 -0.611124     -0.514313    
 -0.386534     -0.679587     -0.528668    
 -0.463998     -0.882535E-01 -0.338660E-01
