#  twenty_order4_tetras.l2q.txt
#  created by TET_MESH_L2Q.F90
#  at July 17 2006  12:04:53.113 PM
#
#  Spatial dimension M =  10
#  Number of points N =     70
#
#  The first four nodes are the linear mesh.
#  Nodes 5 through 10 are pairwise averages.
#
#  The ordering is:
#      1       2       3       4   (1+2)   (2+3)   (1+3)   (2+4)   (3+4)   (1+4)
#
      12       4      14       2      49      51      99      29      35      33
      12      19      14       2     103     110      99      36      35      33
       8      19      14       2      80     110      78      36      35      31
       8      12      19      14      77     103      80      99     110      78
      13      12       4       2      98      49      50      33      29      34
      13      12      19       2      98     103     106      33      36      34
      13      15      12       4     104     100      98      52      49      50
       5       8       9       2      54      76      55      31      32      30
      11       5       1       9      56      22      24      55      23      82
      17       7       4      14      75      48      53      72      51     108
      17      15      12       4     112     100     101      52      49      53
      17       7      15       4      75      73     112      48      52      53
       6       7       9      14      60      70      62      72      83      65
       6       8      12      14      61      77      64      78      99      65
       6      17       7      14      67      75      60     108      72      65
       6      12       4      14      64      49      47      99      51      65
       6      17       4      14      67      53      47     108      51      65
       6      17      12       4      67     101      64      53      49      47
      18       5       8       9      58      54      79      55      76      84
      18      11       5       9      95      56      58      82      55      84
      18       8      12      19      79      77     102      80     103     116
      18       6      12      19      68      64     102      69     103     116
      18       6       8      12      68      61      79      64      77     102
      18       8       9      14      79      76      84      78      83     109
      18       6       9      14      68      62      84      65      83     109
      18       6       8      14      68      61      79      65      78     109
      20       5      13       1      59      57     107      22      25      28
      20      16      13       1     115     105     107      27      25      28
      20      11       5       1      97      56      59      24      22      28
      20      16      11       1     115      94      97      27      24      28
      20      16      11      19     115      94      97     114      96     118
      20      13      19       2     107     106     118      34      36      37
      20       5      13       2      59      57     107      30      34      37
      20      18      11      19     117      95      97     116      96     118
      20      18      11       5     117      95      97      58      56      59
      20       8      19       2      81      80     118      31      36      37
      20       5       8       2      59      54      81      30      31      37
      20      18       8      19     117      79      81     116      80     118
      20      18       5       8     117      58      59      79      54      81
      10      16       7      15      89      74      71     111      73      88
      10      17       7      15      90      75      71     112      73      88
      10      17      15      12      90     112      88     101     100      86
      10       6      16       7      63      66      89      60      74      71
      10       6      17      12      63      67      90      64     101      86
      10       6      17       7      63      67      90      60      75      71
      10      13      12      19      87      98      86     106     103      92
      10      13      15      12      87     104      88      98     100      86
      10       6      12      19      63      64      86      69     103      92
      10      16      13      15      89     105      87     111     104      88
      10      18       6      19      91      68      63     116      69      92
      10      18       6      16      91      68      63     113      66      89
      10      20      13      19      93     107      87     118     106      92
      10      20      16      19      93     115      89     118     114      92
      10      20      16      13      93     115      89     107     105      87
      10      16      11      19      89      94      85     114      96      92
      10      18      11      19      91      95      85     116      96      92
      10      18      16      11      91     113      89      95      94      85
       3      18      11       9      46      95      42      84      82      41
       3      18      16      11      46     113      45      95      94      42
       3      11       1       9      42      24      21      82      23      41
       3      16      11       1      45      94      42      27      24      21
       3       6       7       9      39      60      40      62      70      41
       3      18       6       9      46      68      39      84      62      41
       3       6      16       7      39      66      45      60      74      40
       3      18       6      16      46      68      39     113      66      45
       3      16       7      15      45      74      40     111      73      44
       3       7      15       4      40      73      44      48      52      38
       3      13      15       1      43     104      44      25      26      21
       3      16      13       1      45     105      43      27      25      21
       3      16      13      15      45     105      43     111     104      44
