   -0.432565    0.294411   -1.604086
   -1.665584   -1.336182    0.257304
    0.125332    0.714325   -1.056473
    0.287676    1.623562    1.415141
   -1.146471   -0.691776   -0.805090
    1.190915    0.857997    0.528743
    1.189164    1.254001    0.219321
   -0.037633   -1.593730   -0.921902
    0.327292   -1.440964   -2.170674
    0.174639    0.571148   -0.059188
   -0.186709   -0.399886   -1.010634
    0.725791    0.689997    0.614463
   -0.588317    0.815622    0.507741
    2.183186    0.711908    1.692430
   -0.136396    1.290250    0.591283
    0.113931    0.668601   -0.643595
    1.066768    1.190838    0.380337
    0.059281   -1.202457   -1.009116
   -0.095648   -0.019790   -0.019511
   -0.832349   -0.156717   -0.048221
