  12   4  14   2
  12  19  14   2
   8  19  14   2
   8  12  19  14
  13  12   4   2
  13  12  19   2
  13  15  12   4
   5   8   9   2
  11   5   1   9
  17   7   4  14
  17  15  12   4
  17   7  15   4
   6   7   9  14
   6   8  12  14
   6  17   7  14
   6  12   4  14
   6  17   4  14
   6  17  12   4
  18   5   8   9
  18  11   5   9
  18   8  12  19
  18   6  12  19
  18   6   8  12
  18   8   9  14
  18   6   9  14
  18   6   8  14
  20   5  13   1
  20  16  13   1
  20  11   5   1
  20  16  11   1
  20  16  11  19
  20  13  19   2
  20   5  13   2
  20  18  11  19
  20  18  11   5
  20   8  19   2
  20   5   8   2
  20  18   8  19
  20  18   5   8
  10  16   7  15
  10  17   7  15
  10  17  15  12
  10   6  16   7
  10   6  17  12
  10   6  17   7
  10  13  12  19
  10  13  15  12
  10   6  12  19
  10  16  13  15
  10  18   6  19
  10  18   6  16
  10  20  13  19
  10  20  16  19
  10  20  16  13
  10  16  11  19
  10  18  11  19
  10  18  16  11
   3  18  11   9
   3  18  16  11
   3  11   1   9
   3  16  11   1
   3   6   7   9
   3  18   6   9
   3   6  16   7
   3  18   6  16
   3  16   7  15
   3   7  15   4
   3  13  15   1
   3  16  13   1
   3  16  13  15
