  0  4
  0.036  4.036
  0.072  4.072
  0.108  4.108
  0.144  4.144
  0.18  4.18
  0.216  4.216
  0.252  4.252
  0.288  4.288
  0.324  4.324
  0.36  4.36
  0.396  4.396
  0.432  4.432
  0.468  4.468
  0.504  4.504
  0.54  4.54
  0.576  4.576
  0.612  4.612
  0.648  4.648
  0.684  4.684
  0.72  4.72
  0.756  4.756
  0.792  4.792
  0.828  4.828
  0.864  4.864
  0.9  4.9
  0.936  4.936
  0.972  4.972
  1.008  5.008
  1.044  5.044
  1.08  5.08
  1.116  5.116
  1.152  5.152
  1.188  5.188
  1.224  5.224
  1.26  5.26
  1.296  5.296
  1.332  5.332
  1.368  5.368
  1.404  5.404
  1.44  5.44
  1.476  5.476
  1.512  5.512
  1.548  5.548
  1.584  5.584
  1.62  5.62
  1.656  5.656
  1.692  5.692
  1.728  5.728
  1.764  5.764
  1.8  5.8
  1.836  5.836
  1.872  5.872
  1.908  5.908
  1.944  5.944
  1.98  5.98
  2.016  6
  2.052  6
  2.088  6
  2.124  6
  2.16  6
  2.196  6
  2.232  6
  2.268  6
  2.304  6
  2.34  6
  2.376  6
  2.412  6
  2.448  6
  2.484  6
  2.52  6
  2.556  6
  2.592  6
  2.628  6
  2.664  6
  2.7  6
  2.736  6
  2.772  6
  2.808  6
  2.844  6
  2.88  6
  2.916  6
  2.952  6
  2.988  6
  3.024  6
  3.06  6
  3.096  6
  3.132  6
  3.168  6
  3.204  6
  3.24  6
  3.276  6
  3.312  6
  3.348  6
  3.384  6
  3.42  6
  3.456  6
  3.492  6
  3.528  6
  3.564  6
  3.6  6
  3.636  6
  3.672  6
  3.708  6
  3.744  6
  3.78  6
  3.816  6
  3.852  6
  3.888  6
  3.924  6
  3.96  6
  3.996  6
  4.032  5.968
  4.068  5.932
  4.104  5.896
  4.14  5.86
  4.176  5.824
  4.212  5.788
  4.248  5.752
  4.284  5.716
  4.32  5.68
  4.356  5.644
  4.392  5.608
  4.428  5.572
  4.464  5.536
  4.5  5.5
  4.536  5.464
  4.572  5.428
  4.608  5.392
  4.644  5.356
  4.68  5.32
  4.716  5.284
  4.752  5.248
  4.788  5.212
  4.824  5.176
  4.86  5.14
  4.896  5.104
  4.932  5.068
  4.968  5.032
  5.004  4.992
  5.04  4.92
  5.076  4.848
  5.112  4.776
  5.148  4.704
  5.184  4.632
  5.22  4.56
  5.256  4.488
  5.292  4.416
  5.328  4.344
  5.364  4.272
  5.4  4.2
  5.436  4.128
  5.472  4.056
  5.508  3.984
  5.544  3.912
  5.58  3.84
  5.616  3.768
  5.652  3.696
  5.688  3.624
  5.724  3.552
  5.76  3.48
  5.796  3.408
  5.832  3.336
  5.868  3.264
  5.904  3.192
  5.94  3.12
  5.976  3.048
  6.012  2.976
  6.048  2.904
  6.084  2.832
  6.12  2.76
  6.156  2.688
  6.192  2.616
  6.228  2.544
  6.264  2.472
  6.3  2.4
  6.336  2.328
  6.372  2.256
  6.408  2.184
  6.444  2.112
  6.48  2.04
  6.516  1.968
  6.552  1.896
  6.588  1.824
  6.624  1.752
  6.66  1.68
  6.696  1.608
  6.732  1.536
  6.768  1.464
  6.804  1.392
  6.84  1.32
  6.876  1.248
  6.912  1.176
  6.948  1.104
  6.984  1.032
  7.02  1
  7.056  1
  7.092  1
  7.128  1
  7.164  1
  7.2  1
  7.236  1
  7.272  1
  7.308  1
  7.344  1
  7.38  1
  7.416  1
  7.452  1
  7.488  1
  7.524  1
  7.56  1
  7.596  1
  7.632  1
  7.668  1
  7.704  1
  7.74  1
  7.776  1
  7.812  1
  7.848  1
  7.884  1
  7.92  1
  7.956  1
  7.992  1
  8.028  1
  8.064  1
  8.1  1
  8.136  1
  8.172  1
  8.208  1
  8.244  1
  8.28  1
  8.316  1
  8.352  1
  8.388  1
  8.424  1
  8.46  1
  8.496  1
  8.532  1
  8.568  1
  8.604  1
  8.64  1
  8.676  1
  8.712  1
  8.748  1
  8.784  1
  8.82  1
  8.856  1
  8.892  1
  8.928  1
  8.964  1
  9  1
  9.036  1.072
  9.072  1.144
  9.108  1.216
  9.144  1.288
  9.18  1.36
  9.216  1.432
  9.252  1.504
  9.288  1.576
  9.324  1.648
  9.36  1.72
  9.396  1.792
  9.432  1.864
  9.468  1.936
  9.504  2.008
  9.54  2.08
  9.576  2.152
  9.612  2.224
  9.648  2.296
  9.684  2.368
  9.72  2.44
  9.756  2.512
  9.792  2.584
  9.828  2.656
  9.864  2.728
  9.9  2.8
  9.936  2.872
  9.972  2.944
  10.008  3.008
  10.044  3.044
  10.08  3.08
  10.116  3.116
  10.152  3.152
  10.188  3.188
  10.224  3.224
  10.26  3.26
  10.296  3.296
  10.332  3.332
  10.368  3.368
  10.404  3.404
  10.44  3.44
  10.476  3.476
  10.512  3.512
  10.548  3.548
  10.584  3.584
  10.62  3.62
  10.656  3.656
  10.692  3.692
  10.728  3.728
  10.764  3.764
  10.8  3.8
  10.836  3.836
  10.872  3.872
  10.908  3.908
  10.944  3.944
  10.98  3.98
  11.016  4
  11.052  4
  11.088  4
  11.124  4
  11.16  4
  11.196  4
  11.232  4
  11.268  4
  11.304  4
  11.34  4
  11.376  4
  11.412  4
  11.448  4
  11.484  4
  11.52  4
  11.556  4
  11.592  4
  11.628  4
  11.664  4
  11.7  4
  11.736  4
  11.772  4
  11.808  4
  11.844  4
  11.88  4
  11.916  4
  11.952  4
  11.988  4
  12.024  3.976
  12.06  3.94
  12.096  3.904
  12.132  3.868
  12.168  3.832
  12.204  3.796
  12.24  3.76
  12.276  3.724
  12.312  3.688
  12.348  3.652
  12.384  3.616
  12.42  3.58
  12.456  3.544
  12.492  3.508
  12.528  3.472
  12.564  3.436
  12.6  3.4
  12.636  3.364
  12.672  3.328
  12.708  3.292
  12.744  3.256
  12.78  3.22
  12.816  3.184
  12.852  3.148
  12.888  3.112
  12.924  3.076
  12.96  3.04
  12.996  3.004
  13.032  3
  13.068  3
  13.104  3
  13.14  3
  13.176  3
  13.212  3
  13.248  3
  13.284  3
  13.32  3
  13.356  3
  13.392  3
  13.428  3
  13.464  3
  13.5  3
  13.536  3
  13.572  3
  13.608  3
  13.644  3
  13.68  3
  13.716  3
  13.752  3
  13.788  3
  13.824  3
  13.86  3
  13.896  3
  13.932  3
  13.968  3
  14.004  3.004
  14.04  3.04
  14.076  3.076
  14.112  3.112
  14.148  3.148
  14.184  3.184
  14.22  3.22
  14.256  3.256
  14.292  3.292
  14.328  3.328
  14.364  3.364
  14.4  3.4
  14.436  3.436
  14.472  3.472
  14.508  3.508
  14.544  3.544
  14.58  3.58
  14.616  3.616
  14.652  3.652
  14.688  3.688
  14.724  3.724
  14.76  3.76
  14.796  3.796
  14.832  3.832
  14.868  3.868
  14.904  3.904
  14.94  3.94
  14.976  3.976
  15.012  4
  15.048  4
  15.084  4
  15.12  4
  15.156  4
  15.192  4
  15.228  4
  15.264  4
  15.3  4
  15.336  4
  15.372  4
  15.408  4
  15.444  4
  15.48  4
  15.516  4
  15.552  4
  15.588  4
  15.624  4
  15.66  4
  15.696  4
  15.732  4
  15.768  4
  15.804  4
  15.84  4
  15.876  4
  15.912  4
  15.948  4
  15.984  4
  16.02  3.98
  16.056  3.944
  16.092  3.908
  16.128  3.872
  16.164  3.836
  16.2  3.8
  16.236  3.764
  16.272  3.728
  16.308  3.692
  16.344  3.656
  16.38  3.62
  16.416  3.584
  16.452  3.548
  16.488  3.512
  16.524  3.476
  16.56  3.44
  16.596  3.404
  16.632  3.368
  16.668  3.332
  16.704  3.296
  16.74  3.26
  16.776  3.224
  16.812  3.188
  16.848  3.152
  16.884  3.116
  16.92  3.08
  16.956  3.044
  16.992  3.008
  17.028  2.916
  17.064  2.808
  17.1  2.7
  17.136  2.592
  17.172  2.484
  17.208  2.376
  17.244  2.268
  17.28  2.16
  17.316  2.052
  17.352  1.944
  17.388  1.836
  17.424  1.728
  17.46  1.62
  17.496  1.512
  17.532  1.404
  17.568  1.296
  17.604  1.188
  17.64  1.08
  17.676  0.972
  17.712  0.864
  17.748  0.756
  17.784  0.648
  17.82  0.54
  17.856  0.432
  17.892  0.324
  17.928  0.216
  17.964  0.108
  18  0
