  0  0
  0.002  0.018
  0.004  0.036
  0.006  0.054
  0.008  0.072
  0.01  0.09
  0.012  0.108
  0.014  0.126
  0.016  0.144
  0.018  0.162
  0.02  0.18
  0.022  0.198
  0.024  0.216
  0.026  0.234
  0.028  0.252
  0.03  0.27
  0.032  0.288
  0.034  0.306
  0.036  0.324
  0.038  0.342
  0.04  0.36
  0.042  0.378
  0.044  0.396
  0.046  0.414
  0.048  0.432
  0.05  0.45
  0.052  0.468
  0.054  0.486
  0.056  0.504
  0.058  0.522
  0.06  0.54
  0.062  0.558
  0.064  0.576
  0.066  0.594
  0.068  0.612
  0.07  0.63
  0.072  0.648
  0.074  0.666
  0.076  0.684
  0.078  0.702
  0.08  0.72
  0.082  0.738
  0.084  0.756
  0.086  0.774
  0.088  0.792
  0.09  0.81
  0.092  0.828
  0.094  0.846
  0.096  0.864
  0.098  0.882
  0.1  0.9
  0.102  0.901
  0.104  0.902
  0.106  0.903
  0.108  0.904
  0.11  0.905
  0.112  0.906
  0.114  0.907
  0.116  0.908
  0.118  0.909
  0.12  0.91
  0.122  0.911
  0.124  0.912
  0.126  0.913
  0.128  0.914
  0.13  0.915
  0.132  0.916
  0.134  0.917
  0.136  0.918
  0.138  0.919
  0.14  0.92
  0.142  0.921
  0.144  0.922
  0.146  0.923
  0.148  0.924
  0.15  0.925
  0.152  0.926
  0.154  0.927
  0.156  0.928
  0.158  0.929
  0.16  0.93
  0.162  0.931
  0.164  0.932
  0.166  0.933
  0.168  0.934
  0.17  0.935
  0.172  0.936
  0.174  0.937
  0.176  0.938
  0.178  0.939
  0.18  0.94
  0.182  0.941
  0.184  0.942
  0.186  0.943
  0.188  0.944
  0.19  0.945
  0.192  0.946
  0.194  0.947
  0.196  0.948
  0.198  0.949
  0.2  0.95
  0.202  0.949
  0.204  0.948
  0.206  0.947
  0.208  0.946
  0.21  0.945
  0.212  0.944
  0.214  0.943
  0.216  0.942
  0.218  0.941
  0.22  0.94
  0.222  0.939
  0.224  0.938
  0.226  0.937
  0.228  0.936
  0.23  0.935
  0.232  0.934
  0.234  0.933
  0.236  0.932
  0.238  0.931
  0.24  0.93
  0.242  0.929
  0.244  0.928
  0.246  0.927
  0.248  0.926
  0.25  0.925
  0.252  0.924
  0.254  0.923
  0.256  0.922
  0.258  0.921
  0.26  0.92
  0.262  0.919
  0.264  0.918
  0.266  0.917
  0.268  0.916
  0.27  0.915
  0.272  0.914
  0.274  0.913
  0.276  0.912
  0.278  0.911
  0.28  0.91
  0.282  0.909
  0.284  0.908
  0.286  0.907
  0.288  0.906
  0.29  0.905
  0.292  0.904
  0.294  0.903
  0.296  0.902
  0.298  0.901
  0.3  0.9
  0.302  0.884
  0.304  0.868
  0.306  0.852
  0.308  0.836
  0.31  0.82
  0.312  0.804
  0.314  0.788
  0.316  0.772
  0.318  0.756
  0.32  0.74
  0.322  0.724
  0.324  0.708
  0.326  0.692
  0.328  0.676
  0.33  0.66
  0.332  0.644
  0.334  0.628
  0.336  0.612
  0.338  0.596
  0.34  0.58
  0.342  0.564
  0.344  0.548
  0.346  0.532
  0.348  0.516
  0.35  0.5
  0.352  0.484
  0.354  0.468
  0.356  0.452
  0.358  0.436
  0.36  0.42
  0.362  0.404
  0.364  0.388
  0.366  0.372
  0.368  0.356
  0.37  0.34
  0.372  0.324
  0.374  0.308
  0.376  0.292
  0.378  0.276
  0.38  0.26
  0.382  0.244
  0.384  0.228
  0.386  0.212
  0.388  0.196
  0.39  0.18
  0.392  0.164
  0.394  0.148
  0.396  0.132
  0.398  0.116
  0.4  0.1
  0.402  0.099
  0.404  0.098
  0.406  0.097
  0.408  0.096
  0.41  0.095
  0.412  0.094
  0.414  0.093
  0.416  0.092
  0.418  0.091
  0.42  0.09
  0.422  0.089
  0.424  0.088
  0.426  0.087
  0.428  0.086
  0.43  0.085
  0.432  0.084
  0.434  0.083
  0.436  0.082
  0.438  0.081
  0.44  0.08
  0.442  0.079
  0.444  0.078
  0.446  0.077
  0.448  0.076
  0.45  0.075
  0.452  0.074
  0.454  0.073
  0.456  0.072
  0.458  0.071
  0.46  0.07
  0.462  0.069
  0.464  0.068
  0.466  0.067
  0.468  0.066
  0.47  0.065
  0.472  0.064
  0.474  0.063
  0.476  0.062
  0.478  0.061
  0.48  0.06
  0.482  0.059
  0.484  0.058
  0.486  0.057
  0.488  0.056
  0.49  0.055
  0.492  0.054
  0.494  0.053
  0.496  0.052
  0.498  0.051
  0.5  0.05
  0.502  0.05
  0.504  0.05
  0.506  0.05
  0.508  0.05
  0.51  0.05
  0.512  0.05
  0.514  0.05
  0.516  0.05
  0.518  0.05
  0.52  0.05
  0.522  0.05
  0.524  0.05
  0.526  0.05
  0.528  0.05
  0.53  0.05
  0.532  0.05
  0.534  0.05
  0.536  0.05
  0.538  0.05
  0.54  0.05
  0.542  0.05
  0.544  0.05
  0.546  0.05
  0.548  0.05
  0.55  0.05
  0.552  0.05
  0.554  0.05
  0.556  0.05
  0.558  0.05
  0.56  0.05
  0.562  0.05
  0.564  0.05
  0.566  0.05
  0.568  0.05
  0.57  0.05
  0.572  0.05
  0.574  0.05
  0.576  0.05
  0.578  0.05
  0.58  0.05
  0.582  0.05
  0.584  0.05
  0.586  0.05
  0.588  0.05
  0.59  0.05
  0.592  0.05
  0.594  0.05
  0.596  0.05
  0.598  0.05
  0.6  0.05
  0.602  0.0515
  0.604  0.053
  0.606  0.0545
  0.608  0.056
  0.61  0.0575
  0.612  0.059
  0.614  0.0605
  0.616  0.062
  0.618  0.0635
  0.62  0.065
  0.622  0.0665
  0.624  0.068
  0.626  0.0695
  0.628  0.071
  0.63  0.0725
  0.632  0.074
  0.634  0.0755
  0.636  0.077
  0.638  0.0785
  0.64  0.08
  0.642  0.0815
  0.644  0.083
  0.646  0.0845
  0.648  0.086
  0.65  0.0875
  0.652  0.089
  0.654  0.0905
  0.656  0.092
  0.658  0.0935
  0.66  0.095
  0.662  0.0965
  0.664  0.098
  0.666  0.0995
  0.668  0.101
  0.67  0.1025
  0.672  0.104
  0.674  0.1055
  0.676  0.107
  0.678  0.1085
  0.68  0.11
  0.682  0.1115
  0.684  0.113
  0.686  0.1145
  0.688  0.116
  0.69  0.1175
  0.692  0.119
  0.694  0.1205
  0.696  0.122
  0.698  0.1235
  0.7  0.125
  0.702  0.1265
  0.704  0.128
  0.706  0.1295
  0.708  0.131
  0.71  0.1325
  0.712  0.134
  0.714  0.1355
  0.716  0.137
  0.718  0.1385
  0.72  0.14
  0.722  0.1415
  0.724  0.143
  0.726  0.1445
  0.728  0.146
  0.73  0.1475
  0.732  0.149
  0.734  0.1505
  0.736  0.152
  0.738  0.1535
  0.74  0.155
  0.742  0.1565
  0.744  0.158
  0.746  0.1595
  0.748  0.161
  0.75  0.1625
  0.752  0.164
  0.754  0.1655
  0.756  0.167
  0.758  0.1685
  0.76  0.17
  0.762  0.1715
  0.764  0.173
  0.766  0.1745
  0.768  0.176
  0.77  0.1775
  0.772  0.179
  0.774  0.1805
  0.776  0.182
  0.778  0.1835
  0.78  0.185
  0.782  0.1865
  0.784  0.188
  0.786  0.1895
  0.788  0.191
  0.79  0.1925
  0.792  0.194
  0.794  0.1955
  0.796  0.197
  0.798  0.1985
  0.8  0.2
  0.802  0.208
  0.804  0.216
  0.806  0.224
  0.808  0.232
  0.81  0.24
  0.812  0.248
  0.814  0.256
  0.816  0.264
  0.818  0.272
  0.82  0.28
  0.822  0.288
  0.824  0.296
  0.826  0.304
  0.828  0.312
  0.83  0.32
  0.832  0.328
  0.834  0.336
  0.836  0.344
  0.838  0.352
  0.84  0.36
  0.842  0.368
  0.844  0.376
  0.846  0.384
  0.848  0.392
  0.85  0.4
  0.852  0.408
  0.854  0.416
  0.856  0.424
  0.858  0.432
  0.86  0.44
  0.862  0.448
  0.864  0.456
  0.866  0.464
  0.868  0.472
  0.87  0.48
  0.872  0.488
  0.874  0.496
  0.876  0.504
  0.878  0.512
  0.88  0.52
  0.882  0.528
  0.884  0.536
  0.886  0.544
  0.888  0.552
  0.89  0.56
  0.892  0.568
  0.894  0.576
  0.896  0.584
  0.898  0.592
  0.9  0.6
  0.902  0.608
  0.904  0.616
  0.906  0.624
  0.908  0.632
  0.91  0.64
  0.912  0.648
  0.914  0.656
  0.916  0.664
  0.918  0.672
  0.92  0.68
  0.922  0.688
  0.924  0.696
  0.926  0.704
  0.928  0.712
  0.93  0.72
  0.932  0.728
  0.934  0.736
  0.936  0.744
  0.938  0.752
  0.94  0.76
  0.942  0.768
  0.944  0.776
  0.946  0.784
  0.948  0.792
  0.95  0.8
  0.952  0.808
  0.954  0.816
  0.956  0.824
  0.958  0.832
  0.96  0.84
  0.962  0.848
  0.964  0.856
  0.966  0.864
  0.968  0.872
  0.97  0.88
  0.972  0.888
  0.974  0.896
  0.976  0.904
  0.978  0.912
  0.98  0.92
  0.982  0.928
  0.984  0.936
  0.986  0.944
  0.988  0.952
  0.99  0.96
  0.992  0.968
  0.994  0.976
  0.996  0.984
  0.998  0.992
  1  1
