  0  0
  0.062  0.231343
  0.124  0.462687
  0.186  0.69403
  0.248  0.925373
  0.31  1.15672
  0.372  1.38806
  0.434  1.6194
  0.496  1.85075
  0.558  2.08209
  0.62  2.31343
  0.682  2.54478
  0.744  2.77612
  0.806  3.00746
  0.868  3.23881
  0.93  3.47015
  0.992  3.70149
  1.054  3.93284
  1.116  4.16418
  1.178  4.39552
  1.24  4.62687
  1.302  4.85821
  1.364  5.024
  1.426  5.086
  1.488  5.148
  1.55  5.21
  1.612  5.272
  1.674  5.334
  1.736  5.396
  1.798  5.458
  1.86  5.52
  1.922  5.582
  1.984  5.644
  2.046  5.706
  2.108  5.768
  2.17  5.83
  2.232  5.892
  2.294  5.954
  2.356  6.016
  2.418  6.078
  2.48  6.14
  2.542  6.202
  2.604  6.264
  2.666  6.326
  2.728  6.388
  2.79  6.45
  2.852  6.512
  2.914  6.574
  2.976  6.636
  3.038  6.698
  3.1  6.76
  3.162  6.822
  3.224  6.884
  3.286  6.946
  3.348  7.008
  3.41  7.07
  3.472  7.132
  3.534  7.194
  3.596  7.256
  3.658  7.318
  3.72  7.38
  3.782  7.442
  3.844  7.504
  3.906  7.566
  3.968  7.628
  4.03  7.69
  4.092  7.752
  4.154  7.814
  4.216  7.876
  4.278  7.938
  4.34  8
  4.402  8.062
  4.464  8.124
  4.526  8.186
  4.588  8.248
  4.65  8.31
  4.712  8.372
  4.774  8.434
  4.836  8.496
  4.898  8.558
  4.96  8.62
  5.022  8.6659
  5.084  8.68251
  5.146  8.69913
  5.208  8.71574
  5.27  8.73236
  5.332  8.74898
  5.394  8.76559
  5.456  8.78221
  5.518  8.79882
  5.58  8.81544
  5.642  8.83206
  5.704  8.84867
  5.766  8.86529
  5.828  8.8819
  5.89  8.89852
  5.952  8.91514
  6.014  8.93175
  6.076  8.94837
  6.138  8.96498
  6.2  8.9816
  6.262  8.99822
  6.324  9.01483
  6.386  9.03145
  6.448  9.04806
  6.51  9.06468
  6.572  9.0813
  6.634  9.09791
  6.696  9.11453
  6.758  9.13114
  6.82  9.14776
  6.882  9.16438
  6.944  9.18099
  7.006  9.19761
  7.068  9.21422
  7.13  9.23084
  7.192  9.24746
  7.254  9.26407
  7.316  9.28069
  7.378  9.2973
  7.44  9.31392
  7.502  9.33054
  7.564  9.34715
  7.626  9.36377
  7.688  9.38038
  7.75  9.397
  7.812  9.41362
  7.874  9.43023
  7.936  9.44685
  7.998  9.46346
  8.06  9.48008
  8.122  9.4967
  8.184  9.51331
  8.246  9.52993
  8.308  9.54654
  8.37  9.56316
  8.432  9.57978
  8.494  9.59639
  8.556  9.61301
  8.618  9.62962
  8.68  9.64624
  8.742  9.66286
  8.804  9.67947
  8.866  9.69609
  8.928  9.7127
  8.99  9.72932
  9.052  9.74594
  9.114  9.76255
  9.176  9.77917
  9.238  9.79578
  9.3  9.8124
  9.362  9.82902
  9.424  9.84563
  9.486  9.86225
  9.548  9.87886
  9.61  9.89548
  9.672  9.9121
  9.734  9.92871
  9.796  9.94533
  9.858  9.96194
  9.92  9.97856
  9.982  9.99518
  10.044  10.0293
  10.106  10.0707
  10.168  10.112
  10.23  10.1533
  10.292  10.1947
  10.354  10.236
  10.416  10.2773
  10.478  10.3187
  10.54  10.36
  10.602  10.432
  10.664  11.424
  10.726  28.9537
  10.788  29.9979
  10.85  30.2333
  10.912  30.2747
  10.974  30.316
  11.036  30.3573
  11.098  30.3987
  11.16  30.44
  11.222  30.4813
  11.284  30.5227
  11.346  30.564
  11.408  30.6
  11.47  30.6
  11.532  30.6
  11.594  30.6
  11.656  30.6
  11.718  30.6
  11.78  30.6
  11.842  30.6
  11.904  30.6
  11.966  30.6
  12.028  30.6
  12.09  30.6
  12.152  30.6
  12.214  30.6
  12.276  30.6
  12.338  30.6
  12.4  30.6
  12.462  30.6
  12.524  30.6
  12.586  30.6
  12.648  30.6
  12.71  30.6
  12.772  30.6
  12.834  30.6
  12.896  30.6
  12.958  30.6
  13.02  30.6
  13.082  30.6
  13.144  30.6
  13.206  30.6
  13.268  30.6
  13.33  30.6
  13.392  30.6
  13.454  30.6
  13.516  30.6
  13.578  30.6
  13.64  30.6
  13.702  30.6
  13.764  30.6
  13.826  30.6
  13.888  30.6
  13.95  30.6
  14.012  30.6
  14.074  30.6
  14.136  30.6
  14.198  30.6
  14.26  30.6
  14.322  30.6
  14.384  30.6
  14.446  30.6
  14.508  30.6
  14.57  30.6
  14.632  30.6
  14.694  30.6
  14.756  30.6
  14.818  30.6
  14.88  30.6
  14.942  30.6
  15.004  30.6
  15.066  30.6
  15.128  30.6
  15.19  30.6
  15.252  30.6
  15.314  30.6
  15.376  30.6
  15.438  30.6
  15.5  30.6
  15.562  30.6
  15.624  30.6
  15.686  30.6
  15.748  30.6
  15.81  30.6
  15.872  30.6
  15.934  30.6
  15.996  30.6
  16.058  30.6
  16.12  30.6
  16.182  30.6
  16.244  30.6
  16.306  30.6
  16.368  30.6
  16.43  30.6
  16.492  30.6
  16.554  30.6
  16.616  30.6
  16.678  30.6
  16.74  30.6
  16.802  30.6
  16.864  30.6
  16.926  30.6
  16.988  30.6
  17.05  30.6
  17.112  30.6
  17.174  30.6
  17.236  30.6
  17.298  30.6
  17.36  30.6
  17.422  30.6
  17.484  30.6
  17.546  30.6
  17.608  30.6
  17.67  30.6
  17.732  30.6
  17.794  30.6
  17.856  30.6
  17.918  30.6
  17.98  30.6
  18.042  30.6
  18.104  30.6
  18.166  30.6
  18.228  30.6
  18.29  30.6
  18.352  30.6
  18.414  30.6
  18.476  30.6
  18.538  30.6
  18.6  30.6
  18.662  30.6
  18.724  30.6
  18.786  30.6
  18.848  30.6
  18.91  30.6
  18.972  30.6
  19.034  30.6
  19.096  30.6
  19.158  30.6
  19.22  30.6
  19.282  30.6
  19.344  30.6
  19.406  30.6
  19.468  30.6
  19.53  30.6
  19.592  30.6
  19.654  30.564
  19.716  30.5227
  19.778  30.4813
  19.84  30.44
  19.902  30.3987
  19.964  30.3573
  20.026  30.316
  20.088  30.2747
  20.15  30.2333
  20.212  29.9979
  20.274  28.9537
  20.336  11.424
  20.398  10.432
  20.46  10.36
  20.522  10.3187
  20.584  10.2773
  20.646  10.236
  20.708  10.1947
  20.77  10.1533
  20.832  10.112
  20.894  10.0707
  20.956  10.0293
  21.018  9.99518
  21.08  9.97856
  21.142  9.96194
  21.204  9.94533
  21.266  9.92871
  21.328  9.9121
  21.39  9.89548
  21.452  9.87886
  21.514  9.86225
  21.576  9.84563
  21.638  9.82902
  21.7  9.8124
  21.762  9.79578
  21.824  9.77917
  21.886  9.76255
  21.948  9.74594
  22.01  9.72932
  22.072  9.7127
  22.134  9.69609
  22.196  9.67947
  22.258  9.66286
  22.32  9.64624
  22.382  9.62962
  22.444  9.61301
  22.506  9.59639
  22.568  9.57978
  22.63  9.56316
  22.692  9.54654
  22.754  9.52993
  22.816  9.51331
  22.878  9.4967
  22.94  9.48008
  23.002  9.46346
  23.064  9.44685
  23.126  9.43023
  23.188  9.41362
  23.25  9.397
  23.312  9.38038
  23.374  9.36377
  23.436  9.34715
  23.498  9.33054
  23.56  9.31392
  23.622  9.2973
  23.684  9.28069
  23.746  9.26407
  23.808  9.24746
  23.87  9.23084
  23.932  9.21422
  23.994  9.19761
  24.056  9.18099
  24.118  9.16438
  24.18  9.14776
  24.242  9.13114
  24.304  9.11453
  24.366  9.09791
  24.428  9.0813
  24.49  9.06468
  24.552  9.04806
  24.614  9.03145
  24.676  9.01483
  24.738  8.99822
  24.8  8.9816
  24.862  8.96498
  24.924  8.94837
  24.986  8.93175
  25.048  8.91514
  25.11  8.89852
  25.172  8.8819
  25.234  8.86529
  25.296  8.84867
  25.358  8.83206
  25.42  8.81544
  25.482  8.79882
  25.544  8.78221
  25.606  8.76559
  25.668  8.74898
  25.73  8.73236
  25.792  8.71574
  25.854  8.69913
  25.916  8.68251
  25.978  8.6659
  26.04  8.62
  26.102  8.558
  26.164  8.496
  26.226  8.434
  26.288  8.372
  26.35  8.31
  26.412  8.248
  26.474  8.186
  26.536  8.124
  26.598  8.062
  26.66  8
  26.722  7.938
  26.784  7.876
  26.846  7.814
  26.908  7.752
  26.97  7.69
  27.032  7.628
  27.094  7.566
  27.156  7.504
  27.218  7.442
  27.28  7.38
  27.342  7.318
  27.404  7.256
  27.466  7.194
  27.528  7.132
  27.59  7.07
  27.652  7.008
  27.714  6.946
  27.776  6.884
  27.838  6.822
  27.9  6.76
  27.962  6.698
  28.024  6.636
  28.086  6.574
  28.148  6.512
  28.21  6.45
  28.272  6.388
  28.334  6.326
  28.396  6.264
  28.458  6.202
  28.52  6.14
  28.582  6.078
  28.644  6.016
  28.706  5.954
  28.768  5.892
  28.83  5.83
  28.892  5.768
  28.954  5.706
  29.016  5.644
  29.078  5.582
  29.14  5.52
  29.202  5.458
  29.264  5.396
  29.326  5.334
  29.388  5.272
  29.45  5.21
  29.512  5.148
  29.574  5.086
  29.636  5.024
  29.698  4.85821
  29.76  4.62687
  29.822  4.39552
  29.884  4.16418
  29.946  3.93284
  30.008  3.70149
  30.07  3.47015
  30.132  3.23881
  30.194  3.00746
  30.256  2.77612
  30.318  2.54478
  30.38  2.31343
  30.442  2.08209
  30.504  1.85075
  30.566  1.6194
  30.628  1.38806
  30.69  1.15672
  30.752  0.925373
  30.814  0.69403
  30.876  0.462687
  30.938  0.231343
  31  0
