  595  0.644
  595.96  0.641888
  596.92  0.639776
  597.88  0.637664
  598.84  0.635552
  599.8  0.63344
  600.76  0.631328
  601.72  0.629216
  602.68  0.627104
  603.64  0.624992
  604.6  0.62288
  605.56  0.622896
  606.52  0.624432
  607.48  0.625968
  608.44  0.627504
  609.4  0.62904
  610.36  0.630576
  611.32  0.632112
  612.28  0.633648
  613.24  0.635184
  614.2  0.63672
  615.16  0.638176
  616.12  0.639232
  617.08  0.640288
  618.04  0.641344
  619  0.6424
  619.96  0.643456
  620.92  0.644512
  621.88  0.645568
  622.84  0.646624
  623.8  0.64768
  624.76  0.648736
  625.72  0.649216
  626.68  0.649504
  627.64  0.649792
  628.6  0.65008
  629.56  0.650368
  630.52  0.650656
  631.48  0.650944
  632.44  0.651232
  633.4  0.65152
  634.36  0.651808
  635.32  0.651584
  636.28  0.650336
  637.24  0.649088
  638.2  0.64784
  639.16  0.646592
  640.12  0.645344
  641.08  0.644096
  642.04  0.642848
  643  0.6416
  643.96  0.640352
  644.92  0.639104
  645.88  0.639616
  646.84  0.640288
  647.8  0.64096
  648.76  0.641632
  649.72  0.642304
  650.68  0.642976
  651.64  0.643648
  652.6  0.64432
  653.56  0.644992
  654.52  0.645664
  655.48  0.646528
  656.44  0.647584
  657.4  0.64864
  658.36  0.649696
  659.32  0.650752
  660.28  0.651808
  661.24  0.652864
  662.2  0.65392
  663.16  0.654976
  664.12  0.656032
  665.08  0.65696
  666.04  0.65648
  667  0.656
  667.96  0.65552
  668.92  0.65504
  669.88  0.65456
  670.84  0.65408
  671.8  0.6536
  672.76  0.65312
  673.72  0.65264
  674.68  0.65216
  675.64  0.652192
  676.6  0.65248
  677.56  0.652768
  678.52  0.653056
  679.48  0.653344
  680.44  0.653632
  681.4  0.65392
  682.36  0.654208
  683.32  0.654496
  684.28  0.654784
  685.24  0.654736
  686.2  0.65368
  687.16  0.652624
  688.12  0.651568
  689.08  0.650512
  690.04  0.649456
  691  0.6484
  691.96  0.647344
  692.92  0.646288
  693.88  0.645232
  694.84  0.644176
  695.8  0.64552
  696.76  0.647344
  697.72  0.649168
  698.68  0.650992
  699.64  0.652816
  700.6  0.65464
  701.56  0.656464
  702.52  0.658288
  703.48  0.660112
  704.44  0.661936
  705.4  0.663
  706.36  0.663
  707.32  0.663
  708.28  0.663
  709.24  0.663
  710.2  0.663
  711.16  0.663
  712.12  0.663
  713.08  0.663
  714.04  0.663
  715  0.663
  715.96  0.66348
  716.92  0.66396
  717.88  0.66444
  718.84  0.66492
  719.8  0.6654
  720.76  0.66588
  721.72  0.66636
  722.68  0.66684
  723.64  0.66732
  724.6  0.6678
  725.56  0.668448
  726.52  0.669216
  727.48  0.669984
  728.44  0.670752
  729.4  0.67152
  730.36  0.672288
  731.32  0.673056
  732.28  0.673824
  733.24  0.674592
  734.2  0.67536
  735.16  0.676
  736.12  0.676
  737.08  0.676
  738.04  0.676
  739  0.676
  739.96  0.676
  740.92  0.676
  741.88  0.676
  742.84  0.676
  743.8  0.676
  744.76  0.676
  745.72  0.67672
  746.68  0.67768
  747.64  0.67864
  748.6  0.6796
  749.56  0.68056
  750.52  0.68152
  751.48  0.68248
  752.44  0.68344
  753.4  0.6844
  754.36  0.68536
  755.32  0.685776
  756.28  0.685104
  757.24  0.684432
  758.2  0.68376
  759.16  0.683088
  760.12  0.682416
  761.08  0.681744
  762.04  0.681072
  763  0.6804
  763.96  0.679728
  764.92  0.679056
  765.88  0.678912
  766.84  0.678816
  767.8  0.67872
  768.76  0.678624
  769.72  0.678528
  770.68  0.678432
  771.64  0.678336
  772.6  0.67824
  773.56  0.678144
  774.52  0.678048
  775.48  0.67824
  776.44  0.67872
  777.4  0.6792
  778.36  0.67968
  779.32  0.68016
  780.28  0.68064
  781.24  0.68112
  782.2  0.6816
  783.16  0.68208
  784.12  0.68256
  785.08  0.683088
  786.04  0.684144
  787  0.6852
  787.96  0.686256
  788.92  0.687312
  789.88  0.688368
  790.84  0.689424
  791.8  0.69048
  792.76  0.691536
  793.72  0.692592
  794.68  0.693648
  795.64  0.69432
  796.6  0.6948
  797.56  0.69528
  798.52  0.69576
  799.48  0.69624
  800.44  0.69672
  801.4  0.6972
  802.36  0.69768
  803.32  0.69816
  804.28  0.69864
  805.24  0.699264
  806.2  0.70032
  807.16  0.701376
  808.12  0.702432
  809.08  0.703488
  810.04  0.704544
  811  0.7056
  811.96  0.706656
  812.92  0.707712
  813.88  0.708768
  814.84  0.709824
  815.8  0.7116
  816.76  0.71352
  817.72  0.71544
  818.68  0.71736
  819.64  0.71928
  820.6  0.7212
  821.56  0.72312
  822.52  0.72504
  823.48  0.72696
  824.44  0.72888
  825.4  0.73132
  826.36  0.734488
  827.32  0.737656
  828.28  0.740824
  829.24  0.743992
  830.2  0.74716
  831.16  0.750328
  832.12  0.753496
  833.08  0.756664
  834.04  0.759832
  835  0.763
  835.96  0.767704
  836.92  0.772408
  837.88  0.777112
  838.84  0.781816
  839.8  0.78652
  840.76  0.791224
  841.72  0.795928
  842.68  0.800632
  843.64  0.805336
  844.6  0.81004
  845.56  0.81732
  846.52  0.82644
  847.48  0.83556
  848.44  0.84468
  849.4  0.8538
  850.36  0.86292
  851.32  0.87204
  852.28  0.88116
  853.24  0.89028
  854.2  0.8994
  855.16  0.909192
  856.12  0.922344
  857.08  0.935496
  858.04  0.948648
  859  0.9618
  859.96  0.974952
  860.92  0.988104
  861.88  1.00126
  862.84  1.01441
  863.8  1.02756
  864.76  1.04071
  865.72  1.06502
  866.68  1.09306
  867.64  1.12109
  868.6  1.14912
  869.56  1.17715
  870.52  1.20518
  871.48  1.23322
  872.44  1.26125
  873.4  1.28928
  874.36  1.31731
  875.32  1.35344
  876.28  1.40576
  877.24  1.45808
  878.2  1.5104
  879.16  1.56272
  880.12  1.61504
  881.08  1.66736
  882.04  1.71968
  883  1.772
  883.96  1.82432
  884.92  1.87664
  885.88  1.90634
  886.84  1.93399
  887.8  1.96164
  888.76  1.98929
  889.72  2.01694
  890.68  2.04458
  891.64  2.07223
  892.6  2.09988
  893.56  2.12753
  894.52  2.15518
  895.48  2.16449
  896.44  2.15546
  897.4  2.14644
  898.36  2.13742
  899.32  2.12839
  900.28  2.11937
  901.24  2.11034
  902.2  2.10132
  903.16  2.0923
  904.12  2.08327
  905.08  2.07118
  906.04  2.02539
  907  1.9796
  907.96  1.93381
  908.92  1.88802
  909.88  1.84222
  910.84  1.79643
  911.8  1.75064
  912.76  1.70485
  913.72  1.65906
  914.68  1.61326
  915.64  1.57323
  916.6  1.53608
  917.56  1.49893
  918.52  1.46178
  919.48  1.42462
  920.44  1.38747
  921.4  1.35032
  922.36  1.31317
  923.32  1.27602
  924.28  1.23886
  925.24  1.20392
  926.2  1.1756
  927.16  1.14728
  928.12  1.11896
  929.08  1.09064
  930.04  1.06232
  931  1.034
  931.96  1.00568
  932.92  0.97736
  933.88  0.94904
  934.84  0.92072
  935.8  0.9024
  936.76  0.88608
  937.72  0.86976
  938.68  0.85344
  939.64  0.83712
  940.6  0.8208
  941.56  0.80448
  942.52  0.78816
  943.48  0.77184
  944.44  0.75552
  945.4  0.74304
  946.36  0.735936
  947.32  0.728832
  948.28  0.721728
  949.24  0.714624
  950.2  0.70752
  951.16  0.700416
  952.12  0.693312
  953.08  0.686208
  954.04  0.679104
  955  0.672
  955.96  0.66768
  956.92  0.66336
  957.88  0.65904
  958.84  0.65472
  959.8  0.6504
  960.76  0.64608
  961.72  0.64176
  962.68  0.63744
  963.64  0.63312
  964.6  0.6288
  965.56  0.626328
  966.52  0.625176
  967.48  0.624024
  968.44  0.622872
  969.4  0.62172
  970.36  0.620568
  971.32  0.619416
  972.28  0.618264
  973.24  0.617112
  974.2  0.61596
  975.16  0.614872
  976.12  0.614104
  977.08  0.613336
  978.04  0.612568
  979  0.6118
  979.96  0.611032
  980.92  0.610264
  981.88  0.609496
  982.84  0.608728
  983.8  0.60796
  984.76  0.607192
  985.72  0.606928
  986.68  0.606832
  987.64  0.606736
  988.6  0.60664
  989.56  0.606544
  990.52  0.606448
  991.48  0.606352
  992.44  0.606256
  993.4  0.60616
  994.36  0.606064
  995.32  0.606096
  996.28  0.606384
  997.24  0.606672
  998.2  0.60696
  999.16  0.607248
  1000.12  0.607536
  1001.08  0.607824
  1002.04  0.608112
  1003  0.6084
  1003.96  0.608688
  1004.92  0.608976
  1005.88  0.608472
  1006.84  0.607896
  1007.8  0.60732
  1008.76  0.606744
  1009.72  0.606168
  1010.68  0.605592
  1011.64  0.605016
  1012.6  0.60444
  1013.56  0.603864
  1014.52  0.603288
  1015.48  0.602904
  1016.44  0.602712
  1017.4  0.60252
  1018.36  0.602328
  1019.32  0.602136
  1020.28  0.601944
  1021.24  0.601752
  1022.2  0.60156
  1023.16  0.601368
  1024.12  0.601176
  1025.08  0.601016
  1026.04  0.601208
  1027  0.6014
  1027.96  0.601592
  1028.92  0.601784
  1029.88  0.601976
  1030.84  0.602168
  1031.8  0.60236
  1032.76  0.602552
  1033.72  0.602744
  1034.68  0.602936
  1035.64  0.602872
  1036.6  0.60268
  1037.56  0.602488
  1038.52  0.602296
  1039.48  0.602104
  1040.44  0.601912
  1041.4  0.60172
  1042.36  0.601528
  1043.32  0.601336
  1044.28  0.601144
  1045.24  0.60124
  1046.2  0.6022
  1047.16  0.60316
  1048.12  0.60412
  1049.08  0.60508
  1050.04  0.60604
  1051  0.607
  1051.96  0.60796
  1052.92  0.60892
  1053.88  0.60988
  1054.84  0.61084
  1055.8  0.6102
  1056.76  0.60924
  1057.72  0.60828
  1058.68  0.60732
  1059.64  0.60636
  1060.6  0.6054
  1061.56  0.60444
  1062.52  0.60348
  1063.48  0.60252
  1064.44  0.60156
  1065.4  0.60128
  1066.36  0.601952
  1067.32  0.602624
  1068.28  0.603296
  1069.24  0.603968
  1070.2  0.60464
  1071.16  0.605312
  1072.12  0.605984
  1073.08  0.606656
  1074.04  0.607328
  1075  0.608
