  0  0
  0.002  0.028
  0.004  0.056
  0.006  0.084
  0.008  0.112
  0.01  0.14
  0.012  0.168
  0.014  0.196
  0.016  0.224
  0.018  0.252
  0.02  0.28
  0.022  0.308
  0.024  0.336
  0.026  0.364
  0.028  0.392
  0.03  0.42
  0.032  0.448
  0.034  0.476
  0.036  0.504
  0.038  0.532
  0.04  0.56
  0.042  0.588
  0.044  0.616
  0.046  0.644
  0.048  0.672
  0.05  0.7
  0.052  0.712
  0.054  0.724
  0.056  0.736
  0.058  0.748
  0.06  0.76
  0.062  0.772
  0.064  0.784
  0.066  0.796
  0.068  0.808
  0.07  0.82
  0.072  0.832
  0.074  0.844
  0.076  0.856
  0.078  0.868
  0.08  0.88
  0.082  0.892
  0.084  0.904
  0.086  0.916
  0.088  0.928
  0.09  0.94
  0.092  0.952
  0.094  0.964
  0.096  0.976
  0.098  0.988
  0.1  1
  0.102  1
  0.104  1
  0.106  1
  0.108  1
  0.11  1
  0.112  1
  0.114  1
  0.116  1
  0.118  1
  0.12  1
  0.122  1
  0.124  1
  0.126  1
  0.128  1
  0.13  1
  0.132  1
  0.134  1
  0.136  1
  0.138  1
  0.14  1
  0.142  1
  0.144  1
  0.146  1
  0.148  1
  0.15  1
  0.152  1
  0.154  1
  0.156  1
  0.158  1
  0.16  1
  0.162  1
  0.164  1
  0.166  1
  0.168  1
  0.17  1
  0.172  1
  0.174  1
  0.176  1
  0.178  1
  0.18  1
  0.182  1
  0.184  1
  0.186  1
  0.188  1
  0.19  1
  0.192  1
  0.194  1
  0.196  1
  0.198  1
  0.2  1
  0.202  0.997667
  0.204  0.995333
  0.206  0.993
  0.208  0.990667
  0.21  0.988333
  0.212  0.986
  0.214  0.983667
  0.216  0.981333
  0.218  0.979
  0.22  0.976667
  0.222  0.974333
  0.224  0.972
  0.226  0.969667
  0.228  0.967333
  0.23  0.965
  0.232  0.962667
  0.234  0.960333
  0.236  0.958
  0.238  0.955667
  0.24  0.953333
  0.242  0.951
  0.244  0.948667
  0.246  0.946333
  0.248  0.944
  0.25  0.941667
  0.252  0.939333
  0.254  0.937
  0.256  0.934667
  0.258  0.932333
  0.26  0.93
  0.262  0.927667
  0.264  0.925333
  0.266  0.923
  0.268  0.920667
  0.27  0.918333
  0.272  0.916
  0.274  0.913667
  0.276  0.911333
  0.278  0.909
  0.28  0.906667
  0.282  0.904333
  0.284  0.902
  0.286  0.899667
  0.288  0.897333
  0.29  0.895
  0.292  0.892667
  0.294  0.890333
  0.296  0.888
  0.298  0.885667
  0.3  0.883333
  0.302  0.881
  0.304  0.878667
  0.306  0.876333
  0.308  0.874
  0.31  0.871667
  0.312  0.869333
  0.314  0.867
  0.316  0.864667
  0.318  0.862333
  0.32  0.86
  0.322  0.857667
  0.324  0.855333
  0.326  0.853
  0.328  0.850667
  0.33  0.848333
  0.332  0.846
  0.334  0.843667
  0.336  0.841333
  0.338  0.839
  0.34  0.836667
  0.342  0.834333
  0.344  0.832
  0.346  0.829667
  0.348  0.827333
  0.35  0.825
  0.352  0.822667
  0.354  0.820333
  0.356  0.818
  0.358  0.815667
  0.36  0.813333
  0.362  0.811
  0.364  0.808667
  0.366  0.806333
  0.368  0.804
  0.37  0.801667
  0.372  0.799333
  0.374  0.797
  0.376  0.794667
  0.378  0.792333
  0.38  0.79
  0.382  0.787667
  0.384  0.785333
  0.386  0.783
  0.388  0.780667
  0.39  0.778333
  0.392  0.776
  0.394  0.773667
  0.396  0.771333
  0.398  0.769
  0.4  0.766667
  0.402  0.764333
  0.404  0.762
  0.406  0.759667
  0.408  0.757333
  0.41  0.755
  0.412  0.752667
  0.414  0.750333
  0.416  0.748
  0.418  0.745667
  0.42  0.743333
  0.422  0.741
  0.424  0.738667
  0.426  0.736333
  0.428  0.734
  0.43  0.731667
  0.432  0.729333
  0.434  0.727
  0.436  0.724667
  0.438  0.722333
  0.44  0.72
  0.442  0.717667
  0.444  0.715333
  0.446  0.713
  0.448  0.710667
  0.45  0.708333
  0.452  0.706
  0.454  0.703667
  0.456  0.701333
  0.458  0.699
  0.46  0.696667
  0.462  0.694333
  0.464  0.692
  0.466  0.689667
  0.468  0.687333
  0.47  0.685
  0.472  0.682667
  0.474  0.680333
  0.476  0.678
  0.478  0.675667
  0.48  0.673333
  0.482  0.671
  0.484  0.668667
  0.486  0.666333
  0.488  0.664
  0.49  0.661667
  0.492  0.659333
  0.494  0.657
  0.496  0.654667
  0.498  0.652333
  0.5  0.65
  0.502  0.647667
  0.504  0.645333
  0.506  0.643
  0.508  0.640667
  0.51  0.638333
  0.512  0.636
  0.514  0.633667
  0.516  0.631333
  0.518  0.629
  0.52  0.626667
  0.522  0.624333
  0.524  0.622
  0.526  0.619667
  0.528  0.617333
  0.53  0.615
  0.532  0.612667
  0.534  0.610333
  0.536  0.608
  0.538  0.605667
  0.54  0.603333
  0.542  0.601
  0.544  0.598667
  0.546  0.596333
  0.548  0.594
  0.55  0.591667
  0.552  0.589333
  0.554  0.587
  0.556  0.584667
  0.558  0.582333
  0.56  0.58
  0.562  0.577667
  0.564  0.575333
  0.566  0.573
  0.568  0.570667
  0.57  0.568333
  0.572  0.566
  0.574  0.563667
  0.576  0.561333
  0.578  0.559
  0.58  0.556667
  0.582  0.554333
  0.584  0.552
  0.586  0.549667
  0.588  0.547333
  0.59  0.545
  0.592  0.542667
  0.594  0.540333
  0.596  0.538
  0.598  0.535667
  0.6  0.533333
  0.602  0.531
  0.604  0.528667
  0.606  0.526333
  0.608  0.524
  0.61  0.521667
  0.612  0.519333
  0.614  0.517
  0.616  0.514667
  0.618  0.512333
  0.62  0.51
  0.622  0.507667
  0.624  0.505333
  0.626  0.503
  0.628  0.500667
  0.63  0.498333
  0.632  0.496
  0.634  0.493667
  0.636  0.491333
  0.638  0.489
  0.64  0.486667
  0.642  0.484333
  0.644  0.482
  0.646  0.479667
  0.648  0.477333
  0.65  0.475
  0.652  0.472667
  0.654  0.470333
  0.656  0.468
  0.658  0.465667
  0.66  0.463333
  0.662  0.461
  0.664  0.458667
  0.666  0.456333
  0.668  0.454
  0.67  0.451667
  0.672  0.449333
  0.674  0.447
  0.676  0.444667
  0.678  0.442333
  0.68  0.44
  0.682  0.437667
  0.684  0.435333
  0.686  0.433
  0.688  0.430667
  0.69  0.428333
  0.692  0.426
  0.694  0.423667
  0.696  0.421333
  0.698  0.419
  0.7  0.416667
  0.702  0.414333
  0.704  0.412
  0.706  0.409667
  0.708  0.407333
  0.71  0.405
  0.712  0.402667
  0.714  0.400333
  0.716  0.398
  0.718  0.395667
  0.72  0.393333
  0.722  0.391
  0.724  0.388667
  0.726  0.386333
  0.728  0.384
  0.73  0.381667
  0.732  0.379333
  0.734  0.377
  0.736  0.374667
  0.738  0.372333
  0.74  0.37
  0.742  0.367667
  0.744  0.365333
  0.746  0.363
  0.748  0.360667
  0.75  0.358333
  0.752  0.356
  0.754  0.353667
  0.756  0.351333
  0.758  0.349
  0.76  0.346667
  0.762  0.344333
  0.764  0.342
  0.766  0.339667
  0.768  0.337333
  0.77  0.335
  0.772  0.332667
  0.774  0.330333
  0.776  0.328
  0.778  0.325667
  0.78  0.323333
  0.782  0.321
  0.784  0.318667
  0.786  0.316333
  0.788  0.314
  0.79  0.311667
  0.792  0.309333
  0.794  0.307
  0.796  0.304667
  0.798  0.302333
  0.8  0.3
  0.802  0.29
  0.804  0.28
  0.806  0.27
  0.808  0.26
  0.81  0.25
  0.812  0.24
  0.814  0.23
  0.816  0.22
  0.818  0.21
  0.82  0.2
  0.822  0.19
  0.824  0.18
  0.826  0.17
  0.828  0.16
  0.83  0.15
  0.832  0.14
  0.834  0.13
  0.836  0.12
  0.838  0.11
  0.84  0.1
  0.842  0.09
  0.844  0.08
  0.846  0.07
  0.848  0.06
  0.85  0.05
  0.852  0.052
  0.854  0.054
  0.856  0.056
  0.858  0.058
  0.86  0.06
  0.862  0.062
  0.864  0.064
  0.866  0.066
  0.868  0.068
  0.87  0.07
  0.872  0.072
  0.874  0.074
  0.876  0.076
  0.878  0.078
  0.88  0.08
  0.882  0.082
  0.884  0.084
  0.886  0.086
  0.888  0.088
  0.89  0.09
  0.892  0.092
  0.894  0.094
  0.896  0.096
  0.898  0.098
  0.9  0.1
  0.902  0.118
  0.904  0.136
  0.906  0.154
  0.908  0.172
  0.91  0.19
  0.912  0.208
  0.914  0.226
  0.916  0.244
  0.918  0.262
  0.92  0.28
  0.922  0.298
  0.924  0.316
  0.926  0.334
  0.928  0.352
  0.93  0.37
  0.932  0.388
  0.934  0.406
  0.936  0.424
  0.938  0.442
  0.94  0.46
  0.942  0.478
  0.944  0.496
  0.946  0.514
  0.948  0.532
  0.95  0.55
  0.952  0.568
  0.954  0.586
  0.956  0.604
  0.958  0.622
  0.96  0.64
  0.962  0.658
  0.964  0.676
  0.966  0.694
  0.968  0.712
  0.97  0.73
  0.972  0.748
  0.974  0.766
  0.976  0.784
  0.978  0.802
  0.98  0.82
  0.982  0.838
  0.984  0.856
  0.986  0.874
  0.988  0.892
  0.99  0.91
  0.992  0.928
  0.994  0.946
  0.996  0.964
  0.998  0.982
  1  1
