  0  1
  0.01  1.01
  0.02  1.02
  0.03  1.03
  0.04  1.04
  0.05  1.05
  0.06  1.06
  0.07  1.07
  0.08  1.08
  0.09  1.09
  0.1  1.1
  0.11  1.11
  0.12  1.12
  0.13  1.13
  0.14  1.14
  0.15  1.15
  0.16  1.16
  0.17  1.17
  0.18  1.18
  0.19  1.19
  0.2  1.2
  0.21  1.21
  0.22  1.22
  0.23  1.23
  0.24  1.24
  0.25  1.25
  0.26  1.26
  0.27  1.27
  0.28  1.28
  0.29  1.29
  0.3  1.3
  0.31  1.31
  0.32  1.32
  0.33  1.33
  0.34  1.34
  0.35  1.35
  0.36  1.36
  0.37  1.37
  0.38  1.38
  0.39  1.39
  0.4  1.4
  0.41  1.41
  0.42  1.42
  0.43  1.43
  0.44  1.44
  0.45  1.45
  0.46  1.46
  0.47  1.47
  0.48  1.48
  0.49  1.49
  0.5  1.5
  0.51  1.51
  0.52  1.52
  0.53  1.53
  0.54  1.54
  0.55  1.55
  0.56  1.56
  0.57  1.57
  0.58  1.58
  0.59  1.59
  0.6  1.6
  0.61  1.61
  0.62  1.62
  0.63  1.63
  0.64  1.64
  0.65  1.65
  0.66  1.66
  0.67  1.67
  0.68  1.68
  0.69  1.69
  0.7  1.7
  0.71  1.71
  0.72  1.72
  0.73  1.73
  0.74  1.74
  0.75  1.75
  0.76  1.76
  0.77  1.77
  0.78  1.78
  0.79  1.79
  0.8  1.8
  0.81  1.81
  0.82  1.82
  0.83  1.83
  0.84  1.84
  0.85  1.85
  0.86  1.86
  0.87  1.87
  0.88  1.88
  0.89  1.89
  0.9  1.9
  0.91  1.91
  0.92  1.92
  0.93  1.93
  0.94  1.94
  0.95  1.95
  0.96  1.96
  0.97  1.97
  0.98  1.98
  0.99  1.99
  1  2
  1.01  2
  1.02  2
  1.03  2
  1.04  2
  1.05  2
  1.06  2
  1.07  2
  1.08  2
  1.09  2
  1.1  2
  1.11  2
  1.12  2
  1.13  2
  1.14  2
  1.15  2
  1.16  2
  1.17  2
  1.18  2
  1.19  2
  1.2  2
  1.21  2
  1.22  2
  1.23  2
  1.24  2
  1.25  2
  1.26  2
  1.27  2
  1.28  2
  1.29  2
  1.3  2
  1.31  2
  1.32  2
  1.33  2
  1.34  2
  1.35  2
  1.36  2
  1.37  2
  1.38  2
  1.39  2
  1.4  2
  1.41  2
  1.42  2
  1.43  2
  1.44  2
  1.45  2
  1.46  2
  1.47  2
  1.48  2
  1.49  2
  1.5  2
  1.51  2
  1.52  2
  1.53  2
  1.54  2
  1.55  2
  1.56  2
  1.57  2
  1.58  2
  1.59  2
  1.6  2
  1.61  2
  1.62  2
  1.63  2
  1.64  2
  1.65  2
  1.66  2
  1.67  2
  1.68  2
  1.69  2
  1.7  2
  1.71  2
  1.72  2
  1.73  2
  1.74  2
  1.75  2
  1.76  2
  1.77  2
  1.78  2
  1.79  2
  1.8  2
  1.81  2
  1.82  2
  1.83  2
  1.84  2
  1.85  2
  1.86  2
  1.87  2
  1.88  2
  1.89  2
  1.9  2
  1.91  2
  1.92  2
  1.93  2
  1.94  2
  1.95  2
  1.96  2
  1.97  2
  1.98  2
  1.99  2
  2  2
  2.01  2
  2.02  2
  2.03  2
  2.04  2
  2.05  2
  2.06  2
  2.07  2
  2.08  2
  2.09  2
  2.1  2
  2.11  2
  2.12  2
  2.13  2
  2.14  2
  2.15  2
  2.16  2
  2.17  2
  2.18  2
  2.19  2
  2.2  2
  2.21  2
  2.22  2
  2.23  2
  2.24  2
  2.25  2
  2.26  2
  2.27  2
  2.28  2
  2.29  2
  2.3  2
  2.31  2
  2.32  2
  2.33  2
  2.34  2
  2.35  2
  2.36  2
  2.37  2
  2.38  2
  2.39  2
  2.4  2
  2.41  2
  2.42  2
  2.43  2
  2.44  2
  2.45  2
  2.46  2
  2.47  2
  2.48  2
  2.49  2
  2.5  2
  2.51  2
  2.52  2
  2.53  2
  2.54  2
  2.55  2
  2.56  2
  2.57  2
  2.58  2
  2.59  2
  2.6  2
  2.61  2
  2.62  2
  2.63  2
  2.64  2
  2.65  2
  2.66  2
  2.67  2
  2.68  2
  2.69  2
  2.7  2
  2.71  2
  2.72  2
  2.73  2
  2.74  2
  2.75  2
  2.76  2
  2.77  2
  2.78  2
  2.79  2
  2.8  2
  2.81  2
  2.82  2
  2.83  2
  2.84  2
  2.85  2
  2.86  2
  2.87  2
  2.88  2
  2.89  2
  2.9  2
  2.91  2
  2.92  2
  2.93  2
  2.94  2
  2.95  2
  2.96  2
  2.97  2
  2.98  2
  2.99  2
  3  2
  3.01  2
  3.02  2
  3.03  2
  3.04  2
  3.05  2
  3.06  2
  3.07  2
  3.08  2
  3.09  2
  3.1  2
  3.11  2
  3.12  2
  3.13  2
  3.14  2
  3.15  2
  3.16  2
  3.17  2
  3.18  2
  3.19  2
  3.2  2
  3.21  2
  3.22  2
  3.23  2
  3.24  2
  3.25  2
  3.26  2
  3.27  2
  3.28  2
  3.29  2
  3.3  2
  3.31  2
  3.32  2
  3.33  2
  3.34  2
  3.35  2
  3.36  2
  3.37  2
  3.38  2
  3.39  2
  3.4  2
  3.41  2
  3.42  2
  3.43  2
  3.44  2
  3.45  2
  3.46  2
  3.47  2
  3.48  2
  3.49  2
  3.5  2
  3.51  2
  3.52  2
  3.53  2
  3.54  2
  3.55  2
  3.56  2
  3.57  2
  3.58  2
  3.59  2
  3.6  2
  3.61  2
  3.62  2
  3.63  2
  3.64  2
  3.65  2
  3.66  2
  3.67  2
  3.68  2
  3.69  2
  3.7  2
  3.71  2
  3.72  2
  3.73  2
  3.74  2
  3.75  2
  3.76  2
  3.77  2
  3.78  2
  3.79  2
  3.8  2
  3.81  2
  3.82  2
  3.83  2
  3.84  2
  3.85  2
  3.86  2
  3.87  2
  3.88  2
  3.89  2
  3.9  2
  3.91  2
  3.92  2
  3.93  2
  3.94  2
  3.95  2
  3.96  2
  3.97  2
  3.98  2
  3.99  2
  4  2
  4.01  1.99
  4.02  1.98
  4.03  1.97
  4.04  1.96
  4.05  1.95
  4.06  1.94
  4.07  1.93
  4.08  1.92
  4.09  1.91
  4.1  1.9
  4.11  1.89
  4.12  1.88
  4.13  1.87
  4.14  1.86
  4.15  1.85
  4.16  1.84
  4.17  1.83
  4.18  1.82
  4.19  1.81
  4.2  1.8
  4.21  1.79
  4.22  1.78
  4.23  1.77
  4.24  1.76
  4.25  1.75
  4.26  1.74
  4.27  1.73
  4.28  1.72
  4.29  1.71
  4.3  1.7
  4.31  1.69
  4.32  1.68
  4.33  1.67
  4.34  1.66
  4.35  1.65
  4.36  1.64
  4.37  1.63
  4.38  1.62
  4.39  1.61
  4.4  1.6
  4.41  1.59
  4.42  1.58
  4.43  1.57
  4.44  1.56
  4.45  1.55
  4.46  1.54
  4.47  1.53
  4.48  1.52
  4.49  1.51
  4.5  1.5
  4.51  1.49
  4.52  1.48
  4.53  1.47
  4.54  1.46
  4.55  1.45
  4.56  1.44
  4.57  1.43
  4.58  1.42
  4.59  1.41
  4.6  1.4
  4.61  1.39
  4.62  1.38
  4.63  1.37
  4.64  1.36
  4.65  1.35
  4.66  1.34
  4.67  1.33
  4.68  1.32
  4.69  1.31
  4.7  1.3
  4.71  1.29
  4.72  1.28
  4.73  1.27
  4.74  1.26
  4.75  1.25
  4.76  1.24
  4.77  1.23
  4.78  1.22
  4.79  1.21
  4.8  1.2
  4.81  1.19
  4.82  1.18
  4.83  1.17
  4.84  1.16
  4.85  1.15
  4.86  1.14
  4.87  1.13
  4.88  1.12
  4.89  1.11
  4.9  1.1
  4.91  1.09
  4.92  1.08
  4.93  1.07
  4.94  1.06
  4.95  1.05
  4.96  1.04
  4.97  1.03
  4.98  1.02
  4.99  1.01
  5  1
