  -1  1
  -0.996  0.9928
  -0.992  0.9856
  -0.988  0.9784
  -0.984  0.9712
  -0.98  0.964
  -0.976  0.9568
  -0.972  0.9496
  -0.968  0.9424
  -0.964  0.9352
  -0.96  0.928
  -0.956  0.9208
  -0.952  0.9136
  -0.948  0.9064
  -0.944  0.8992
  -0.94  0.892
  -0.936  0.8848
  -0.932  0.8776
  -0.928  0.8704
  -0.924  0.8632
  -0.92  0.856
  -0.916  0.8488
  -0.912  0.8416
  -0.908  0.8344
  -0.904  0.8272
  -0.9  0.82
  -0.896  0.8128
  -0.892  0.8056
  -0.888  0.7984
  -0.884  0.7912
  -0.88  0.784
  -0.876  0.7768
  -0.872  0.7696
  -0.868  0.7624
  -0.864  0.7552
  -0.86  0.748
  -0.856  0.7408
  -0.852  0.7336
  -0.848  0.7264
  -0.844  0.7192
  -0.84  0.712
  -0.836  0.7048
  -0.832  0.6976
  -0.828  0.6904
  -0.824  0.6832
  -0.82  0.676
  -0.816  0.6688
  -0.812  0.6616
  -0.808  0.6544
  -0.804  0.6472
  -0.8  0.64
  -0.796  0.6344
  -0.792  0.6288
  -0.788  0.6232
  -0.784  0.6176
  -0.78  0.612
  -0.776  0.6064
  -0.772  0.6008
  -0.768  0.5952
  -0.764  0.5896
  -0.76  0.584
  -0.756  0.5784
  -0.752  0.5728
  -0.748  0.5672
  -0.744  0.5616
  -0.74  0.556
  -0.736  0.5504
  -0.732  0.5448
  -0.728  0.5392
  -0.724  0.5336
  -0.72  0.528
  -0.716  0.5224
  -0.712  0.5168
  -0.708  0.5112
  -0.704  0.5056
  -0.7  0.5
  -0.696  0.4944
  -0.692  0.4888
  -0.688  0.4832
  -0.684  0.4776
  -0.68  0.472
  -0.676  0.4664
  -0.672  0.4608
  -0.668  0.4552
  -0.664  0.4496
  -0.66  0.444
  -0.656  0.4384
  -0.652  0.4328
  -0.648  0.4272
  -0.644  0.4216
  -0.64  0.416
  -0.636  0.4104
  -0.632  0.4048
  -0.628  0.3992
  -0.624  0.3936
  -0.62  0.388
  -0.616  0.3824
  -0.612  0.3768
  -0.608  0.3712
  -0.604  0.3656
  -0.6  0.36
  -0.596  0.356
  -0.592  0.352
  -0.588  0.348
  -0.584  0.344
  -0.58  0.34
  -0.576  0.336
  -0.572  0.332
  -0.568  0.328
  -0.564  0.324
  -0.56  0.32
  -0.556  0.316
  -0.552  0.312
  -0.548  0.308
  -0.544  0.304
  -0.54  0.3
  -0.536  0.296
  -0.532  0.292
  -0.528  0.288
  -0.524  0.284
  -0.52  0.28
  -0.516  0.276
  -0.512  0.272
  -0.508  0.268
  -0.504  0.264
  -0.5  0.26
  -0.496  0.256
  -0.492  0.252
  -0.488  0.248
  -0.484  0.244
  -0.48  0.24
  -0.476  0.236
  -0.472  0.232
  -0.468  0.228
  -0.464  0.224
  -0.46  0.22
  -0.456  0.216
  -0.452  0.212
  -0.448  0.208
  -0.444  0.204
  -0.44  0.2
  -0.436  0.196
  -0.432  0.192
  -0.428  0.188
  -0.424  0.184
  -0.42  0.18
  -0.416  0.176
  -0.412  0.172
  -0.408  0.168
  -0.404  0.164
  -0.4  0.16
  -0.396  0.1576
  -0.392  0.1552
  -0.388  0.1528
  -0.384  0.1504
  -0.38  0.148
  -0.376  0.1456
  -0.372  0.1432
  -0.368  0.1408
  -0.364  0.1384
  -0.36  0.136
  -0.356  0.1336
  -0.352  0.1312
  -0.348  0.1288
  -0.344  0.1264
  -0.34  0.124
  -0.336  0.1216
  -0.332  0.1192
  -0.328  0.1168
  -0.324  0.1144
  -0.32  0.112
  -0.316  0.1096
  -0.312  0.1072
  -0.308  0.1048
  -0.304  0.1024
  -0.3  0.1
  -0.296  0.0976
  -0.292  0.0952
  -0.288  0.0928
  -0.284  0.0904
  -0.28  0.088
  -0.276  0.0856
  -0.272  0.0832
  -0.268  0.0808
  -0.264  0.0784
  -0.26  0.076
  -0.256  0.0736
  -0.252  0.0712
  -0.248  0.0688
  -0.244  0.0664
  -0.24  0.064
  -0.236  0.0616
  -0.232  0.0592
  -0.228  0.0568
  -0.224  0.0544
  -0.22  0.052
  -0.216  0.0496
  -0.212  0.0472
  -0.208  0.0448
  -0.204  0.0424
  -0.2  0.04
  -0.196  0.0392
  -0.192  0.0384
  -0.188  0.0376
  -0.184  0.0368
  -0.18  0.036
  -0.176  0.0352
  -0.172  0.0344
  -0.168  0.0336
  -0.164  0.0328
  -0.16  0.032
  -0.156  0.0312
  -0.152  0.0304
  -0.148  0.0296
  -0.144  0.0288
  -0.14  0.028
  -0.136  0.0272
  -0.132  0.0264
  -0.128  0.0256
  -0.124  0.0248
  -0.12  0.024
  -0.116  0.0232
  -0.112  0.0224
  -0.108  0.0216
  -0.104  0.0208
  -0.1  0.02
  -0.096  0.0192
  -0.092  0.0184
  -0.088  0.0176
  -0.084  0.0168
  -0.08  0.016
  -0.076  0.0152
  -0.072  0.0144
  -0.068  0.0136
  -0.064  0.0128
  -0.06  0.012
  -0.056  0.0112
  -0.052  0.0104
  -0.048  0.0096
  -0.044  0.0088
  -0.04  0.008
  -0.036  0.0072
  -0.032  0.0064
  -0.028  0.0056
  -0.024  0.0048
  -0.02  0.004
  -0.016  0.0032
  -0.012  0.0024
  -0.008  0.0016
  -0.004  0.0008
  0  0
  0.004  0.0008
  0.008  0.0016
  0.012  0.0024
  0.016  0.0032
  0.02  0.004
  0.024  0.0048
  0.028  0.0056
  0.032  0.0064
  0.036  0.0072
  0.04  0.008
  0.044  0.0088
  0.048  0.0096
  0.052  0.0104
  0.056  0.0112
  0.06  0.012
  0.064  0.0128
  0.068  0.0136
  0.072  0.0144
  0.076  0.0152
  0.08  0.016
  0.084  0.0168
  0.088  0.0176
  0.092  0.0184
  0.096  0.0192
  0.1  0.02
  0.104  0.0208
  0.108  0.0216
  0.112  0.0224
  0.116  0.0232
  0.12  0.024
  0.124  0.0248
  0.128  0.0256
  0.132  0.0264
  0.136  0.0272
  0.14  0.028
  0.144  0.0288
  0.148  0.0296
  0.152  0.0304
  0.156  0.0312
  0.16  0.032
  0.164  0.0328
  0.168  0.0336
  0.172  0.0344
  0.176  0.0352
  0.18  0.036
  0.184  0.0368
  0.188  0.0376
  0.192  0.0384
  0.196  0.0392
  0.2  0.04
  0.204  0.0521946
  0.208  0.0543947
  0.212  0.0565948
  0.216  0.0587949
  0.22  0.060995
  0.224  0.0631952
  0.228  0.0653953
  0.232  0.0675954
  0.236  0.0697955
  0.24  0.0719956
  0.244  0.0741957
  0.248  0.0763958
  0.252  0.0785959
  0.256  0.080796
  0.26  0.0829961
  0.264  0.0851963
  0.268  0.0873964
  0.272  0.0895965
  0.276  0.0917966
  0.28  0.0939967
  0.284  0.0961968
  0.288  0.0983969
  0.292  0.100597
  0.296  0.102797
  0.3  0.104997
  0.304  0.107197
  0.308  0.109397
  0.312  0.111598
  0.316  0.113798
  0.32  0.115998
  0.324  0.118198
  0.328  0.120398
  0.332  0.122598
  0.336  0.124798
  0.34  0.126998
  0.344  0.129198
  0.348  0.131399
  0.352  0.133599
  0.356  0.135799
  0.36  0.137999
  0.364  0.140199
  0.368  0.142399
  0.372  0.144599
  0.376  0.146799
  0.38  0.148999
  0.384  0.1512
  0.388  0.1534
  0.392  0.1556
  0.396  0.1578
  0.4  0.16
  0.404  0.164
  0.408  0.168
  0.412  0.172
  0.416  0.176
  0.42  0.18
  0.424  0.184
  0.428  0.188
  0.432  0.192
  0.436  0.196
  0.44  0.2
  0.444  0.204
  0.448  0.208
  0.452  0.212
  0.456  0.216
  0.46  0.22
  0.464  0.224
  0.468  0.228
  0.472  0.232
  0.476  0.236
  0.48  0.24
  0.484  0.244
  0.488  0.248
  0.492  0.252
  0.496  0.256
  0.5  0.26
  0.504  0.264
  0.508  0.268
  0.512  0.272
  0.516  0.276
  0.52  0.28
  0.524  0.284
  0.528  0.288
  0.532  0.292
  0.536  0.296
  0.54  0.3
  0.544  0.304
  0.548  0.308
  0.552  0.312
  0.556  0.316
  0.56  0.32
  0.564  0.324
  0.568  0.328
  0.572  0.332
  0.576  0.336
  0.58  0.34
  0.584  0.344
  0.588  0.348
  0.592  0.352
  0.596  0.356
  0.6  0.36
  0.604  0.3656
  0.608  0.3712
  0.612  0.3768
  0.616  0.3824
  0.62  0.388
  0.624  0.3936
  0.628  0.3992
  0.632  0.4048
  0.636  0.4104
  0.64  0.416
  0.644  0.4216
  0.648  0.4272
  0.652  0.4328
  0.656  0.4384
  0.66  0.444
  0.664  0.4496
  0.668  0.4552
  0.672  0.4608
  0.676  0.4664
  0.68  0.472
  0.684  0.4776
  0.688  0.4832
  0.692  0.4888
  0.696  0.4944
  0.7  0.5
  0.704  0.5056
  0.708  0.5112
  0.712  0.5168
  0.716  0.5224
  0.72  0.528
  0.724  0.5336
  0.728  0.5392
  0.732  0.5448
  0.736  0.5504
  0.74  0.556
  0.744  0.5616
  0.748  0.5672
  0.752  0.5728
  0.756  0.5784
  0.76  0.584
  0.764  0.5896
  0.768  0.5952
  0.772  0.6008
  0.776  0.6064
  0.78  0.612
  0.784  0.6176
  0.788  0.6232
  0.792  0.6288
  0.796  0.6344
  0.8  0.64
  0.804  0.6472
  0.808  0.6544
  0.812  0.6616
  0.816  0.6688
  0.82  0.676
  0.824  0.6832
  0.828  0.6904
  0.832  0.6976
  0.836  0.7048
  0.84  0.712
  0.844  0.7192
  0.848  0.7264
  0.852  0.7336
  0.856  0.7408
  0.86  0.748
  0.864  0.7552
  0.868  0.7624
  0.872  0.7696
  0.876  0.7768
  0.88  0.784
  0.884  0.7912
  0.888  0.7984
  0.892  0.8056
  0.896  0.8128
  0.9  0.82
  0.904  0.8272
  0.908  0.8344
  0.912  0.8416
  0.916  0.8488
  0.92  0.856
  0.924  0.8632
  0.928  0.8704
  0.932  0.8776
  0.936  0.8848
  0.94  0.892
  0.944  0.8992
  0.948  0.9064
  0.952  0.9136
  0.956  0.9208
  0.96  0.928
  0.964  0.9352
  0.968  0.9424
  0.972  0.9496
  0.976  0.9568
  0.98  0.964
  0.984  0.9712
  0.988  0.9784
  0.992  0.9856
  0.996  0.9928
  1  1
