  0  0
  0.03  0.15
  0.06  0.3
  0.09  0.45
  0.12  0.6
  0.15  0.75
  0.18  0.9
  0.21  1.05
  0.24  1.2
  0.27  1.35
  0.3  1.5
  0.33  1.65
  0.36  1.8
  0.39  1.95
  0.42  2.1
  0.45  2.25
  0.48  2.4
  0.51  2.55
  0.54  2.7
  0.57  2.85
  0.6  3
  0.63  3.15
  0.66  3.3
  0.69  3.45
  0.72  3.6
  0.75  3.75
  0.78  3.9
  0.81  4.05
  0.84  4.2
  0.87  4.35
  0.9  4.5
  0.93  4.65
  0.96  4.8
  0.99  4.95
  1.02  5.1
  1.05  5.25
  1.08  5.4
  1.11  5.55
  1.14  5.7
  1.17  5.85
  1.2  6
  1.23  6.15
  1.26  6.3
  1.29  6.45
  1.32  6.6
  1.35  6.75
  1.38  6.9
  1.41  7.05
  1.44  7.2
  1.47  7.35
  1.5  7.5
  1.53  7.65
  1.56  7.8
  1.59  7.95
  1.62  8.1
  1.65  8.25
  1.68  8.4
  1.71  8.55
  1.74  8.7
  1.77  8.85
  1.8  9
  1.83  9.15
  1.86  9.3
  1.89  9.45
  1.92  9.6
  1.95  9.75
  1.98  9.9
  2.01  10
  2.04  10
  2.07  10
  2.1  10
  2.13  10
  2.16  10
  2.19  10
  2.22  10
  2.25  10
  2.28  10
  2.31  10
  2.34  10
  2.37  10
  2.4  10
  2.43  10
  2.46  10
  2.49  10
  2.52  10
  2.55  10
  2.58  10
  2.61  10
  2.64  10
  2.67  10
  2.7  10
  2.73  10
  2.76  10
  2.79  10
  2.82  10
  2.85  10
  2.88  10
  2.91  10
  2.94  10
  2.97  10
  3  10
  3.03  10
  3.06  10
  3.09  10
  3.12  10
  3.15  10
  3.18  10
  3.21  10
  3.24  10
  3.27  10
  3.3  10
  3.33  10
  3.36  10
  3.39  10
  3.42  10
  3.45  10
  3.48  10
  3.51  10
  3.54  10
  3.57  10
  3.6  10
  3.63  10
  3.66  10
  3.69  10
  3.72  10
  3.75  10
  3.78  10
  3.81  10
  3.84  10
  3.87  10
  3.9  10
  3.93  10
  3.96  10
  3.99  10
  4.02  10
  4.05  10
  4.08  10
  4.11  10
  4.14  10
  4.17  10
  4.2  10
  4.23  10
  4.26  10
  4.29  10
  4.32  10
  4.35  10
  4.38  10
  4.41  10
  4.44  10
  4.47  10
  4.5  10
  4.53  10
  4.56  10
  4.59  10
  4.62  10
  4.65  10
  4.68  10
  4.71  10
  4.74  10
  4.77  10
  4.8  10
  4.83  10
  4.86  10
  4.89  10
  4.92  10
  4.95  10
  4.98  10
  5.01  10
  5.04  10
  5.07  10
  5.1  10
  5.13  10
  5.16  10
  5.19  10
  5.22  10
  5.25  10
  5.28  10
  5.31  10
  5.34  10
  5.37  10
  5.4  10
  5.43  10
  5.46  10
  5.49  10
  5.52  10
  5.55  10
  5.58  10
  5.61  10
  5.64  10
  5.67  10
  5.7  10
  5.73  10
  5.76  10
  5.79  10
  5.82  10
  5.85  10
  5.88  10
  5.91  10
  5.94  10
  5.97  10
  6  10
  6.03  10
  6.06  10
  6.09  10
  6.12  10
  6.15  10
  6.18  10
  6.21  10
  6.24  10
  6.27  10
  6.3  10
  6.33  10
  6.36  10
  6.39  10
  6.42  10
  6.45  10
  6.48  10
  6.51  10
  6.54  10
  6.57  10
  6.6  10
  6.63  10
  6.66  10
  6.69  10
  6.72  10
  6.75  10
  6.78  10
  6.81  10
  6.84  10
  6.87  10
  6.9  10
  6.93  10
  6.96  10
  6.99  10
  7.02  10
  7.05  10
  7.08  10
  7.11  10
  7.14  10
  7.17  10
  7.2  10
  7.23  10
  7.26  10
  7.29  10
  7.32  10
  7.35  10
  7.38  10
  7.41  10
  7.44  10
  7.47  10
  7.5  10
  7.53  10
  7.56  10
  7.59  10
  7.62  10
  7.65  10
  7.68  10
  7.71  10
  7.74  10
  7.77  10
  7.8  10
  7.83  10
  7.86  10
  7.89  10
  7.92  10
  7.95  10
  7.98  10
  8.01  10.005
  8.04  10.02
  8.07  10.035
  8.1  10.05
  8.13  10.065
  8.16  10.08
  8.19  10.095
  8.22  10.11
  8.25  10.125
  8.28  10.14
  8.31  10.155
  8.34  10.17
  8.37  10.185
  8.4  10.2
  8.43  10.215
  8.46  10.23
  8.49  10.245
  8.52  10.26
  8.55  10.275
  8.58  10.29
  8.61  10.305
  8.64  10.32
  8.67  10.335
  8.7  10.35
  8.73  10.365
  8.76  10.38
  8.79  10.395
  8.82  10.41
  8.85  10.425
  8.88  10.44
  8.91  10.455
  8.94  10.47
  8.97  10.485
  9  10.5
  9.03  10.5675
  9.06  10.635
  9.09  10.7025
  9.12  10.77
  9.15  10.8375
  9.18  10.905
  9.21  10.9725
  9.24  11.04
  9.27  11.1075
  9.3  11.175
  9.33  11.2425
  9.36  11.31
  9.39  11.3775
  9.42  11.445
  9.45  11.5125
  9.48  11.58
  9.51  11.6475
  9.54  11.715
  9.57  11.7825
  9.6  11.85
  9.63  11.9175
  9.66  11.985
  9.69  12.0525
  9.72  12.12
  9.75  12.1875
  9.78  12.255
  9.81  12.3225
  9.84  12.39
  9.87  12.4575
  9.9  12.525
  9.93  12.5925
  9.96  12.66
  9.99  12.7275
  10.02  12.795
  10.05  12.8625
  10.08  12.93
  10.11  12.9975
  10.14  13.065
  10.17  13.1325
  10.2  13.2
  10.23  13.2675
  10.26  13.335
  10.29  13.4025
  10.32  13.47
  10.35  13.5375
  10.38  13.605
  10.41  13.6725
  10.44  13.74
  10.47  13.8075
  10.5  13.875
  10.53  13.9425
  10.56  14.01
  10.59  14.0775
  10.62  14.145
  10.65  14.2125
  10.68  14.28
  10.71  14.3475
  10.74  14.415
  10.77  14.4825
  10.8  14.55
  10.83  14.6175
  10.86  14.685
  10.89  14.7525
  10.92  14.82
  10.95  14.8875
  10.98  14.955
  11.01  15.35
  11.04  16.4
  11.07  17.45
  11.1  18.5
  11.13  19.55
  11.16  20.6
  11.19  21.65
  11.22  22.7
  11.25  23.75
  11.28  24.8
  11.31  25.85
  11.34  26.9
  11.37  27.95
  11.4  29
  11.43  30.05
  11.46  31.1
  11.49  32.15
  11.52  33.2
  11.55  34.25
  11.58  35.3
  11.61  36.35
  11.64  37.4
  11.67  38.45
  11.7  39.5
  11.73  40.55
  11.76  41.6
  11.79  42.65
  11.82  43.7
  11.85  44.75
  11.88  45.8
  11.91  46.85
  11.94  47.9
  11.97  48.95
  12  50
  12.03  50.15
  12.06  50.3
  12.09  50.45
  12.12  50.6
  12.15  50.75
  12.18  50.9
  12.21  51.05
  12.24  51.2
  12.27  51.35
  12.3  51.5
  12.33  51.65
  12.36  51.8
  12.39  51.95
  12.42  52.1
  12.45  52.25
  12.48  52.4
  12.51  52.55
  12.54  52.7
  12.57  52.85
  12.6  53
  12.63  53.15
  12.66  53.3
  12.69  53.45
  12.72  53.6
  12.75  53.75
  12.78  53.9
  12.81  54.05
  12.84  54.2
  12.87  54.35
  12.9  54.5
  12.93  54.65
  12.96  54.8
  12.99  54.95
  13.02  55.1
  13.05  55.25
  13.08  55.4
  13.11  55.55
  13.14  55.7
  13.17  55.85
  13.2  56
  13.23  56.15
  13.26  56.3
  13.29  56.45
  13.32  56.6
  13.35  56.75
  13.38  56.9
  13.41  57.05
  13.44  57.2
  13.47  57.35
  13.5  57.5
  13.53  57.65
  13.56  57.8
  13.59  57.95
  13.62  58.1
  13.65  58.25
  13.68  58.4
  13.71  58.55
  13.74  58.7
  13.77  58.85
  13.8  59
  13.83  59.15
  13.86  59.3
  13.89  59.45
  13.92  59.6
  13.95  59.75
  13.98  59.9
  14.01  60.25
  14.04  61
  14.07  61.75
  14.1  62.5
  14.13  63.25
  14.16  64
  14.19  64.75
  14.22  65.5
  14.25  66.25
  14.28  67
  14.31  67.75
  14.34  68.5
  14.37  69.25
  14.4  70
  14.43  70.75
  14.46  71.5
  14.49  72.25
  14.52  73
  14.55  73.75
  14.58  74.5
  14.61  75.25
  14.64  76
  14.67  76.75
  14.7  77.5
  14.73  78.25
  14.76  79
  14.79  79.75
  14.82  80.5
  14.85  81.25
  14.88  82
  14.91  82.75
  14.94  83.5
  14.97  84.25
  15  85
