22 July 2014 04:56:38 PM

C_SAMPLE_HB:
  C++ version
  SUPERLU solves a single precision complex linear system.
  The matrix is read from a Harwell-Boeing (HB) file.
5x5 complex sample matrix (1-based indexing)                                               

  0-based CC matrix SAMPLE:
     #     I     J         A.r               A.i
  ----  ----  ----  ----------------  ----------------

     0     0     0                19                 0
     1     1     0                12                 0
     2     4     0                12                 0
     3     1     1                21                 0
     4     2     1                12                 0
     5     4     1                12                 0
     6     0     2                21                 0
     7     2     2                16                 0
     8     0     3                21                 0
     9     3     3                 5                 0
    10     3     4                21                 0
    11     4     4                18                 0

CompCol matrix A:
Stype 0, Dtype 2, Mtype 0
nrow 5, ncol 5, nnz 12
nzval: 19.000000  0.000000  12.000000  0.000000  12.000000  0.000000  21.000000  0.000000  12.000000  0.000000  12.000000  0.000000  21.000000  0.000000  16.000000  0.000000  21.000000  0.000000  5.000000  0.000000  21.000000  0.000000  18.000000  0.000000  
rowind: 0  1  4  1  2  4  0  2  0  3  3  4  
colptr: 0  3  6  8  10  12  

CompCol matrix U:
Stype 0, Dtype 2, Mtype 4
nrow 5, ncol 5, nnz 15
nzval: 
rowind: 
colptr: 0  0  0  0  0  0  

SuperNode matrix L:
Stype 3, Dtype 2, Mtype 1
nrow 5, ncol 5, nnz 15, nsuper 0
nzval:
0	0	1.900000e+01	0.000000e+00
1	0	6.315789e-01	0.000000e+00
2	0	0.000000e+00	0.000000e+00
3	0	0.000000e+00	0.000000e+00
4	0	6.315789e-01	0.000000e+00
0	1	0.000000e+00	0.000000e+00
1	1	0.000000e+00	6.315789e-01
2	1	0.000000e+00	0.000000e+00
3	1	0.000000e+00	2.100000e+01
4	1	0.000000e+00	5.714286e-01
0	2	0.000000e+00	0.000000e+00
1	2	2.100000e+01	0.000000e+00
2	2	5.714286e-01	0.000000e+00
3	2	0.000000e+00	0.000000e+00
4	2	5.714286e-01	0.000000e+00
0	3	0.000000e+00	0.000000e+00
1	3	0.000000e+00	5.714286e-01
2	3	0.000000e+00	2.100000e+01
3	3	0.000000e+00	-1.326316e+01
4	3	0.000000e+00	2.357895e+01
0	4	2.100000e+01	0.000000e+00
1	4	-1.326316e+01	0.000000e+00
2	4	2.357895e+01	0.000000e+00
3	4	0.000000e+00	0.000000e+00
4	4	-2.410714e-01	0.000000e+00

nzval_colptr: 0  5  10  15  20  25  
rowind: 0  1  2  3  4  
rowind_colptr: 0  5  5  5  5  5  
col_to_sup: 0  0  0  0  0  
sup_to_col: 0  5  

perm_r
0	0
1	1
2	2
3	3
4	4

  Computed solution:

-0.03125  0
0.0654762  0
0.0133929  0
0.0625  0
0.0327381  0

  Product A*X:

  1  0
  1  0
  1  0
  1  0
  1  0

C_SAMPLE_HB:
  Normal end of execution.

22 July 2014 04:56:38 PM
