     0        0.529109        0.682475        0.385641       0.0523565       0.0273512        0.743259
     1         0.38693        0.265748        -0.16601       0.0674015      -0.0989472       -0.192354
     2        0.499262        0.298895       -0.506967        0.219369       0.0227547        0.335898
     3        0.502236       -0.693604       -0.271295       -0.547852       -0.260948      -0.0835277
     4        0.671862      -0.0353236       -0.664626        -0.25011       -0.247996        0.226479
     5        0.496938        0.154201       0.0698151       0.0543309       0.0565094        0.183843
     6        0.373992         0.23294        0.350417       -0.172378      -0.0999716        0.825018
     7        0.591199       -0.488189        0.699367        0.154685       -0.183996        -0.32838
     8        0.494706     -0.00356668       -0.176185        -0.34099       0.0605599       -0.177097
     9        0.714375        0.505548       -0.576963       -0.288509       0.0316467       -0.230299
    10        0.599515        0.325598         0.22291        0.105284        0.145624      -0.0942712
    11        0.648296       -0.156832               1       -0.376088        0.550788      -0.0853878
    12        0.852991       -0.487987        0.810202       -0.413008       -0.198775       -0.321787
    13         0.46407       0.0429093        -0.53429       -0.339939        0.342148        0.195081
    14        0.750585       -0.247421       -0.439114        -0.62973       -0.153923       -0.241889
    15        0.368205        0.179731       -0.475272        0.491588        0.183939       -0.230307
    16        0.746066        0.227042       -0.800351      -0.0133953        0.585903        -0.17682
    17         0.89955      -0.0681679       -0.236015       -0.119753        0.298135        0.185499
    18        0.427857        0.610264        0.838979       -0.156098       -0.358328       0.0742082
    19        0.548177        0.311255       -0.709132       0.0825208        0.157571      -0.0206105
    20        0.467055       0.0812079       -0.319954       -0.137594      -0.0578218      -0.0964201
    21        0.438787       0.0657277         0.10039         0.58567       -0.396976       -0.209645
    22        0.487829        0.299467       -0.506725       -0.289966       0.0119884       -0.175315
    23        0.716166       -0.829586       -0.123455       0.0126884       -0.369288       0.0928091
    24        0.866354        0.226644        0.742929     -0.00965524       -0.458317       -0.301579
    25        0.558953        0.926325        0.626784       -0.412375         0.18515       -0.282569
    26        0.391915      -0.0695806       0.0334543               1        0.302742         0.01946
    27        0.781691       -0.870822        0.193494        0.652955        0.380218       -0.268433
    28        0.655791         0.19147        0.359182       -0.535429        0.629447       -0.108324
    29        0.670163       -0.757254       -0.183205     -0.00485848        0.430891       -0.010342
    30        0.387805      0.00530243       0.0851131        0.463707        0.300746         0.22895
    31        0.773253       -0.379994       -0.491289       -0.665453      0.00668196        0.486028
    32        0.566309        0.103378       -0.400855       -0.294219       -0.190009      -0.0669136
    33        0.604374        0.697308       -0.519186        0.216785       -0.362287       -0.202617
    34               1       -0.548662      -0.0538914        0.293817        0.299653       -0.116422
    35        0.708626       -0.285334       -0.181317       -0.228578       -0.106658       -0.137926
    36        0.664989       -0.211681       -0.307311        0.218742       -0.212784     -0.00107432
    37        0.700905        0.213898        0.642426       -0.435744        0.918004       -0.268318
    38        0.649598        0.705794        0.240101        0.132576        0.199148       -0.389065
    39        0.606966       0.0247981       -0.186761       -0.369561       -0.363948        0.359456
    40         0.59487       0.0142158       -0.154645       -0.198394       -0.483409       -0.249669
    41        0.682191               1       -0.033471      -0.0773087        0.337054        0.312676
    42        0.766744        0.542299        0.022869       -0.314067      0.00950476        0.264321
    43        0.489342        0.215953       -0.530854        0.160991      -0.0450167       0.0258326
    44        0.720759       -0.136404       -0.704202       -0.161813       -0.225348       -0.104839
    45        0.345293       0.0204662        0.337341         0.62716       -0.460042      -0.0606392
    46        0.570845         0.10798       -0.111834      -0.0217042       -0.202023        -0.10795
    47        0.509108        0.135829       -0.102778        0.705008        0.281722        0.210501
    48        0.714821       -0.046224        0.372328        0.258559       -0.268694        -0.20772
    49         0.53536       -0.598299        0.518859       -0.505972        0.213999        0.247294
    50        0.553397        -0.18528        0.126916       -0.391936       0.0591968       -0.115673
    51        0.575446      0.00472099      -0.0530309       -0.187969        -0.48793       -0.173754
    52        0.468151        0.181065        0.234995      -0.0388664       -0.273496      -0.0915454
    53         0.54212        0.390302       0.0798826        0.833467        -0.23374       -0.127417
    54        0.774219       -0.408757       -0.670161       -0.234308        0.355482       -0.219569
    55        0.403257        0.118698        0.237643        0.293493       -0.152835       -0.300636
    56        0.470833        0.143001       -0.286365        0.279542       -0.259524        0.110818
    57         0.53643       -0.571441        -0.13176        0.158182      -0.0466293        0.229155
    58        0.347508        0.523566        0.152165        0.120413               1       -0.167214
    59        0.309371         0.21249       -0.129587      -0.0703245        0.297754      -0.0754921
    60        0.391759        0.424171        0.599309      -0.0776946        -0.54977        0.239579
    61        0.461262        -0.44037      -0.0764819        0.342995        0.247978        0.157302
    62        0.694918       -0.409761        0.437738       0.0792741       -0.186296       0.0902267
    63         0.63496        0.679533       -0.119253        0.273996        0.102023        0.537495
    64        0.548416       -0.145815        0.286865       -0.210488       -0.231689       -0.276168
    65        0.488157       -0.217557       -0.100183         0.77939       0.0919201       -0.245667
    66        0.451511       0.0493556        0.794071       -0.189026       -0.449431       -0.021757
    67        0.559513       -0.444097      -0.0968041       -0.214957       -0.247911       0.0342032
    68        0.585639        0.346525        0.131177       -0.251501        -0.63207         0.25644
    69        0.264295      -0.0150859        0.651288       0.0656566        0.601133        0.004523
    70        0.528303       -0.331196        0.251618      -0.0176936        0.247154        0.115875
    71        0.384831        0.222042        0.299046     -0.00269221        0.313364        -0.18529
    72        0.460195        0.251807        0.163134        0.189942        -0.37293        -0.10656
    73        0.442336        0.410666     -0.00728014       -0.314028         0.33497         0.23703
    74         0.56482       0.0542283        0.839655      -0.0426814       -0.114315        0.101601
    75        0.391666      -0.0924296        -0.33283      -0.0311008       0.0184952       -0.121272
    76        0.545642        0.564891       -0.156034       0.0962452       -0.598847       -0.144734
    77          0.4912       0.0866358        0.127624        0.171543       -0.190834       -0.248457
    78        0.474661       -0.135341        -0.55652       -0.168925       0.0325206       -0.102281
    79        0.281517       -0.143247        0.089845        0.371655       0.0853426        0.356908
    80        0.275205       -0.192241        0.335188      -0.0665423        -0.04352       0.0604458
    81        0.240674        0.393638        0.229106       -0.133325         0.17919       -0.075033
    82        0.220034      -0.0285645       0.0437232      -0.0747125       0.0698154       0.0450178
    83        0.362379      -0.0480857       -0.279536        0.115788       0.0217738       -0.136291
    84        0.375952        0.282344       -0.485987       -0.311234         0.10922       -0.105156
    85        0.439201       -0.363116       -0.178843        0.179461         -0.0485        0.714727
    86        0.267639       -0.187932        0.202665        0.454397       -0.348195       -0.154598
    87        0.195353      0.00860225        0.198941      -0.0803988        0.298586       0.0485599
    88        0.280341       -0.376796      0.00638149       0.0817502      -0.0578584       -0.107847
    89        0.305997        0.126004        -0.37715       -0.133167      -0.0130788     -0.00471677
    90        0.429374      -0.0308038        -0.16626       -0.330613       -0.221865       0.0486736
    91        0.361349        0.201953       0.0657163       0.0438031       -0.385599        0.118466
    92        0.307554       -0.261726        0.218161       0.0549401       0.0281061       -0.140816
    93          0.4092       -0.404038       0.0415467        0.582886        0.143816      0.00380989
    94        0.292387       -0.194263        0.276472      -0.0997858       -0.304671       -0.121745
    95        0.343197       -0.215099       -0.426242       -0.270639       0.0217966      -0.0364147
    96        0.318388        -0.31198        0.252624       -0.149303        0.364033       0.0595276
    97        0.391234        0.285098      -0.0864737       -0.135063        0.186455      -0.0589071
    98         0.27348        0.137078        -0.28317        -0.11441     -0.00453412      -0.0878848
    99        0.193509        0.314636        0.203149      -0.0391202      -0.0610055        0.396544
   100        0.411998        -0.12481        0.488676       -0.153799        0.160861       0.0495392
   101        0.330845      -0.0214024       -0.356863        0.476005      -0.0443229       0.0662264
   102        0.352153      -0.0123189        0.261758        0.131391       -0.227571      -0.0485342
   103        0.431452       0.0191576       -0.285243       0.0730303       -0.319143       0.0719203
   104         0.33944      0.00374356         0.35673        0.422096       -0.113829        0.391431
   105        0.264426        0.074672        0.440289        0.204042       0.0313972        0.210429
   106        0.400083       -0.099343       -0.125855        0.364987        0.128645               1
   107        0.327762      -0.0546057        0.444281        0.241732         0.12418       -0.198626
   108        0.409895       -0.325097       -0.192914      -0.0504847      -0.0592034       0.0472959
   109        0.433015       -0.323518      -0.0100963        0.531388        0.215107        0.138433
   110         0.35957        -0.32874        0.218224       -0.194814       -0.139686        0.490211
   111        0.372508        0.101133      -0.0449232      0.00295111       -0.070623       0.0505291
   112        0.276249        0.116183       0.0223539       0.0675238        0.193401       -0.151682
   113        0.298155        -0.23568        0.143347       -0.336432       0.0124961      -0.0810966
   114        0.320732       -0.119671      -0.0257859       0.0332465       0.0639234       -0.136353
   115        0.286211       -0.194029        0.194059      -0.0152727      -0.0400067      -0.0836469
   116        0.315718        0.166728       -0.019216         0.61869      -0.0275491       -0.221482
   117        0.401013       -0.467423      -0.0830112       -0.115956       -0.125723        0.168491
   118        0.423176        0.413319       -0.775971        0.377072        0.028814       -0.267646
   119        0.430665       -0.215433       0.0158472        0.315845        0.234091        0.135284
   120        0.352998       -0.254948        0.147522        0.206875       0.0750316        0.275052
   121        0.356557        0.155068       -0.135974        0.424573      0.00837369       -0.221129
   122        0.283926         0.30212        0.287002       0.0324063       0.0890174       -0.120904
