  -1  -1  1  0
  -0.9  -1  0.9  -0.085975
  -0.8  -1  0.8  -0.1476
  -0.7  -1  0.7  -0.189975
  -0.6  -1  0.6  -0.2176
  -0.5  -1  0.5  -0.234375
  -0.4  -1  0.4  -0.2436
  -0.3  -1  0.3  -0.247975
  -0.2  -1  0.2  -0.2496
  -0.1  -1  0.1  -0.249975
  0  -1  -0  -0.25
  0.1  -1  -0.1  -0.249975
  0.2  -1  -0.2  -0.2496
  0.3  -1  -0.3  -0.247975
  0.4  -1  -0.4  -0.2436
  0.5  -1  -0.5  -0.234375
  0.6  -1  -0.6  -0.2176
  0.7  -1  -0.7  -0.189975
  0.8  -1  -0.8  -0.1476
  0.9  -1  -0.9  -0.085975
  1  -1  -1  0
  -1  -0.9  0.729  0.085975
  -0.9  -0.9  0.6561  0
  -0.8  -0.9  0.5832  -0.061625
  -0.7  -0.9  0.5103  -0.104
  -0.6  -0.9  0.4374  -0.131625
  -0.5  -0.9  0.3645  -0.1484
  -0.4  -0.9  0.2916  -0.157625
  -0.3  -0.9  0.2187  -0.162
  -0.2  -0.9  0.1458  -0.163625
  -0.1  -0.9  0.0729  -0.164
  0  -0.9  -0  -0.164025
  0.1  -0.9  -0.0729  -0.164
  0.2  -0.9  -0.1458  -0.163625
  0.3  -0.9  -0.2187  -0.162
  0.4  -0.9  -0.2916  -0.157625
  0.5  -0.9  -0.3645  -0.1484
  0.6  -0.9  -0.4374  -0.131625
  0.7  -0.9  -0.5103  -0.104
  0.8  -0.9  -0.5832  -0.061625
  0.9  -0.9  -0.6561  0
  1  -0.9  -0.729  0.085975
  -1  -0.8  0.512  0.1476
  -0.9  -0.8  0.4608  0.061625
  -0.8  -0.8  0.4096  0
  -0.7  -0.8  0.3584  -0.042375
  -0.6  -0.8  0.3072  -0.07
  -0.5  -0.8  0.256  -0.086775
  -0.4  -0.8  0.2048  -0.096
  -0.3  -0.8  0.1536  -0.100375
  -0.2  -0.8  0.1024  -0.102
  -0.1  -0.8  0.0512  -0.102375
  0  -0.8  -0  -0.1024
  0.1  -0.8  -0.0512  -0.102375
  0.2  -0.8  -0.1024  -0.102
  0.3  -0.8  -0.1536  -0.100375
  0.4  -0.8  -0.2048  -0.096
  0.5  -0.8  -0.256  -0.086775
  0.6  -0.8  -0.3072  -0.07
  0.7  -0.8  -0.3584  -0.042375
  0.8  -0.8  -0.4096  0
  0.9  -0.8  -0.4608  0.061625
  1  -0.8  -0.512  0.1476
  -1  -0.7  0.343  0.189975
  -0.9  -0.7  0.3087  0.104
  -0.8  -0.7  0.2744  0.042375
  -0.7  -0.7  0.2401  0
  -0.6  -0.7  0.2058  -0.027625
  -0.5  -0.7  0.1715  -0.0444
  -0.4  -0.7  0.1372  -0.053625
  -0.3  -0.7  0.1029  -0.058
  -0.2  -0.7  0.0686  -0.059625
  -0.1  -0.7  0.0343  -0.06
  0  -0.7  -0  -0.060025
  0.1  -0.7  -0.0343  -0.06
  0.2  -0.7  -0.0686  -0.059625
  0.3  -0.7  -0.1029  -0.058
  0.4  -0.7  -0.1372  -0.053625
  0.5  -0.7  -0.1715  -0.0444
  0.6  -0.7  -0.2058  -0.027625
  0.7  -0.7  -0.2401  0
  0.8  -0.7  -0.2744  0.042375
  0.9  -0.7  -0.3087  0.104
  1  -0.7  -0.343  0.189975
  -1  -0.6  0.216  0.2176
  -0.9  -0.6  0.1944  0.131625
  -0.8  -0.6  0.1728  0.07
  -0.7  -0.6  0.1512  0.027625
  -0.6  -0.6  0.1296  0
  -0.5  -0.6  0.108  -0.016775
  -0.4  -0.6  0.0864  -0.026
  -0.3  -0.6  0.0648  -0.030375
  -0.2  -0.6  0.0432  -0.032
  -0.1  -0.6  0.0216  -0.032375
  0  -0.6  -0  -0.0324
  0.1  -0.6  -0.0216  -0.032375
  0.2  -0.6  -0.0432  -0.032
  0.3  -0.6  -0.0648  -0.030375
  0.4  -0.6  -0.0864  -0.026
  0.5  -0.6  -0.108  -0.016775
  0.6  -0.6  -0.1296  0
  0.7  -0.6  -0.1512  0.027625
  0.8  -0.6  -0.1728  0.07
  0.9  -0.6  -0.1944  0.131625
  1  -0.6  -0.216  0.2176
  -1  -0.5  0.125  0.234375
  -0.9  -0.5  0.1125  0.1484
  -0.8  -0.5  0.1  0.086775
  -0.7  -0.5  0.0875  0.0444
  -0.6  -0.5  0.075  0.016775
  -0.5  -0.5  0.0625  0
  -0.4  -0.5  0.05  -0.009225
  -0.3  -0.5  0.0375  -0.0136
  -0.2  -0.5  0.025  -0.015225
  -0.1  -0.5  0.0125  -0.0156
  0  -0.5  -0  -0.015625
  0.1  -0.5  -0.0125  -0.0156
  0.2  -0.5  -0.025  -0.015225
  0.3  -0.5  -0.0375  -0.0136
  0.4  -0.5  -0.05  -0.009225
  0.5  -0.5  -0.0625  0
  0.6  -0.5  -0.075  0.016775
  0.7  -0.5  -0.0875  0.0444
  0.8  -0.5  -0.1  0.086775
  0.9  -0.5  -0.1125  0.1484
  1  -0.5  -0.125  0.234375
  -1  -0.4  0.064  0.2436
  -0.9  -0.4  0.0576  0.157625
  -0.8  -0.4  0.0512  0.096
  -0.7  -0.4  0.0448  0.053625
  -0.6  -0.4  0.0384  0.026
  -0.5  -0.4  0.032  0.009225
  -0.4  -0.4  0.0256  0
  -0.3  -0.4  0.0192  -0.004375
  -0.2  -0.4  0.0128  -0.006
  -0.1  -0.4  0.0064  -0.006375
  0  -0.4  -0  -0.0064
  0.1  -0.4  -0.0064  -0.006375
  0.2  -0.4  -0.0128  -0.006
  0.3  -0.4  -0.0192  -0.004375
  0.4  -0.4  -0.0256  0
  0.5  -0.4  -0.032  0.009225
  0.6  -0.4  -0.0384  0.026
  0.7  -0.4  -0.0448  0.053625
  0.8  -0.4  -0.0512  0.096
  0.9  -0.4  -0.0576  0.157625
  1  -0.4  -0.064  0.2436
  -1  -0.3  0.027  0.247975
  -0.9  -0.3  0.0243  0.162
  -0.8  -0.3  0.0216  0.100375
  -0.7  -0.3  0.0189  0.058
  -0.6  -0.3  0.0162  0.030375
  -0.5  -0.3  0.0135  0.0136
  -0.4  -0.3  0.0108  0.004375
  -0.3  -0.3  0.0081  0
  -0.2  -0.3  0.0054  -0.001625
  -0.1  -0.3  0.0027  -0.002
  0  -0.3  -0  -0.002025
  0.1  -0.3  -0.0027  -0.002
  0.2  -0.3  -0.0054  -0.001625
  0.3  -0.3  -0.0081  0
  0.4  -0.3  -0.0108  0.004375
  0.5  -0.3  -0.0135  0.0136
  0.6  -0.3  -0.0162  0.030375
  0.7  -0.3  -0.0189  0.058
  0.8  -0.3  -0.0216  0.100375
  0.9  -0.3  -0.0243  0.162
  1  -0.3  -0.027  0.247975
  -1  -0.2  0.008  0.2496
  -0.9  -0.2  0.0072  0.163625
  -0.8  -0.2  0.0064  0.102
  -0.7  -0.2  0.0056  0.059625
  -0.6  -0.2  0.0048  0.032
  -0.5  -0.2  0.004  0.015225
  -0.4  -0.2  0.0032  0.006
  -0.3  -0.2  0.0024  0.001625
  -0.2  -0.2  0.0016  0
  -0.1  -0.2  0.0008  -0.000375
  0  -0.2  -0  -0.0004
  0.1  -0.2  -0.0008  -0.000375
  0.2  -0.2  -0.0016  0
  0.3  -0.2  -0.0024  0.001625
  0.4  -0.2  -0.0032  0.006
  0.5  -0.2  -0.004  0.015225
  0.6  -0.2  -0.0048  0.032
  0.7  -0.2  -0.0056  0.059625
  0.8  -0.2  -0.0064  0.102
  0.9  -0.2  -0.0072  0.163625
  1  -0.2  -0.008  0.2496
  -1  -0.1  0.001  0.249975
  -0.9  -0.1  0.0009  0.164
  -0.8  -0.1  0.0008  0.102375
  -0.7  -0.1  0.0007  0.06
  -0.6  -0.1  0.0006  0.032375
  -0.5  -0.1  0.0005  0.0156
  -0.4  -0.1  0.0004  0.006375
  -0.3  -0.1  0.0003  0.002
  -0.2  -0.1  0.0002  0.000375
  -0.1  -0.1  0.0001  0
  0  -0.1  -0  -2.5e-05
  0.1  -0.1  -0.0001  0
  0.2  -0.1  -0.0002  0.000375
  0.3  -0.1  -0.0003  0.002
  0.4  -0.1  -0.0004  0.006375
  0.5  -0.1  -0.0005  0.0156
  0.6  -0.1  -0.0006  0.032375
  0.7  -0.1  -0.0007  0.06
  0.8  -0.1  -0.0008  0.102375
  0.9  -0.1  -0.0009  0.164
  1  -0.1  -0.001  0.249975
  -1  0  -0  0.25
  -0.9  0  -0  0.164025
  -0.8  0  -0  0.1024
  -0.7  0  -0  0.060025
  -0.6  0  -0  0.0324
  -0.5  0  -0  0.015625
  -0.4  0  -0  0.0064
  -0.3  0  -0  0.002025
  -0.2  0  -0  0.0004
  -0.1  0  -0  2.5e-05
  0  0  0  0
  0.1  0  0  2.5e-05
  0.2  0  0  0.0004
  0.3  0  0  0.002025
  0.4  0  0  0.0064
  0.5  0  0  0.015625
  0.6  0  0  0.0324
  0.7  0  0  0.060025
  0.8  0  0  0.1024
  0.9  0  0  0.164025
  1  0  0  0.25
  -1  0.1  -0.001  0.249975
  -0.9  0.1  -0.0009  0.164
  -0.8  0.1  -0.0008  0.102375
  -0.7  0.1  -0.0007  0.06
  -0.6  0.1  -0.0006  0.032375
  -0.5  0.1  -0.0005  0.0156
  -0.4  0.1  -0.0004  0.006375
  -0.3  0.1  -0.0003  0.002
  -0.2  0.1  -0.0002  0.000375
  -0.1  0.1  -0.0001  0
  0  0.1  0  -2.5e-05
  0.1  0.1  0.0001  0
  0.2  0.1  0.0002  0.000375
  0.3  0.1  0.0003  0.002
  0.4  0.1  0.0004  0.006375
  0.5  0.1  0.0005  0.0156
  0.6  0.1  0.0006  0.032375
  0.7  0.1  0.0007  0.06
  0.8  0.1  0.0008  0.102375
  0.9  0.1  0.0009  0.164
  1  0.1  0.001  0.249975
  -1  0.2  -0.008  0.2496
  -0.9  0.2  -0.0072  0.163625
  -0.8  0.2  -0.0064  0.102
  -0.7  0.2  -0.0056  0.059625
  -0.6  0.2  -0.0048  0.032
  -0.5  0.2  -0.004  0.015225
  -0.4  0.2  -0.0032  0.006
  -0.3  0.2  -0.0024  0.001625
  -0.2  0.2  -0.0016  0
  -0.1  0.2  -0.0008  -0.000375
  0  0.2  0  -0.0004
  0.1  0.2  0.0008  -0.000375
  0.2  0.2  0.0016  0
  0.3  0.2  0.0024  0.001625
  0.4  0.2  0.0032  0.006
  0.5  0.2  0.004  0.015225
  0.6  0.2  0.0048  0.032
  0.7  0.2  0.0056  0.059625
  0.8  0.2  0.0064  0.102
  0.9  0.2  0.0072  0.163625
  1  0.2  0.008  0.2496
  -1  0.3  -0.027  0.247975
  -0.9  0.3  -0.0243  0.162
  -0.8  0.3  -0.0216  0.100375
  -0.7  0.3  -0.0189  0.058
  -0.6  0.3  -0.0162  0.030375
  -0.5  0.3  -0.0135  0.0136
  -0.4  0.3  -0.0108  0.004375
  -0.3  0.3  -0.0081  0
  -0.2  0.3  -0.0054  -0.001625
  -0.1  0.3  -0.0027  -0.002
  0  0.3  0  -0.002025
  0.1  0.3  0.0027  -0.002
  0.2  0.3  0.0054  -0.001625
  0.3  0.3  0.0081  0
  0.4  0.3  0.0108  0.004375
  0.5  0.3  0.0135  0.0136
  0.6  0.3  0.0162  0.030375
  0.7  0.3  0.0189  0.058
  0.8  0.3  0.0216  0.100375
  0.9  0.3  0.0243  0.162
  1  0.3  0.027  0.247975
  -1  0.4  -0.064  0.2436
  -0.9  0.4  -0.0576  0.157625
  -0.8  0.4  -0.0512  0.096
  -0.7  0.4  -0.0448  0.053625
  -0.6  0.4  -0.0384  0.026
  -0.5  0.4  -0.032  0.009225
  -0.4  0.4  -0.0256  0
  -0.3  0.4  -0.0192  -0.004375
  -0.2  0.4  -0.0128  -0.006
  -0.1  0.4  -0.0064  -0.006375
  0  0.4  0  -0.0064
  0.1  0.4  0.0064  -0.006375
  0.2  0.4  0.0128  -0.006
  0.3  0.4  0.0192  -0.004375
  0.4  0.4  0.0256  0
  0.5  0.4  0.032  0.009225
  0.6  0.4  0.0384  0.026
  0.7  0.4  0.0448  0.053625
  0.8  0.4  0.0512  0.096
  0.9  0.4  0.0576  0.157625
  1  0.4  0.064  0.2436
  -1  0.5  -0.125  0.234375
  -0.9  0.5  -0.1125  0.1484
  -0.8  0.5  -0.1  0.086775
  -0.7  0.5  -0.0875  0.0444
  -0.6  0.5  -0.075  0.016775
  -0.5  0.5  -0.0625  0
  -0.4  0.5  -0.05  -0.009225
  -0.3  0.5  -0.0375  -0.0136
  -0.2  0.5  -0.025  -0.015225
  -0.1  0.5  -0.0125  -0.0156
  0  0.5  0  -0.015625
  0.1  0.5  0.0125  -0.0156
  0.2  0.5  0.025  -0.015225
  0.3  0.5  0.0375  -0.0136
  0.4  0.5  0.05  -0.009225
  0.5  0.5  0.0625  0
  0.6  0.5  0.075  0.016775
  0.7  0.5  0.0875  0.0444
  0.8  0.5  0.1  0.086775
  0.9  0.5  0.1125  0.1484
  1  0.5  0.125  0.234375
  -1  0.6  -0.216  0.2176
  -0.9  0.6  -0.1944  0.131625
  -0.8  0.6  -0.1728  0.07
  -0.7  0.6  -0.1512  0.027625
  -0.6  0.6  -0.1296  0
  -0.5  0.6  -0.108  -0.016775
  -0.4  0.6  -0.0864  -0.026
  -0.3  0.6  -0.0648  -0.030375
  -0.2  0.6  -0.0432  -0.032
  -0.1  0.6  -0.0216  -0.032375
  0  0.6  0  -0.0324
  0.1  0.6  0.0216  -0.032375
  0.2  0.6  0.0432  -0.032
  0.3  0.6  0.0648  -0.030375
  0.4  0.6  0.0864  -0.026
  0.5  0.6  0.108  -0.016775
  0.6  0.6  0.1296  0
  0.7  0.6  0.1512  0.027625
  0.8  0.6  0.1728  0.07
  0.9  0.6  0.1944  0.131625
  1  0.6  0.216  0.2176
  -1  0.7  -0.343  0.189975
  -0.9  0.7  -0.3087  0.104
  -0.8  0.7  -0.2744  0.042375
  -0.7  0.7  -0.2401  0
  -0.6  0.7  -0.2058  -0.027625
  -0.5  0.7  -0.1715  -0.0444
  -0.4  0.7  -0.1372  -0.053625
  -0.3  0.7  -0.1029  -0.058
  -0.2  0.7  -0.0686  -0.059625
  -0.1  0.7  -0.0343  -0.06
  0  0.7  0  -0.060025
  0.1  0.7  0.0343  -0.06
  0.2  0.7  0.0686  -0.059625
  0.3  0.7  0.1029  -0.058
  0.4  0.7  0.1372  -0.053625
  0.5  0.7  0.1715  -0.0444
  0.6  0.7  0.2058  -0.027625
  0.7  0.7  0.2401  0
  0.8  0.7  0.2744  0.042375
  0.9  0.7  0.3087  0.104
  1  0.7  0.343  0.189975
  -1  0.8  -0.512  0.1476
  -0.9  0.8  -0.4608  0.061625
  -0.8  0.8  -0.4096  0
  -0.7  0.8  -0.3584  -0.042375
  -0.6  0.8  -0.3072  -0.07
  -0.5  0.8  -0.256  -0.086775
  -0.4  0.8  -0.2048  -0.096
  -0.3  0.8  -0.1536  -0.100375
  -0.2  0.8  -0.1024  -0.102
  -0.1  0.8  -0.0512  -0.102375
  0  0.8  0  -0.1024
  0.1  0.8  0.0512  -0.102375
  0.2  0.8  0.1024  -0.102
  0.3  0.8  0.1536  -0.100375
  0.4  0.8  0.2048  -0.096
  0.5  0.8  0.256  -0.086775
  0.6  0.8  0.3072  -0.07
  0.7  0.8  0.3584  -0.042375
  0.8  0.8  0.4096  0
  0.9  0.8  0.4608  0.061625
  1  0.8  0.512  0.1476
  -1  0.9  -0.729  0.085975
  -0.9  0.9  -0.6561  0
  -0.8  0.9  -0.5832  -0.061625
  -0.7  0.9  -0.5103  -0.104
  -0.6  0.9  -0.4374  -0.131625
  -0.5  0.9  -0.3645  -0.1484
  -0.4  0.9  -0.2916  -0.157625
  -0.3  0.9  -0.2187  -0.162
  -0.2  0.9  -0.1458  -0.163625
  -0.1  0.9  -0.0729  -0.164
  0  0.9  0  -0.164025
  0.1  0.9  0.0729  -0.164
  0.2  0.9  0.1458  -0.163625
  0.3  0.9  0.2187  -0.162
  0.4  0.9  0.2916  -0.157625
  0.5  0.9  0.3645  -0.1484
  0.6  0.9  0.4374  -0.131625
  0.7  0.9  0.5103  -0.104
  0.8  0.9  0.5832  -0.061625
  0.9  0.9  0.6561  0
  1  0.9  0.729  0.085975
  -1  1  -1  0
  -0.9  1  -0.9  -0.085975
  -0.8  1  -0.8  -0.1476
  -0.7  1  -0.7  -0.189975
  -0.6  1  -0.6  -0.2176
  -0.5  1  -0.5  -0.234375
  -0.4  1  -0.4  -0.2436
  -0.3  1  -0.3  -0.247975
  -0.2  1  -0.2  -0.2496
  -0.1  1  -0.1  -0.249975
  0  1  0  -0.25
  0.1  1  0.1  -0.249975
  0.2  1  0.2  -0.2496
  0.3  1  0.3  -0.247975
  0.4  1  0.4  -0.2436
  0.5  1  0.5  -0.234375
  0.6  1  0.6  -0.2176
  0.7  1  0.7  -0.189975
  0.8  1  0.8  -0.1476
  0.9  1  0.9  -0.085975
  1  1  1  0
