  0  0  -0  0
  0.05  0  -0  0
  0.1  0  -0  0
  0.15  0  -0  0
  0.2  0  -0  0
  0.25  0  -0  0
  0.3  0  -0  0
  0.35  0  -0  0
  0.4  0  -0  0
  0.45  0  -0  0
  0.5  0  -0  -0
  0.55  0  -0  -0
  0.6  0  -0  -0
  0.65  0  -0  -0
  0.7  0  -0  -0
  0.75  0  -0  -0
  0.8  0  -0  -0
  0.85  0  -0  -0
  0.9  0  -0  -0
  0.95  0  -0  -0
  1  0  -0  0
  0  0.05  -0  0
  0.05  0.05  -0.000771638  0.000771638
  0.1  0.05  -0.0027702  0.0012996
  0.15  0.05  -0.00555964  0.00161096
  0.2  0.05  -0.0087552  0.0017328
  0.25  0.05  -0.0120234  0.00169219
  0.3  0.05  -0.0150822  0.0015162
  0.35  0.05  -0.0177006  0.00123191
  0.4  0.05  -0.0196992  0.0008664
  0.45  0.05  -0.0209496  0.000446737
  0.5  0.05  -0.021375  -0
  0.55  0.05  -0.0209496  -0.000446738
  0.6  0.05  -0.0196992  -0.0008664
  0.65  0.05  -0.0177006  -0.00123191
  0.7  0.05  -0.0150822  -0.0015162
  0.75  0.05  -0.0120234  -0.00169219
  0.8  0.05  -0.0087552  -0.0017328
  0.85  0.05  -0.00555964  -0.00161096
  0.9  0.05  -0.0027702  -0.0012996
  0.95  0.05  -0.000771638  -0.000771638
  1  0.05  -0  0
  0  0.1  -0  0
  0.05  0.1  -0.0012996  0.0027702
  0.1  0.1  -0.0046656  0.0046656
  0.15  0.1  -0.0093636  0.0057834
  0.2  0.1  -0.0147456  0.0062208
  0.25  0.1  -0.02025  0.006075
  0.3  0.1  -0.0254016  0.0054432
  0.35  0.1  -0.0298116  0.0044226
  0.4  0.1  -0.0331776  0.0031104
  0.45  0.1  -0.0352836  0.0016038
  0.5  0.1  -0.036  -0
  0.55  0.1  -0.0352836  -0.0016038
  0.6  0.1  -0.0331776  -0.0031104
  0.65  0.1  -0.0298116  -0.0044226
  0.7  0.1  -0.0254016  -0.0054432
  0.75  0.1  -0.02025  -0.006075
  0.8  0.1  -0.0147456  -0.0062208
  0.85  0.1  -0.0093636  -0.0057834
  0.9  0.1  -0.0046656  -0.0046656
  0.95  0.1  -0.0012996  -0.0027702
  1  0.1  -0  0
  0  0.15  -0  0
  0.05  0.15  -0.00161096  0.00555964
  0.1  0.15  -0.0057834  0.0093636
  0.15  0.15  -0.011607  0.011607
  0.2  0.15  -0.0182784  0.0124848
  0.25  0.15  -0.0251016  0.0121922
  0.3  0.15  -0.0314874  0.0109242
  0.35  0.15  -0.036954  0.00887591
  0.4  0.15  -0.0411264  0.0062424
  0.45  0.15  -0.043737  0.00321874
  0.5  0.15  -0.044625  -0
  0.55  0.15  -0.043737  -0.00321874
  0.6  0.15  -0.0411264  -0.0062424
  0.65  0.15  -0.036954  -0.00887591
  0.7  0.15  -0.0314874  -0.0109242
  0.75  0.15  -0.0251016  -0.0121922
  0.8  0.15  -0.0182784  -0.0124848
  0.85  0.15  -0.011607  -0.011607
  0.9  0.15  -0.0057834  -0.0093636
  0.95  0.15  -0.00161096  -0.00555964
  1  0.15  -0  0
  0  0.2  -0  0
  0.05  0.2  -0.0017328  0.0087552
  0.1  0.2  -0.0062208  0.0147456
  0.15  0.2  -0.0124848  0.0182784
  0.2  0.2  -0.0196608  0.0196608
  0.25  0.2  -0.027  0.0192
  0.3  0.2  -0.0338688  0.0172032
  0.35  0.2  -0.0397488  0.0139776
  0.4  0.2  -0.0442368  0.0098304
  0.45  0.2  -0.0470448  0.0050688
  0.5  0.2  -0.048  -0
  0.55  0.2  -0.0470448  -0.0050688
  0.6  0.2  -0.0442368  -0.0098304
  0.65  0.2  -0.0397488  -0.0139776
  0.7  0.2  -0.0338688  -0.0172032
  0.75  0.2  -0.027  -0.0192
  0.8  0.2  -0.0196608  -0.0196608
  0.85  0.2  -0.0124848  -0.0182784
  0.9  0.2  -0.0062208  -0.0147456
  0.95  0.2  -0.0017328  -0.0087552
  1  0.2  -0  0
  0  0.25  -0  0
  0.05  0.25  -0.00169219  0.0120234
  0.1  0.25  -0.006075  0.02025
  0.15  0.25  -0.0121922  0.0251016
  0.2  0.25  -0.0192  0.027
  0.25  0.25  -0.0263672  0.0263672
  0.3  0.25  -0.033075  0.023625
  0.35  0.25  -0.0388172  0.0191953
  0.4  0.25  -0.0432  0.0135
  0.45  0.25  -0.0459422  0.00696094
  0.5  0.25  -0.046875  -0
  0.55  0.25  -0.0459422  -0.00696094
  0.6  0.25  -0.0432  -0.0135
  0.65  0.25  -0.0388172  -0.0191953
  0.7  0.25  -0.033075  -0.023625
  0.75  0.25  -0.0263672  -0.0263672
  0.8  0.25  -0.0192  -0.027
  0.85  0.25  -0.0121922  -0.0251016
  0.9  0.25  -0.006075  -0.02025
  0.95  0.25  -0.00169219  -0.0120234
  1  0.25  -0  0
  0  0.3  -0  0
  0.05  0.3  -0.0015162  0.0150822
  0.1  0.3  -0.0054432  0.0254016
  0.15  0.3  -0.0109242  0.0314874
  0.2  0.3  -0.0172032  0.0338688
  0.25  0.3  -0.023625  0.033075
  0.3  0.3  -0.0296352  0.0296352
  0.35  0.3  -0.0347802  0.0240786
  0.4  0.3  -0.0387072  0.0169344
  0.45  0.3  -0.0411642  0.0087318
  0.5  0.3  -0.042  -0
  0.55  0.3  -0.0411642  -0.0087318
  0.6  0.3  -0.0387072  -0.0169344
  0.65  0.3  -0.0347802  -0.0240786
  0.7  0.3  -0.0296352  -0.0296352
  0.75  0.3  -0.023625  -0.033075
  0.8  0.3  -0.0172032  -0.0338688
  0.85  0.3  -0.0109242  -0.0314874
  0.9  0.3  -0.0054432  -0.0254016
  0.95  0.3  -0.0015162  -0.0150822
  1  0.3  -0  0
  0  0.35  -0  0
  0.05  0.35  -0.00123191  0.0177006
  0.1  0.35  -0.0044226  0.0298116
  0.15  0.35  -0.00887591  0.036954
  0.2  0.35  -0.0139776  0.0397488
  0.25  0.35  -0.0191953  0.0388172
  0.3  0.35  -0.0240786  0.0347802
  0.35  0.35  -0.0282589  0.0282589
  0.4  0.35  -0.0314496  0.0198744
  0.45  0.35  -0.0334459  0.0102477
  0.5  0.35  -0.034125  -0
  0.55  0.35  -0.0334459  -0.0102477
  0.6  0.35  -0.0314496  -0.0198744
  0.65  0.35  -0.0282589  -0.0282589
  0.7  0.35  -0.0240786  -0.0347802
  0.75  0.35  -0.0191953  -0.0388172
  0.8  0.35  -0.0139776  -0.0397488
  0.85  0.35  -0.00887591  -0.036954
  0.9  0.35  -0.0044226  -0.0298116
  0.95  0.35  -0.00123191  -0.0177006
  1  0.35  -0  0
  0  0.4  -0  0
  0.05  0.4  -0.0008664  0.0196992
  0.1  0.4  -0.0031104  0.0331776
  0.15  0.4  -0.0062424  0.0411264
  0.2  0.4  -0.0098304  0.0442368
  0.25  0.4  -0.0135  0.0432
  0.3  0.4  -0.0169344  0.0387072
  0.35  0.4  -0.0198744  0.0314496
  0.4  0.4  -0.0221184  0.0221184
  0.45  0.4  -0.0235224  0.0114048
  0.5  0.4  -0.024  -0
  0.55  0.4  -0.0235224  -0.0114048
  0.6  0.4  -0.0221184  -0.0221184
  0.65  0.4  -0.0198744  -0.0314496
  0.7  0.4  -0.0169344  -0.0387072
  0.75  0.4  -0.0135  -0.0432
  0.8  0.4  -0.0098304  -0.0442368
  0.85  0.4  -0.0062424  -0.0411264
  0.9  0.4  -0.0031104  -0.0331776
  0.95  0.4  -0.0008664  -0.0196992
  1  0.4  -0  0
  0  0.45  -0  0
  0.05  0.45  -0.000446738  0.0209496
  0.1  0.45  -0.0016038  0.0352836
  0.15  0.45  -0.00321874  0.043737
  0.2  0.45  -0.0050688  0.0470448
  0.25  0.45  -0.00696094  0.0459422
  0.3  0.45  -0.0087318  0.0411642
  0.35  0.45  -0.0102477  0.0334459
  0.4  0.45  -0.0114048  0.0235224
  0.45  0.45  -0.0121287  0.0121287
  0.5  0.45  -0.012375  -0
  0.55  0.45  -0.0121287  -0.0121287
  0.6  0.45  -0.0114048  -0.0235224
  0.65  0.45  -0.0102477  -0.0334459
  0.7  0.45  -0.0087318  -0.0411642
  0.75  0.45  -0.00696094  -0.0459422
  0.8  0.45  -0.0050688  -0.0470448
  0.85  0.45  -0.00321874  -0.043737
  0.9  0.45  -0.0016038  -0.0352836
  0.95  0.45  -0.000446738  -0.0209496
  1  0.45  -0  0
  0  0.5  0  0
  0.05  0.5  0  0.021375
  0.1  0.5  0  0.036
  0.15  0.5  0  0.044625
  0.2  0.5  0  0.048
  0.25  0.5  0  0.046875
  0.3  0.5  0  0.042
  0.35  0.5  0  0.034125
  0.4  0.5  0  0.024
  0.45  0.5  0  0.012375
  0.5  0.5  0  -0
  0.55  0.5  0  -0.012375
  0.6  0.5  0  -0.024
  0.65  0.5  0  -0.034125
  0.7  0.5  0  -0.042
  0.75  0.5  0  -0.046875
  0.8  0.5  0  -0.048
  0.85  0.5  0  -0.044625
  0.9  0.5  0  -0.036
  0.95  0.5  0  -0.021375
  1  0.5  0  0
  0  0.55  0  0
  0.05  0.55  0.000446738  0.0209496
  0.1  0.55  0.0016038  0.0352836
  0.15  0.55  0.00321874  0.043737
  0.2  0.55  0.0050688  0.0470448
  0.25  0.55  0.00696094  0.0459422
  0.3  0.55  0.0087318  0.0411642
  0.35  0.55  0.0102477  0.0334459
  0.4  0.55  0.0114048  0.0235224
  0.45  0.55  0.0121287  0.0121287
  0.5  0.55  0.012375  -0
  0.55  0.55  0.0121287  -0.0121287
  0.6  0.55  0.0114048  -0.0235224
  0.65  0.55  0.0102477  -0.0334459
  0.7  0.55  0.0087318  -0.0411642
  0.75  0.55  0.00696094  -0.0459422
  0.8  0.55  0.0050688  -0.0470448
  0.85  0.55  0.00321874  -0.043737
  0.9  0.55  0.0016038  -0.0352836
  0.95  0.55  0.000446738  -0.0209496
  1  0.55  0  0
  0  0.6  0  0
  0.05  0.6  0.0008664  0.0196992
  0.1  0.6  0.0031104  0.0331776
  0.15  0.6  0.0062424  0.0411264
  0.2  0.6  0.0098304  0.0442368
  0.25  0.6  0.0135  0.0432
  0.3  0.6  0.0169344  0.0387072
  0.35  0.6  0.0198744  0.0314496
  0.4  0.6  0.0221184  0.0221184
  0.45  0.6  0.0235224  0.0114048
  0.5  0.6  0.024  -0
  0.55  0.6  0.0235224  -0.0114048
  0.6  0.6  0.0221184  -0.0221184
  0.65  0.6  0.0198744  -0.0314496
  0.7  0.6  0.0169344  -0.0387072
  0.75  0.6  0.0135  -0.0432
  0.8  0.6  0.0098304  -0.0442368
  0.85  0.6  0.0062424  -0.0411264
  0.9  0.6  0.0031104  -0.0331776
  0.95  0.6  0.0008664  -0.0196992
  1  0.6  0  0
  0  0.65  0  0
  0.05  0.65  0.00123191  0.0177006
  0.1  0.65  0.0044226  0.0298116
  0.15  0.65  0.00887591  0.036954
  0.2  0.65  0.0139776  0.0397488
  0.25  0.65  0.0191953  0.0388172
  0.3  0.65  0.0240786  0.0347802
  0.35  0.65  0.0282589  0.0282589
  0.4  0.65  0.0314496  0.0198744
  0.45  0.65  0.0334459  0.0102477
  0.5  0.65  0.034125  -0
  0.55  0.65  0.0334459  -0.0102477
  0.6  0.65  0.0314496  -0.0198744
  0.65  0.65  0.0282589  -0.0282589
  0.7  0.65  0.0240786  -0.0347802
  0.75  0.65  0.0191953  -0.0388172
  0.8  0.65  0.0139776  -0.0397488
  0.85  0.65  0.00887591  -0.036954
  0.9  0.65  0.0044226  -0.0298116
  0.95  0.65  0.00123191  -0.0177006
  1  0.65  0  0
  0  0.7  0  0
  0.05  0.7  0.0015162  0.0150822
  0.1  0.7  0.0054432  0.0254016
  0.15  0.7  0.0109242  0.0314874
  0.2  0.7  0.0172032  0.0338688
  0.25  0.7  0.023625  0.033075
  0.3  0.7  0.0296352  0.0296352
  0.35  0.7  0.0347802  0.0240786
  0.4  0.7  0.0387072  0.0169344
  0.45  0.7  0.0411642  0.0087318
  0.5  0.7  0.042  -0
  0.55  0.7  0.0411642  -0.0087318
  0.6  0.7  0.0387072  -0.0169344
  0.65  0.7  0.0347802  -0.0240786
  0.7  0.7  0.0296352  -0.0296352
  0.75  0.7  0.023625  -0.033075
  0.8  0.7  0.0172032  -0.0338688
  0.85  0.7  0.0109242  -0.0314874
  0.9  0.7  0.0054432  -0.0254016
  0.95  0.7  0.0015162  -0.0150822
  1  0.7  0  0
  0  0.75  0  0
  0.05  0.75  0.00169219  0.0120234
  0.1  0.75  0.006075  0.02025
  0.15  0.75  0.0121922  0.0251016
  0.2  0.75  0.0192  0.027
  0.25  0.75  0.0263672  0.0263672
  0.3  0.75  0.033075  0.023625
  0.35  0.75  0.0388172  0.0191953
  0.4  0.75  0.0432  0.0135
  0.45  0.75  0.0459422  0.00696094
  0.5  0.75  0.046875  -0
  0.55  0.75  0.0459422  -0.00696094
  0.6  0.75  0.0432  -0.0135
  0.65  0.75  0.0388172  -0.0191953
  0.7  0.75  0.033075  -0.023625
  0.75  0.75  0.0263672  -0.0263672
  0.8  0.75  0.0192  -0.027
  0.85  0.75  0.0121922  -0.0251016
  0.9  0.75  0.006075  -0.02025
  0.95  0.75  0.00169219  -0.0120234
  1  0.75  0  0
  0  0.8  0  0
  0.05  0.8  0.0017328  0.0087552
  0.1  0.8  0.0062208  0.0147456
  0.15  0.8  0.0124848  0.0182784
  0.2  0.8  0.0196608  0.0196608
  0.25  0.8  0.027  0.0192
  0.3  0.8  0.0338688  0.0172032
  0.35  0.8  0.0397488  0.0139776
  0.4  0.8  0.0442368  0.0098304
  0.45  0.8  0.0470448  0.0050688
  0.5  0.8  0.048  -0
  0.55  0.8  0.0470448  -0.0050688
  0.6  0.8  0.0442368  -0.0098304
  0.65  0.8  0.0397488  -0.0139776
  0.7  0.8  0.0338688  -0.0172032
  0.75  0.8  0.027  -0.0192
  0.8  0.8  0.0196608  -0.0196608
  0.85  0.8  0.0124848  -0.0182784
  0.9  0.8  0.0062208  -0.0147456
  0.95  0.8  0.0017328  -0.0087552
  1  0.8  0  0
  0  0.85  0  0
  0.05  0.85  0.00161096  0.00555964
  0.1  0.85  0.0057834  0.0093636
  0.15  0.85  0.011607  0.011607
  0.2  0.85  0.0182784  0.0124848
  0.25  0.85  0.0251016  0.0121922
  0.3  0.85  0.0314874  0.0109242
  0.35  0.85  0.036954  0.00887591
  0.4  0.85  0.0411264  0.0062424
  0.45  0.85  0.043737  0.00321874
  0.5  0.85  0.044625  -0
  0.55  0.85  0.043737  -0.00321874
  0.6  0.85  0.0411264  -0.0062424
  0.65  0.85  0.036954  -0.00887591
  0.7  0.85  0.0314874  -0.0109242
  0.75  0.85  0.0251016  -0.0121922
  0.8  0.85  0.0182784  -0.0124848
  0.85  0.85  0.011607  -0.011607
  0.9  0.85  0.0057834  -0.0093636
  0.95  0.85  0.00161096  -0.00555964
  1  0.85  0  0
  0  0.9  0  0
  0.05  0.9  0.0012996  0.0027702
  0.1  0.9  0.0046656  0.0046656
  0.15  0.9  0.0093636  0.0057834
  0.2  0.9  0.0147456  0.0062208
  0.25  0.9  0.02025  0.006075
  0.3  0.9  0.0254016  0.0054432
  0.35  0.9  0.0298116  0.0044226
  0.4  0.9  0.0331776  0.0031104
  0.45  0.9  0.0352836  0.0016038
  0.5  0.9  0.036  -0
  0.55  0.9  0.0352836  -0.0016038
  0.6  0.9  0.0331776  -0.0031104
  0.65  0.9  0.0298116  -0.0044226
  0.7  0.9  0.0254016  -0.0054432
  0.75  0.9  0.02025  -0.006075
  0.8  0.9  0.0147456  -0.0062208
  0.85  0.9  0.0093636  -0.0057834
  0.9  0.9  0.0046656  -0.0046656
  0.95  0.9  0.0012996  -0.0027702
  1  0.9  0  0
  0  0.95  0  0
  0.05  0.95  0.000771638  0.000771638
  0.1  0.95  0.0027702  0.0012996
  0.15  0.95  0.00555964  0.00161096
  0.2  0.95  0.0087552  0.0017328
  0.25  0.95  0.0120234  0.00169219
  0.3  0.95  0.0150822  0.0015162
  0.35  0.95  0.0177006  0.00123191
  0.4  0.95  0.0196992  0.0008664
  0.45  0.95  0.0209496  0.000446738
  0.5  0.95  0.021375  -0
  0.55  0.95  0.0209496  -0.000446738
  0.6  0.95  0.0196992  -0.0008664
  0.65  0.95  0.0177006  -0.00123191
  0.7  0.95  0.0150822  -0.0015162
  0.75  0.95  0.0120234  -0.00169219
  0.8  0.95  0.0087552  -0.0017328
  0.85  0.95  0.00555964  -0.00161096
  0.9  0.95  0.0027702  -0.0012996
  0.95  0.95  0.000771638  -0.000771638
  1  0.95  0  0
  0  1  -0  0
  0.05  1  -0  0
  0.1  1  -0  0
  0.15  1  -0  0
  0.2  1  -0  0
  0.25  1  -0  0
  0.3  1  -0  0
  0.35  1  -0  0
  0.4  1  -0  0
  0.45  1  -0  0
  0.5  1  -0  -0
  0.55  1  -0  -0
  0.6  1  -0  -0
  0.65  1  -0  -0
  0.7  1  -0  -0
  0.75  1  -0  -0
  0.8  1  -0  -0
  0.85  1  -0  -0
  0.9  1  -0  -0
  0.95  1  -0  -0
  1  1  -0  0
