  0  0  0  -0
  0.05  0  0.0309017  -0
  0.1  0  0.0587785  -0
  0.15  0  0.0809017  -0
  0.2  0  0.0951057  -0
  0.25  0  0.1  -0
  0.3  0  0.0951057  0
  0.35  0  0.0809017  0
  0.4  0  0.0587785  0
  0.45  0  0.0309017  0
  0.5  0  1.22465e-17  0
  0.55  0  -0.0309017  0
  0.6  0  -0.0587785  0
  0.65  0  -0.0809017  0
  0.7  0  -0.0951057  0
  0.75  0  -0.1  0
  0.8  0  -0.0951057  -0
  0.85  0  -0.0809017  -0
  0.9  0  -0.0587785  -0
  0.95  0  -0.0309017  -0
  1  0  -2.44929e-17  -0
  0  0.05  0  -0.0309017
  0.05  0.05  0.0293893  -0.0293893
  0.1  0.05  0.0559017  -0.025
  0.15  0.05  0.0769421  -0.0181636
  0.2  0.05  0.0904508  -0.00954915
  0.25  0.05  0.0951057  -1.89218e-18
  0.3  0.05  0.0904508  0.00954915
  0.35  0.05  0.0769421  0.0181636
  0.4  0.05  0.0559017  0.025
  0.45  0.05  0.0293893  0.0293893
  0.5  0.05  1.16471e-17  0.0309017
  0.55  0.05  -0.0293893  0.0293893
  0.6  0.05  -0.0559017  0.025
  0.65  0.05  -0.0769421  0.0181636
  0.7  0.05  -0.0904508  0.00954915
  0.75  0.05  -0.0951057  5.67655e-18
  0.8  0.05  -0.0904508  -0.00954915
  0.85  0.05  -0.0769421  -0.0181636
  0.9  0.05  -0.0559017  -0.025
  0.95  0.05  -0.0293893  -0.0293893
  1  0.05  -2.32942e-17  -0.0309017
  0  0.1  0  -0.0587785
  0.05  0.1  0.025  -0.0559017
  0.1  0.1  0.0475528  -0.0475528
  0.15  0.1  0.0654508  -0.0345492
  0.2  0.1  0.0769421  -0.0181636
  0.25  0.1  0.0809017  -3.59915e-18
  0.3  0.1  0.0769421  0.0181636
  0.35  0.1  0.0654508  0.0345492
  0.4  0.1  0.0475528  0.0475528
  0.45  0.1  0.025  0.0559017
  0.5  0.1  9.9076e-18  0.0587785
  0.55  0.1  -0.025  0.0559017
  0.6  0.1  -0.0475528  0.0475528
  0.65  0.1  -0.0654508  0.0345492
  0.7  0.1  -0.0769421  0.0181636
  0.75  0.1  -0.0809017  1.07974e-17
  0.8  0.1  -0.0769421  -0.0181636
  0.85  0.1  -0.0654508  -0.0345492
  0.9  0.1  -0.0475528  -0.0475528
  0.95  0.1  -0.025  -0.0559017
  1  0.1  -1.98152e-17  -0.0587785
  0  0.15  0  -0.0809017
  0.05  0.15  0.0181636  -0.0769421
  0.1  0.15  0.0345492  -0.0654508
  0.15  0.15  0.0475528  -0.0475528
  0.2  0.15  0.0559017  -0.025
  0.25  0.15  0.0587785  -4.9538e-18
  0.3  0.15  0.0559017  0.025
  0.35  0.15  0.0475528  0.0475528
  0.4  0.15  0.0345492  0.0654508
  0.45  0.15  0.0181636  0.0769421
  0.5  0.15  7.19829e-18  0.0809017
  0.55  0.15  -0.0181636  0.0769421
  0.6  0.15  -0.0345492  0.0654508
  0.65  0.15  -0.0475528  0.0475528
  0.7  0.15  -0.0559017  0.025
  0.75  0.15  -0.0587785  1.48614e-17
  0.8  0.15  -0.0559017  -0.025
  0.85  0.15  -0.0475528  -0.0475528
  0.9  0.15  -0.0345492  -0.0654508
  0.95  0.15  -0.0181636  -0.0769421
  1  0.15  -1.43966e-17  -0.0809017
  0  0.2  0  -0.0951057
  0.05  0.2  0.00954915  -0.0904508
  0.1  0.2  0.0181636  -0.0769421
  0.15  0.2  0.025  -0.0559017
  0.2  0.2  0.0293893  -0.0293893
  0.25  0.2  0.0309017  -5.82354e-18
  0.3  0.2  0.0293893  0.0293893
  0.35  0.2  0.025  0.0559017
  0.4  0.2  0.0181636  0.0769421
  0.45  0.2  0.00954915  0.0904508
  0.5  0.2  3.78437e-18  0.0951057
  0.55  0.2  -0.00954915  0.0904508
  0.6  0.2  -0.0181636  0.0769421
  0.65  0.2  -0.025  0.0559017
  0.7  0.2  -0.0293893  0.0293893
  0.75  0.2  -0.0309017  1.74706e-17
  0.8  0.2  -0.0293893  -0.0293893
  0.85  0.2  -0.025  -0.0559017
  0.9  0.2  -0.0181636  -0.0769421
  0.95  0.2  -0.00954915  -0.0904508
  1  0.2  -7.56873e-18  -0.0951057
  0  0.25  0  -0.1
  0.05  0.25  1.89218e-18  -0.0951057
  0.1  0.25  3.59915e-18  -0.0809017
  0.15  0.25  4.9538e-18  -0.0587785
  0.2  0.25  5.82354e-18  -0.0309017
  0.25  0.25  6.12323e-18  -6.12323e-18
  0.3  0.25  5.82354e-18  0.0309017
  0.35  0.25  4.9538e-18  0.0587785
  0.4  0.25  3.59915e-18  0.0809017
  0.45  0.25  1.89218e-18  0.0951057
  0.5  0.25  7.4988e-34  0.1
  0.55  0.25  -1.89218e-18  0.0951057
  0.6  0.25  -3.59915e-18  0.0809017
  0.65  0.25  -4.9538e-18  0.0587785
  0.7  0.25  -5.82354e-18  0.0309017
  0.75  0.25  -6.12323e-18  1.83697e-17
  0.8  0.25  -5.82354e-18  -0.0309017
  0.85  0.25  -4.9538e-18  -0.0587785
  0.9  0.25  -3.59915e-18  -0.0809017
  0.95  0.25  -1.89218e-18  -0.0951057
  1  0.25  -1.49976e-33  -0.1
  0  0.3  -0  -0.0951057
  0.05  0.3  -0.00954915  -0.0904508
  0.1  0.3  -0.0181636  -0.0769421
  0.15  0.3  -0.025  -0.0559017
  0.2  0.3  -0.0293893  -0.0293893
  0.25  0.3  -0.0309017  -5.82354e-18
  0.3  0.3  -0.0293893  0.0293893
  0.35  0.3  -0.025  0.0559017
  0.4  0.3  -0.0181636  0.0769421
  0.45  0.3  -0.00954915  0.0904508
  0.5  0.3  -3.78437e-18  0.0951057
  0.55  0.3  0.00954915  0.0904508
  0.6  0.3  0.0181636  0.0769421
  0.65  0.3  0.025  0.0559017
  0.7  0.3  0.0293893  0.0293893
  0.75  0.3  0.0309017  1.74706e-17
  0.8  0.3  0.0293893  -0.0293893
  0.85  0.3  0.025  -0.0559017
  0.9  0.3  0.0181636  -0.0769421
  0.95  0.3  0.00954915  -0.0904508
  1  0.3  7.56873e-18  -0.0951057
  0  0.35  -0  -0.0809017
  0.05  0.35  -0.0181636  -0.0769421
  0.1  0.35  -0.0345492  -0.0654508
  0.15  0.35  -0.0475528  -0.0475528
  0.2  0.35  -0.0559017  -0.025
  0.25  0.35  -0.0587785  -4.9538e-18
  0.3  0.35  -0.0559017  0.025
  0.35  0.35  -0.0475528  0.0475528
  0.4  0.35  -0.0345492  0.0654508
  0.45  0.35  -0.0181636  0.0769421
  0.5  0.35  -7.19829e-18  0.0809017
  0.55  0.35  0.0181636  0.0769421
  0.6  0.35  0.0345492  0.0654508
  0.65  0.35  0.0475528  0.0475528
  0.7  0.35  0.0559017  0.025
  0.75  0.35  0.0587785  1.48614e-17
  0.8  0.35  0.0559017  -0.025
  0.85  0.35  0.0475528  -0.0475528
  0.9  0.35  0.0345492  -0.0654508
  0.95  0.35  0.0181636  -0.0769421
  1  0.35  1.43966e-17  -0.0809017
  0  0.4  -0  -0.0587785
  0.05  0.4  -0.025  -0.0559017
  0.1  0.4  -0.0475528  -0.0475528
  0.15  0.4  -0.0654508  -0.0345492
  0.2  0.4  -0.0769421  -0.0181636
  0.25  0.4  -0.0809017  -3.59915e-18
  0.3  0.4  -0.0769421  0.0181636
  0.35  0.4  -0.0654508  0.0345492
  0.4  0.4  -0.0475528  0.0475528
  0.45  0.4  -0.025  0.0559017
  0.5  0.4  -9.9076e-18  0.0587785
  0.55  0.4  0.025  0.0559017
  0.6  0.4  0.0475528  0.0475528
  0.65  0.4  0.0654508  0.0345492
  0.7  0.4  0.0769421  0.0181636
  0.75  0.4  0.0809017  1.07974e-17
  0.8  0.4  0.0769421  -0.0181636
  0.85  0.4  0.0654508  -0.0345492
  0.9  0.4  0.0475528  -0.0475528
  0.95  0.4  0.025  -0.0559017
  1  0.4  1.98152e-17  -0.0587785
  0  0.45  -0  -0.0309017
  0.05  0.45  -0.0293893  -0.0293893
  0.1  0.45  -0.0559017  -0.025
  0.15  0.45  -0.0769421  -0.0181636
  0.2  0.45  -0.0904508  -0.00954915
  0.25  0.45  -0.0951057  -1.89218e-18
  0.3  0.45  -0.0904508  0.00954915
  0.35  0.45  -0.0769421  0.0181636
  0.4  0.45  -0.0559017  0.025
  0.45  0.45  -0.0293893  0.0293893
  0.5  0.45  -1.16471e-17  0.0309017
  0.55  0.45  0.0293893  0.0293893
  0.6  0.45  0.0559017  0.025
  0.65  0.45  0.0769421  0.0181636
  0.7  0.45  0.0904508  0.00954915
  0.75  0.45  0.0951057  5.67655e-18
  0.8  0.45  0.0904508  -0.00954915
  0.85  0.45  0.0769421  -0.0181636
  0.9  0.45  0.0559017  -0.025
  0.95  0.45  0.0293893  -0.0293893
  1  0.45  2.32942e-17  -0.0309017
  0  0.5  -0  -1.22465e-17
  0.05  0.5  -0.0309017  -1.16471e-17
  0.1  0.5  -0.0587785  -9.9076e-18
  0.15  0.5  -0.0809017  -7.19829e-18
  0.2  0.5  -0.0951057  -3.78437e-18
  0.25  0.5  -0.1  -7.4988e-34
  0.3  0.5  -0.0951057  3.78437e-18
  0.35  0.5  -0.0809017  7.19829e-18
  0.4  0.5  -0.0587785  9.9076e-18
  0.45  0.5  -0.0309017  1.16471e-17
  0.5  0.5  -1.22465e-17  1.22465e-17
  0.55  0.5  0.0309017  1.16471e-17
  0.6  0.5  0.0587785  9.9076e-18
  0.65  0.5  0.0809017  7.19829e-18
  0.7  0.5  0.0951057  3.78437e-18
  0.75  0.5  0.1  2.24964e-33
  0.8  0.5  0.0951057  -3.78437e-18
  0.85  0.5  0.0809017  -7.19829e-18
  0.9  0.5  0.0587785  -9.9076e-18
  0.95  0.5  0.0309017  -1.16471e-17
  1  0.5  2.44929e-17  -1.22465e-17
  0  0.55  -0  0.0309017
  0.05  0.55  -0.0293893  0.0293893
  0.1  0.55  -0.0559017  0.025
  0.15  0.55  -0.0769421  0.0181636
  0.2  0.55  -0.0904508  0.00954915
  0.25  0.55  -0.0951057  1.89218e-18
  0.3  0.55  -0.0904508  -0.00954915
  0.35  0.55  -0.0769421  -0.0181636
  0.4  0.55  -0.0559017  -0.025
  0.45  0.55  -0.0293893  -0.0293893
  0.5  0.55  -1.16471e-17  -0.0309017
  0.55  0.55  0.0293893  -0.0293893
  0.6  0.55  0.0559017  -0.025
  0.65  0.55  0.0769421  -0.0181636
  0.7  0.55  0.0904508  -0.00954915
  0.75  0.55  0.0951057  -5.67655e-18
  0.8  0.55  0.0904508  0.00954915
  0.85  0.55  0.0769421  0.0181636
  0.9  0.55  0.0559017  0.025
  0.95  0.55  0.0293893  0.0293893
  1  0.55  2.32942e-17  0.0309017
  0  0.6  -0  0.0587785
  0.05  0.6  -0.025  0.0559017
  0.1  0.6  -0.0475528  0.0475528
  0.15  0.6  -0.0654508  0.0345492
  0.2  0.6  -0.0769421  0.0181636
  0.25  0.6  -0.0809017  3.59915e-18
  0.3  0.6  -0.0769421  -0.0181636
  0.35  0.6  -0.0654508  -0.0345492
  0.4  0.6  -0.0475528  -0.0475528
  0.45  0.6  -0.025  -0.0559017
  0.5  0.6  -9.9076e-18  -0.0587785
  0.55  0.6  0.025  -0.0559017
  0.6  0.6  0.0475528  -0.0475528
  0.65  0.6  0.0654508  -0.0345492
  0.7  0.6  0.0769421  -0.0181636
  0.75  0.6  0.0809017  -1.07974e-17
  0.8  0.6  0.0769421  0.0181636
  0.85  0.6  0.0654508  0.0345492
  0.9  0.6  0.0475528  0.0475528
  0.95  0.6  0.025  0.0559017
  1  0.6  1.98152e-17  0.0587785
  0  0.65  -0  0.0809017
  0.05  0.65  -0.0181636  0.0769421
  0.1  0.65  -0.0345492  0.0654508
  0.15  0.65  -0.0475528  0.0475528
  0.2  0.65  -0.0559017  0.025
  0.25  0.65  -0.0587785  4.9538e-18
  0.3  0.65  -0.0559017  -0.025
  0.35  0.65  -0.0475528  -0.0475528
  0.4  0.65  -0.0345492  -0.0654508
  0.45  0.65  -0.0181636  -0.0769421
  0.5  0.65  -7.19829e-18  -0.0809017
  0.55  0.65  0.0181636  -0.0769421
  0.6  0.65  0.0345492  -0.0654508
  0.65  0.65  0.0475528  -0.0475528
  0.7  0.65  0.0559017  -0.025
  0.75  0.65  0.0587785  -1.48614e-17
  0.8  0.65  0.0559017  0.025
  0.85  0.65  0.0475528  0.0475528
  0.9  0.65  0.0345492  0.0654508
  0.95  0.65  0.0181636  0.0769421
  1  0.65  1.43966e-17  0.0809017
  0  0.7  -0  0.0951057
  0.05  0.7  -0.00954915  0.0904508
  0.1  0.7  -0.0181636  0.0769421
  0.15  0.7  -0.025  0.0559017
  0.2  0.7  -0.0293893  0.0293893
  0.25  0.7  -0.0309017  5.82354e-18
  0.3  0.7  -0.0293893  -0.0293893
  0.35  0.7  -0.025  -0.0559017
  0.4  0.7  -0.0181636  -0.0769421
  0.45  0.7  -0.00954915  -0.0904508
  0.5  0.7  -3.78437e-18  -0.0951057
  0.55  0.7  0.00954915  -0.0904508
  0.6  0.7  0.0181636  -0.0769421
  0.65  0.7  0.025  -0.0559017
  0.7  0.7  0.0293893  -0.0293893
  0.75  0.7  0.0309017  -1.74706e-17
  0.8  0.7  0.0293893  0.0293893
  0.85  0.7  0.025  0.0559017
  0.9  0.7  0.0181636  0.0769421
  0.95  0.7  0.00954915  0.0904508
  1  0.7  7.56873e-18  0.0951057
  0  0.75  -0  0.1
  0.05  0.75  -5.67655e-18  0.0951057
  0.1  0.75  -1.07974e-17  0.0809017
  0.15  0.75  -1.48614e-17  0.0587785
  0.2  0.75  -1.74706e-17  0.0309017
  0.25  0.75  -1.83697e-17  6.12323e-18
  0.3  0.75  -1.74706e-17  -0.0309017
  0.35  0.75  -1.48614e-17  -0.0587785
  0.4  0.75  -1.07974e-17  -0.0809017
  0.45  0.75  -5.67655e-18  -0.0951057
  0.5  0.75  -2.24964e-33  -0.1
  0.55  0.75  5.67655e-18  -0.0951057
  0.6  0.75  1.07974e-17  -0.0809017
  0.65  0.75  1.48614e-17  -0.0587785
  0.7  0.75  1.74706e-17  -0.0309017
  0.75  0.75  1.83697e-17  -1.83697e-17
  0.8  0.75  1.74706e-17  0.0309017
  0.85  0.75  1.48614e-17  0.0587785
  0.9  0.75  1.07974e-17  0.0809017
  0.95  0.75  5.67655e-18  0.0951057
  1  0.75  4.49928e-33  0.1
  0  0.8  0  0.0951057
  0.05  0.8  0.00954915  0.0904508
  0.1  0.8  0.0181636  0.0769421
  0.15  0.8  0.025  0.0559017
  0.2  0.8  0.0293893  0.0293893
  0.25  0.8  0.0309017  5.82354e-18
  0.3  0.8  0.0293893  -0.0293893
  0.35  0.8  0.025  -0.0559017
  0.4  0.8  0.0181636  -0.0769421
  0.45  0.8  0.00954915  -0.0904508
  0.5  0.8  3.78437e-18  -0.0951057
  0.55  0.8  -0.00954915  -0.0904508
  0.6  0.8  -0.0181636  -0.0769421
  0.65  0.8  -0.025  -0.0559017
  0.7  0.8  -0.0293893  -0.0293893
  0.75  0.8  -0.0309017  -1.74706e-17
  0.8  0.8  -0.0293893  0.0293893
  0.85  0.8  -0.025  0.0559017
  0.9  0.8  -0.0181636  0.0769421
  0.95  0.8  -0.00954915  0.0904508
  1  0.8  -7.56873e-18  0.0951057
  0  0.85  0  0.0809017
  0.05  0.85  0.0181636  0.0769421
  0.1  0.85  0.0345492  0.0654508
  0.15  0.85  0.0475528  0.0475528
  0.2  0.85  0.0559017  0.025
  0.25  0.85  0.0587785  4.9538e-18
  0.3  0.85  0.0559017  -0.025
  0.35  0.85  0.0475528  -0.0475528
  0.4  0.85  0.0345492  -0.0654508
  0.45  0.85  0.0181636  -0.0769421
  0.5  0.85  7.19829e-18  -0.0809017
  0.55  0.85  -0.0181636  -0.0769421
  0.6  0.85  -0.0345492  -0.0654508
  0.65  0.85  -0.0475528  -0.0475528
  0.7  0.85  -0.0559017  -0.025
  0.75  0.85  -0.0587785  -1.48614e-17
  0.8  0.85  -0.0559017  0.025
  0.85  0.85  -0.0475528  0.0475528
  0.9  0.85  -0.0345492  0.0654508
  0.95  0.85  -0.0181636  0.0769421
  1  0.85  -1.43966e-17  0.0809017
  0  0.9  0  0.0587785
  0.05  0.9  0.025  0.0559017
  0.1  0.9  0.0475528  0.0475528
  0.15  0.9  0.0654508  0.0345492
  0.2  0.9  0.0769421  0.0181636
  0.25  0.9  0.0809017  3.59915e-18
  0.3  0.9  0.0769421  -0.0181636
  0.35  0.9  0.0654508  -0.0345492
  0.4  0.9  0.0475528  -0.0475528
  0.45  0.9  0.025  -0.0559017
  0.5  0.9  9.9076e-18  -0.0587785
  0.55  0.9  -0.025  -0.0559017
  0.6  0.9  -0.0475528  -0.0475528
  0.65  0.9  -0.0654508  -0.0345492
  0.7  0.9  -0.0769421  -0.0181636
  0.75  0.9  -0.0809017  -1.07974e-17
  0.8  0.9  -0.0769421  0.0181636
  0.85  0.9  -0.0654508  0.0345492
  0.9  0.9  -0.0475528  0.0475528
  0.95  0.9  -0.025  0.0559017
  1  0.9  -1.98152e-17  0.0587785
  0  0.95  0  0.0309017
  0.05  0.95  0.0293893  0.0293893
  0.1  0.95  0.0559017  0.025
  0.15  0.95  0.0769421  0.0181636
  0.2  0.95  0.0904508  0.00954915
  0.25  0.95  0.0951057  1.89218e-18
  0.3  0.95  0.0904508  -0.00954915
  0.35  0.95  0.0769421  -0.0181636
  0.4  0.95  0.0559017  -0.025
  0.45  0.95  0.0293893  -0.0293893
  0.5  0.95  1.16471e-17  -0.0309017
  0.55  0.95  -0.0293893  -0.0293893
  0.6  0.95  -0.0559017  -0.025
  0.65  0.95  -0.0769421  -0.0181636
  0.7  0.95  -0.0904508  -0.00954915
  0.75  0.95  -0.0951057  -5.67655e-18
  0.8  0.95  -0.0904508  0.00954915
  0.85  0.95  -0.0769421  0.0181636
  0.9  0.95  -0.0559017  0.025
  0.95  0.95  -0.0293893  0.0293893
  1  0.95  -2.32942e-17  0.0309017
  0  1  0  2.44929e-17
  0.05  1  0.0309017  2.32942e-17
  0.1  1  0.0587785  1.98152e-17
  0.15  1  0.0809017  1.43966e-17
  0.2  1  0.0951057  7.56873e-18
  0.25  1  0.1  1.49976e-33
  0.3  1  0.0951057  -7.56873e-18
  0.35  1  0.0809017  -1.43966e-17
  0.4  1  0.0587785  -1.98152e-17
  0.45  1  0.0309017  -2.32942e-17
  0.5  1  1.22465e-17  -2.44929e-17
  0.55  1  -0.0309017  -2.32942e-17
  0.6  1  -0.0587785  -1.98152e-17
  0.65  1  -0.0809017  -1.43966e-17
  0.7  1  -0.0951057  -7.56873e-18
  0.75  1  -0.1  -4.49928e-33
  0.8  1  -0.0951057  7.56873e-18
  0.85  1  -0.0809017  1.43966e-17
  0.9  1  -0.0587785  1.98152e-17
  0.95  1  -0.0309017  2.32942e-17
  1  1  -2.44929e-17  2.44929e-17
