                      1.75                      2.25
         1.642857142857143         2.071428571428572
         1.678571428571429                      1.75
         1.714285714285714         1.428571428571429
                      1.75         1.107142857142857
         1.785714285714286        0.7857142857142857
         1.821428571428571        0.4642857142857143
         1.857142857142857        0.1428571428571428
         1.535714285714286         1.892857142857143
         1.571428571428571         1.571428571428571
         1.607142857142857                      1.25
         1.642857142857143        0.9285714285714286
         1.678571428571429        0.6071428571428571
         1.714285714285714        0.2857142857142857
         1.428571428571429         1.714285714285714
         1.464285714285714         1.392857142857143
                       1.5         1.071428571428571
         1.535714285714286                      0.75
         1.571428571428571        0.4285714285714285
         1.321428571428571         1.535714285714286
         1.357142857142857         1.214285714285714
         1.392857142857143        0.8928571428571429
         1.428571428571429        0.5714285714285714
         1.214285714285714         1.357142857142857
                      1.25         1.035714285714286
         1.285714285714286        0.7142857142857143
         1.107142857142857         1.178571428571429
         1.142857142857143        0.8571428571428571
                         1                         1
         1.785714285714286         1.928571428571429
         2.107142857142857         2.035714285714286
         2.428571428571428         2.142857142857143
                      2.75                      2.25
         3.071428571428572         2.357142857142857
         3.392857142857143         2.464285714285714
         3.714285714285714         2.571428571428572
         1.821428571428571         1.607142857142857
         2.142857142857143         1.714285714285714
         2.464285714285714         1.821428571428571
         2.785714285714286         1.928571428571429
         3.107142857142857         2.035714285714286
         3.428571428571428         2.142857142857143
         1.857142857142857         1.285714285714286
         2.178571428571428         1.392857142857143
                       2.5                       1.5
         2.821428571428572         1.607142857142857
         3.142857142857143         1.714285714285714
         1.892857142857143        0.9642857142857143
         2.214285714285714         1.071428571428571
         2.535714285714286         1.178571428571429
         2.857142857142857         1.285714285714286
         1.928571428571429        0.6428571428571429
                      2.25                      0.75
         2.571428571428572        0.8571428571428571
         1.964285714285714        0.3214285714285715
         2.285714285714286        0.4285714285714285
                         2                         0
         2.071428571428572         2.357142857142857
         1.821428571428571                      2.75
         1.571428571428571         3.142857142857143
         1.321428571428571         3.535714285714286
         1.071428571428571         3.928571428571428
        0.8214285714285714         4.321428571428571
        0.5714285714285714         4.714285714285714
         2.392857142857143         2.464285714285714
         2.142857142857143         2.857142857142857
         1.892857142857143                      3.25
         1.642857142857143         3.642857142857143
         1.392857142857143         4.035714285714286
         1.142857142857143         4.428571428571429
         2.714285714285714         2.571428571428572
         2.464285714285714         2.964285714285714
         2.214285714285714         3.357142857142857
         1.964285714285714                      3.75
         1.714285714285714         4.142857142857143
         3.035714285714286         2.678571428571428
         2.785714285714286         3.071428571428572
         2.535714285714286         3.464285714285714
         2.285714285714286         3.857142857142857
         3.357142857142857         2.785714285714286
         3.107142857142857         3.178571428571428
         2.857142857142857         3.571428571428572
         3.678571428571428         2.892857142857143
         3.428571428571428         3.285714285714286
                         4                         3
                       1.5         2.642857142857143
         1.392857142857143         2.464285714285714
         1.285714285714286         2.285714285714286
         1.178571428571429         2.107142857142857
         1.071428571428571         1.928571428571429
        0.9642857142857143                      1.75
        0.8571428571428571         1.571428571428571
                      1.25         3.035714285714286
         1.142857142857143         2.857142857142857
         1.035714285714286         2.678571428571428
        0.9285714285714286                       2.5
        0.8214285714285714         2.321428571428572
        0.7142857142857143         2.142857142857143
                         1         3.428571428571428
        0.8928571428571429                      3.25
        0.7857142857142857         3.071428571428572
        0.6785714285714286         2.892857142857143
        0.5714285714285714         2.714285714285714
                      0.75         3.821428571428572
        0.6428571428571429         3.642857142857143
        0.5357142857142857         3.464285714285714
        0.4285714285714285         3.285714285714286
                       0.5         4.214285714285714
        0.3928571428571428         4.035714285714286
        0.2857142857142857         3.857142857142857
                      0.25         4.607142857142857
        0.1428571428571428         4.428571428571429
                         0                         5
