  1.75  2.25
  1.64286  2.07143
  1.67857  1.75
  1.71429  1.42857
  1.75  1.10714
  1.78571  0.785714
  1.82143  0.464286
  1.85714  0.142857
  1.53571  1.89286
  1.57143  1.57143
  1.60714  1.25
  1.64286  0.928571
  1.67857  0.607143
  1.71429  0.285714
  1.42857  1.71429
  1.46429  1.39286
  1.5  1.07143
  1.53571  0.75
  1.57143  0.428571
  1.32143  1.53571
  1.35714  1.21429
  1.39286  0.892857
  1.42857  0.571429
  1.21429  1.35714
  1.25  1.03571
  1.28571  0.714286
  1.10714  1.17857
  1.14286  0.857143
  1  1
  1.78571  1.92857
  2.10714  2.03571
  2.42857  2.14286
  2.75  2.25
  3.07143  2.35714
  3.39286  2.46429
  3.71429  2.57143
  1.82143  1.60714
  2.14286  1.71429
  2.46429  1.82143
  2.78571  1.92857
  3.10714  2.03571
  3.42857  2.14286
  1.85714  1.28571
  2.17857  1.39286
  2.5  1.5
  2.82143  1.60714
  3.14286  1.71429
  1.89286  0.964286
  2.21429  1.07143
  2.53571  1.17857
  2.85714  1.28571
  1.92857  0.642857
  2.25  0.75
  2.57143  0.857143
  1.96429  0.321429
  2.28571  0.428571
  2  0
  2.07143  2.35714
  1.82143  2.75
  1.57143  3.14286
  1.32143  3.53571
  1.07143  3.92857
  0.821429  4.32143
  0.571429  4.71429
  2.39286  2.46429
  2.14286  2.85714
  1.89286  3.25
  1.64286  3.64286
  1.39286  4.03571
  1.14286  4.42857
  2.71429  2.57143
  2.46429  2.96429
  2.21429  3.35714
  1.96429  3.75
  1.71429  4.14286
  3.03571  2.67857
  2.78571  3.07143
  2.53571  3.46429
  2.28571  3.85714
  3.35714  2.78571
  3.10714  3.17857
  2.85714  3.57143
  3.67857  2.89286
  3.42857  3.28571
  4  3
  1.5  2.64286
  1.39286  2.46429
  1.28571  2.28571
  1.17857  2.10714
  1.07143  1.92857
  0.964286  1.75
  0.857143  1.57143
  1.25  3.03571
  1.14286  2.85714
  1.03571  2.67857
  0.928571  2.5
  0.821429  2.32143
  0.714286  2.14286
  1  3.42857
  0.892857  3.25
  0.785714  3.07143
  0.678571  2.89286
  0.571429  2.71429
  0.75  3.82143
  0.642857  3.64286
  0.535714  3.46429
  0.428571  3.28571
  0.5  4.21429
  0.392857  4.03571
  0.285714  3.85714
  0.25  4.60714
  0.142857  4.42857
  0  5
