  0.5  0.288675
  0.4  0.23094
  0.5  0.173205
  0.6  0.11547
  0.7  0.057735
  0.8  0
  0.3  0.173205
  0.4  0.11547
  0.5  0.057735
  0.6  0
  0.2  0.11547
  0.3  0.057735
  0.4  0
  0.1  0.057735
  0.2  0
  0  0
  0.6  0.23094
  0.6  0.34641
  0.6  0.46188
  0.6  0.57735
  0.6  0.69282
  0.7  0.173205
  0.7  0.288675
  0.7  0.404145
  0.7  0.519615
  0.8  0.11547
  0.8  0.23094
  0.8  0.34641
  0.9  0.057735
  0.9  0.173205
  1  0
  0.5  0.404145
  0.4  0.34641
  0.3  0.288675
  0.2  0.23094
  0.1  0.173205
  0.5  0.519615
  0.4  0.46188
  0.3  0.404145
  0.2  0.34641
  0.5  0.635085
  0.4  0.57735
  0.3  0.519615
  0.5  0.750555
  0.4  0.69282
  0.5  0.866025
