                       0.5        0.2886751345948129
                       0.4        0.2309401076758503
                       0.5        0.1732050807568877
                       0.6        0.1154700538379251
                       0.7       0.05773502691896257
                       0.8                         0
                       0.3        0.1732050807568877
                       0.4        0.1154700538379251
                       0.5       0.05773502691896257
                       0.6                         0
                       0.2        0.1154700538379251
                       0.3       0.05773502691896257
                       0.4                         0
                       0.1       0.05773502691896257
                       0.2                         0
                         0                         0
                       0.6        0.2309401076758503
                       0.6        0.3464101615137755
                       0.6        0.4618802153517006
                       0.6        0.5773502691896258
                       0.6        0.6928203230275509
                       0.7        0.1732050807568877
                       0.7        0.2886751345948129
                       0.7        0.4041451884327379
                       0.7        0.5196152422706632
                       0.8        0.1154700538379251
                       0.8        0.2309401076758503
                       0.8        0.3464101615137755
                       0.9       0.05773502691896257
                       0.9        0.1732050807568877
                         1                         0
                       0.5        0.4041451884327379
                       0.4        0.3464101615137755
                       0.3        0.2886751345948129
                       0.2        0.2309401076758503
                       0.1        0.1732050807568877
                       0.5        0.5196152422706632
                       0.4        0.4618802153517006
                       0.3        0.4041451884327379
                       0.2        0.3464101615137755
                       0.5        0.6350852961085883
                       0.4        0.5773502691896258
                       0.3        0.5196152422706632
                       0.5        0.7505553499465135
                       0.4        0.6928203230275509
                       0.5        0.8660254037844386
