03 January 2014 10:35:09 AM

DISK_MONTE_CARLO_PRB
  C++ version
  Test the DISK_MONTE_CARLO library.

TEST01
  Use DISK01_SAMPLE to estimate integrals in the unit disk.

         N        1              X^2             Y^2             X^4             X^2Y^2           Y^4             X^6

         1         3.14159         2.41455        0.191431         1.85576        0.147129       0.0116647         1.42629
         2         3.14159        0.118014       0.0546915      0.00485103      0.00204044     0.000952587      0.00021362
         4         3.14159         1.14909        0.780379        0.727307       0.0463617        0.514225        0.540924
         8         3.14159        0.664859        0.444275        0.328095       0.0823115        0.104648        0.200273
        16         3.14159        0.667844        0.675045        0.299232        0.117983        0.322511        0.167483
        32         3.14159        0.874306        0.836608        0.388713        0.146414        0.451474        0.205617
        64         3.14159        0.732941        0.804583         0.35386        0.111915        0.434813        0.218527
       128         3.14159        0.756945         0.81662        0.396898        0.108539        0.430483        0.261179
       256         3.14159        0.767384        0.752709        0.377832        0.122918        0.381345        0.233849
       512         3.14159        0.746584        0.780966         0.35719        0.125881        0.391175        0.213426
      1024         3.14159        0.795306        0.829076        0.401273        0.143614        0.429817        0.254394
      2048         3.14159        0.759074        0.776137        0.373097        0.131972         0.37756        0.228936
      4096         3.14159        0.783685        0.787455        0.392849        0.128952        0.395614        0.245354
      8192         3.14159        0.791588        0.780931        0.397664        0.129168        0.389458        0.249651
     16384         3.14159        0.785739        0.782836        0.391171        0.130587        0.392443        0.242876
     32768         3.14159        0.787655          0.7827        0.395488        0.129711        0.391104          0.2487
     65536         3.14159        0.790243        0.774556        0.397422         0.12943        0.384659         0.24912

     Exact         3.14159        0.785398        0.785398        0.392699          0.1309        0.392699        0.245437

DISK_MONTE_CARLO_PRB
  Normal end of execution.

03 January 2014 10:35:09 AM
