0  0  -0
0.01  4.28322e-10  4.56345e-10
0.02  9.51826e-10  1.01373e-09
0.03  1.59166e-09  1.69451e-09
0.04  2.37369e-09  2.52603e-09
0.05  3.3295e-09  3.54164e-09
0.06  4.49771e-09  4.78212e-09
0.07  5.92552e-09  6.29724e-09
0.08  7.67062e-09  8.14781e-09
0.09  9.80353e-09  1.04081e-08
0.1  1.24104e-08  1.31688e-08
0.11  1.55966e-08  1.65408e-08
0.12  1.94908e-08  2.06593e-08
0.13  2.42504e-08  2.56897e-08
0.14  3.00678e-08  3.18338e-08
0.15  3.71778e-08  3.93382e-08
0.16  4.58679e-08  4.85042e-08
0.17  5.6489e-08  5.96995e-08
0.18  6.94705e-08  7.33734e-08
0.19  8.53367e-08  9.00749e-08
0.2  1.04729e-07  1.10474e-07
0.21  1.2843e-07  1.3539e-07
0.22  1.57398e-07  1.65822e-07
0.23  1.92804e-07  2.02991e-07
0.24  2.36078e-07  2.4839e-07
0.25  2.88968e-07  3.03841e-07
0.26  3.53611e-07  3.71569e-07
0.27  4.3262e-07  4.54291e-07
0.28  5.29186e-07  5.55329e-07
0.29  6.47211e-07  6.78737e-07
0.3  7.91464e-07  8.29468e-07
0.31  9.67774e-07  1.01357e-06
0.32  1.18326e-06  1.23843e-06
0.33  1.44664e-06  1.51308e-06
0.34  1.76854e-06  1.84854e-06
0.35  2.16198e-06  2.25827e-06
0.36  2.64285e-06  2.75871e-06
0.37  3.23058e-06  3.36995e-06
0.38  3.94891e-06  4.11653e-06
0.39  4.82687e-06  5.02839e-06
0.4  5.89994e-06  6.14215e-06
0.41  7.21147e-06  7.5025e-06
0.42  8.81444e-06  9.16403e-06
0.43  1.07736e-05  1.11934e-05
0.44  1.31682e-05  1.36721e-05
0.45  1.60949e-05  1.66996e-05
0.46  1.9672e-05  2.03974e-05
0.47  2.4044e-05  2.49139e-05
0.48  2.93875e-05  3.04304e-05
0.49  3.59185e-05  3.71683e-05
0.5  4.39008e-05  4.53979e-05
0.51  5.36569e-05  5.54495e-05
0.52  6.55811e-05  6.77267e-05
0.53  8.01551e-05  8.2722e-05
0.54  9.79678e-05  0.000101037
0.55  0.000119739  0.000123408
0.56  0.000146348  0.000150731
0.57  0.00017887  0.000184104
0.58  0.000218619  0.000224865
0.59  0.000267202  0.000274652
0.6  0.000326581  0.000335461
0.61  0.000399155  0.000409733
0.62  0.000487856  0.000500449
0.63  0.000596269  0.000611251
0.64  0.000728773  0.000746584
0.65  0.000890724  0.00091188
0.66  0.00108866  0.00111377
0.67  0.00133059  0.00136037
0.68  0.00162627  0.00166156
0.69  0.00198767  0.00202943
0.7  0.00242937  0.00247875
0.71  0.00296924  0.00302755
0.72  0.00362907  0.00369786
0.73  0.00443553  0.00451658
0.74  0.0054212  0.00551656
0.75  0.00662591  0.00673794
0.76  0.00809833  0.00822975
0.77  0.00989796  0.0100518
0.78  0.0120975  0.0122773
0.79  0.0147858  0.0149956
0.8  0.0180716  0.0183156
0.81  0.0220875  0.0223708
0.82  0.0269958  0.0273237
0.83  0.0329949  0.0333733
0.84  0.0403271  0.0407622
0.85  0.0492887  0.0497871
0.86  0.0602417  0.0608101
0.87  0.0736288  0.0742736
0.88  0.0899908  0.090718
0.89  0.109989  0.110803
0.9  0.134431  0.135335
0.91  0.164304  0.165299
0.92  0.200816  0.201897
0.93  0.245442  0.246597
0.94  0.299985  0.301194
0.95  0.366648  0.367879
0.96  0.448125  0.449329
0.97  0.547708  0.548812
0.98  0.669421  0.67032
0.99  0.818182  0.818731
1  1  1
