    101    102    103    104    107    126    201    202    209    221
    228    302    303    306    308    309    329    403    404    405
    412    503    505    523    527    601    606    616    703    707
    714    721
      1      1      1      1      1      1      1      1      1      1
      1      1      1      1      1      1      1      1      1      1
      1      1      1      1      1      1      1      1      1      1
      1      1
      1      2      3      4      5      6      7      8      9     10
     11     12     13     14     15     16     17     18     19     20
     21     22     23     24     25     26     27     28     29     30
     31     32
