    101    102    103    104    107    126    201    202    209    221
    228    302    303    306    308    309    329    403    404    405
    412    503    505    523    527    601    606    616    703    707
    714    721    731    801    808    812    817    827    907    909
    910    913    919    923    927   1001   1010   1011   1021   1023
   1025   1027   1102   1111   1115   1118   1129   1206   1212   1224
   1311   1313   1403   1414   1502   1515   1520   1604   1616   1622
   1704   1716   1717   1806   1810   1818   1820   1830   1901   1919
   1926   2008   2016   2020   2103   2121   2132   2211   2222   2302
   2317   2321   2323   2412   2424   2426   2506   2515   2518   2524
   2525   2613   2618   2622   2626   2705   2724   2726   2727   2809
   2828   2903   2905   2927   2929   2932   3012   3017   3023   3030
   3113   3114   3131   3224   3228   3232
