      -2.651961356835233                         0  
      -1.673551628767471                         0  
     -0.8162878828589647                         0  
                       0                         0  
      0.8162878828589647                         0  
       1.673551628767471                         0  
       2.651961356835233                         0  
      -1.224744871391589        -1.224744871391589  
                       0        -1.224744871391589  
       1.224744871391589        -1.224744871391589  
      -1.224744871391589                         0  
                       0                         0  
       1.224744871391589                         0  
      -1.224744871391589         1.224744871391589  
                       0         1.224744871391589  
       1.224744871391589         1.224744871391589  
                       0        -2.651961356835233  
                       0        -1.673551628767471  
                       0       -0.8162878828589647  
                       0                         0  
                       0        0.8162878828589647  
                       0         1.673551628767471  
                       0         2.651961356835233  
      -4.499990707309392                         0  
      -3.669950373404453                         0  
      -2.967166927905603                         0  
      -2.325732486173858                         0  
      -1.719992575186489                         0  
      -1.136115585210921                         0  
     -0.5650695832555758                         0  
      0.5650695832555758                         0  
       1.136115585210921                         0  
       1.719992575186489                         0  
       2.325732486173858                         0  
       2.967166927905603                         0  
       3.669950373404453                         0  
       4.499990707309392                         0  
      -2.651961356835233        -1.224744871391589  
      -1.673551628767471        -1.224744871391589  
     -0.8162878828589647        -1.224744871391589  
      0.8162878828589647        -1.224744871391589  
       1.673551628767471        -1.224744871391589  
       2.651961356835233        -1.224744871391589  
      -2.651961356835233         1.224744871391589  
      -1.673551628767471         1.224744871391589  
     -0.8162878828589647         1.224744871391589  
      0.8162878828589647         1.224744871391589  
       1.673551628767471         1.224744871391589  
       2.651961356835233         1.224744871391589  
      -1.224744871391589        -2.651961356835233  
       1.224744871391589        -2.651961356835233  
      -1.224744871391589        -1.673551628767471  
       1.224744871391589        -1.673551628767471  
      -1.224744871391589       -0.8162878828589647  
       1.224744871391589       -0.8162878828589647  
      -1.224744871391589        0.8162878828589647  
       1.224744871391589        0.8162878828589647  
      -1.224744871391589         1.673551628767471  
       1.224744871391589         1.673551628767471  
      -1.224744871391589         2.651961356835233  
       1.224744871391589         2.651961356835233  
                       0        -4.499990707309392  
                       0        -3.669950373404453  
                       0        -2.967166927905603  
                       0        -2.325732486173858  
                       0        -1.719992575186489  
                       0        -1.136115585210921  
                       0       -0.5650695832555758  
                       0        0.5650695832555758  
                       0         1.136115585210921  
                       0         1.719992575186489  
                       0         2.325732486173858  
                       0         2.967166927905603  
                       0         3.669950373404453  
                       0         4.499990707309392  
