  -0.0005741458033714667  
    -0.03220878490070676  
     -0.2514564046207126  
       2.478402409545275  
     -0.2514564046207126  
    -0.03220878490070676  
  -0.0005741458033714667  
    -0.08726646259971649  
     -0.1097064101253579  
    -0.08726646259971649  
     -0.1097064101253579  
      -1.396263401595464  
     -0.1097064101253579  
    -0.08726646259971649  
     -0.1097064101253579  
    -0.08726646259971649  
  -0.0005741458033714667  
    -0.03220878490070676  
     -0.2514564046207126  
      -1.436156641641049  
     -0.2514564046207126  
    -0.03220878490070676  
  -0.0005741458033714667  
   2.698518102159619e-09  
   1.877233431094385e-06  
   0.0001772532569701988  
    0.004923998818701381  
     0.05455618956839653  
      0.2809142891283464  
      0.7303018338409684  
      0.7303018338409684  
      0.2809142891283464  
     0.05455618956839653  
    0.004923998818701381  
   0.0001772532569701988  
   1.877233431094385e-06  
   2.698518102159619e-09  
   0.0002870729016857333  
     0.01610439245035338  
      0.1257282023103563  
      0.1257282023103563  
     0.01610439245035338  
   0.0002870729016857333  
   0.0002870729016857333  
     0.01610439245035338  
      0.1257282023103563  
      0.1257282023103563  
     0.01610439245035338  
   0.0002870729016857333  
   0.0002870729016857333  
   0.0002870729016857333  
     0.01610439245035338  
     0.01610439245035338  
      0.1257282023103563  
      0.1257282023103563  
      0.1257282023103563  
      0.1257282023103563  
     0.01610439245035338  
     0.01610439245035338  
   0.0002870729016857333  
   0.0002870729016857333  
   2.698518102159619e-09  
   1.877233431094385e-06  
   0.0001772532569701988  
    0.004923998818701381  
     0.05455618956839653  
      0.2809142891283464  
      0.7303018338409684  
      0.7303018338409684  
      0.2809142891283464  
     0.05455618956839653  
    0.004923998818701381  
   0.0001772532569701988  
   1.877233431094385e-06  
   2.698518102159619e-09  
