17 December 2011 11:13:13 AM

ASA310_PRB:
  C++ version
  Test the ASA310 library.

TEST01:
  NCBETA computes the noncentral incomplete Beta function.
  Compare to tabulated values.

      A        B     LAMBDA        X          FX                        FX2
                                              (Tabulated)               (NCBETA)            DIFF

        5        5       54       0.864                 0.4563021        0.4563022483390367   1.483e-07
        5        5      140         0.9                 0.1041337        0.1041334790875982   2.209e-07
        5        5      170       0.956                 0.6022353        0.6022418158548807   6.516e-06
       10       10       54      0.8686                  0.918777        0.9187759254330974   1.075e-06
       10       10      140         0.9                 0.6008106        0.6008067894096832   3.811e-06
       10       10      250         0.9                  0.090285        0.0902898993260559   4.899e-06
       20       20       54      0.8787                 0.9998655        0.9998614048611703   4.095e-06
       20       20      140         0.9                 0.9925997        0.9925954777347362   4.222e-06
       20       20      250       0.922        0.9641111999999999        0.9641179545701509   6.755e-06
       10       20      150       0.868              0.9376626573        0.9376626555219731   1.778e-09
       10       10      120         0.9              0.7306817858         0.730681784479193   1.321e-09
       15        5       80        0.88              0.1604256918        0.1604256916919781    1.08e-10
       20       10      110        0.85              0.1867485313         0.186748530948068   3.519e-10
       20       30       65        0.66        0.6559386874000001        0.6559386873992288   7.713e-13
       20       50      130        0.72              0.9796881486        0.9796881474202076    1.18e-09
       30       20       80        0.72              0.1162386423        0.1162386421523797   1.476e-10
       30       40      130         0.8              0.9930430054        0.9930430042307262   1.169e-09
       10        5       20       0.644              0.0506899273       0.05068987981355273   4.749e-08
       10       10       54         0.7              0.1030959706        0.1030959706112684   1.127e-11
       10       30       80        0.78        0.9978417832000001        0.9978417830424838   1.575e-10
       15       20      120        0.76              0.2555552369        0.2555552355854933   1.315e-09
       10        5       55       0.795              0.0668307064        0.0668307064085136   8.514e-12
       12       17       64        0.56              0.0113601067       0.01136010666591296   3.409e-11
       30       30      140         0.8              0.7813366615        0.7813366591185901   2.381e-09
       35       30       20        0.67              0.8867126477        0.8867125569354448   9.076e-08

ASA310_PRB:
  Normal end of execution.

17 December 2011 11:13:13 AM
