    -1.737460518112044e-12
        0.2499999999943813
        0.2499999999953902
         1.000000000003487
        0.4849355707873652
         1.000000000007429
          2.25000000001585
         1.228906869485734
         1.228906827828541
         2.250000000012855
         16.00000000012678
         20.00000000015552
         18.25000000014198
         17.00000000012923
         16.25000000012292
         12.25000000009743
          9.00000000006445
         6.250000000046929
         4.000000000031068
         2.477100954374359
         1.969930916486229
         2.477100689495964
          4.00000000003084
         12.48641364751164
          16.2500000001272
         14.48623143234842
         13.23265515453837
         9.230856694159751
         6.478465164518269
         4.227353926796276
         3.217907351150093
         3.217907148794769
         4.227353699521038
         6.250000000046109
         9.975149628887904
         13.00000000009866
         11.23061786704742
         7.221698364058926
         4.969624938759977
         4.468256111609544
         4.969624662222987
         6.478465079177839
         9.000000000066686
         8.477874028096355
         10.25000000007985
         6.225220115892433
         12.25000000009651
         6.225219895356673
         7.221698226921451
         9.230856836816621
         16.00000000012678
         8.000000000057986
         12.48641379787136
         8.477873960265232
         9.975149730903738
         16.25000000012681
         10.25000000007438
         13.23265534420258
         11.23061793838432
         17.00000000013199
         13.00000000009594
         14.48623156670415
         18.25000000014502
         16.25000000012528
         20.00000000015875
