                         0                      5000                       100
                      0.05                      5475                       100
                       0.1                  5995.125                    104.75
                      0.15           6563.2380328125             115.173934375
                       0.2         7181.766138769817         133.1783618353651
                      0.25         7852.119960174496         162.2347658622885
                       0.3          8573.63761402887         208.5060672572954
                      0.35         9341.618602382237         283.0185797276858
                       0.4         10143.58788116026          405.894452784238
                      0.45         10952.08536666167         614.6698316213563
        0.4999999999999999         11710.69807991641         980.5265626335431
        0.5499999999999999         12307.63536119106         1638.528334750738
                       0.6         12530.07843365558         2835.905094684539
                      0.65         12006.38061368111         4971.363874022343
        0.7000000000000001         10222.61433301839         8454.490621072817
        0.7500000000000001         6923.525916252804         12869.94501067126
        0.8000000000000002         3160.608616771535         15345.51228754873
        0.8500000000000002         1051.611560208689         12522.87198025436
        0.9000000000000002         498.3128691571097         7578.355684272079
        0.9500000000000003         359.3245478466852         4166.817058588311
                         1         320.3950198544987         2233.132494847865
                      1.05         316.6602953387231         1188.114700426383
                       1.1         329.5148872759306         631.6802254065213
                      1.15         352.0589740900605         336.6549165301871
                       1.2         381.3387522722669         180.1796967186928
                      1.25         416.0371524629185         96.96079843249657
                       1.3          455.623902985191         52.51432866428698
         1.350000000000001         499.9899541142767         28.64984267101044
         1.400000000000001         549.2727178495813          15.7573846877512
         1.450000000000001         603.7672345588574         8.744202495239847
         1.500000000000001         663.8799848667944         4.900047543517285
         1.550000000000001          730.105331179022         2.775328120662325
         1.600000000000001         803.0145502040908         1.590292245997825
         1.650000000000001         883.2521538338692        0.9228489042602119
         1.700000000000001         971.5366138031386        0.5429352803652119
         1.750000000000001         1068.663901108263        0.3242157905626335
         1.800000000000001         1175.512967333512        0.1967556664356731
         1.850000000000001         1293.052699624998        0.1215067169469846
         1.900000000000001          1422.35011385808       0.07646481731057919
         1.950000000000001         1564.579687256807       0.04910838281607355
         2.000000000000001         1721.033814283576       0.03223758923084277
         2.050000000000001         1893.134421612876       0.02166699273114783
         2.100000000000001         2082.445812847676       0.01493534934079111
                      2.15         2290.688839029659       0.01057788024021033
                       2.2         2519.756511401014      0.007712003340789381
                      2.25         2771.731190922584      0.005799238733784733
                       2.3         3048.903506318298      0.004507012455096121
                      2.35         3353.793169877824      0.003627650835284341
         2.399999999999999         3689.171878546077      0.003030464477049991
         2.449999999999999         4058.088507405469      0.002633222671291562
         2.499999999999999         4463.896823853483      0.002385196401626563
         2.549999999999999         4910.285973875299      0.002257325264962038
         2.599999999999999         5401.314017057199      0.002237073891182763
         2.649999999999999          5941.44481460599      0.002326850802155197
         2.699999999999998         6535.588604823808      0.002545910964360276
         2.749999999999998         7189.146633354854      0.002936858150937039
         2.799999999999998         7908.060241015145      0.003579779464313497
         2.849999999999998         8698.864849661077      0.004620800897490755
         2.899999999999998         9568.749324841059      0.006329972699191846
         2.949999999999998         10525.62122882907      0.009221978548761355
         2.999999999999997         11578.17849835931       0.01431769459284556
         3.049999999999997         12735.98805955406       0.02373612966451876
         3.099999999999997         14009.57175035627       0.04209837123099316
         3.149999999999997         15410.49943638428       0.08002720084886987
         3.199999999999997         16951.48771706603         0.163339513782127
         3.249999999999996         18646.49804638455        0.3585545330499897
         3.299999999999996           20510.813561703        0.8478559065288908
         3.349999999999996           22561.025407152         2.162949395864722
         3.399999999999996         24814.68803005348         5.961310325381168
         3.449999999999996          27288.7604302601         17.77346076015761
         3.499999999999996         29993.38568765108         57.38830165013577
         3.549999999999995          32906.6607831486         200.8210973602463
         3.599999999999995         35866.90927501679         761.2457215734515
         3.649999999999995         38088.42364093498         3110.975983953694
         3.699999999999995         35972.65744434834         13404.70511333713
         3.749999999999995         15459.77992955411         54922.63907512669
         3.799999999999994        -25448.83774007987         112370.5108627421
         3.849999999999994         114991.2233717025        -229784.6343402097
         3.899999999999994         1447651.156448875        -2757213.938650109
         3.949999999999994         201166613.6152831        -400527001.6557038
         3.999999999999994         4028854312503.018        -8057466321956.909
         4.049999999999994     1.623117901384936e+21    -3.246235797935126e+21
         4.099999999999993     2.634511717872557e+38    -5.269023435745115e+38
         4.149999999999993     6.940651991607815e+72    -1.388130398321563e+73
         4.199999999999993    4.817265006860953e+141   -9.634530013721905e+141
         4.249999999999993    2.320604214632705e+279   -4.641208429265411e+279
         4.299999999999993                       inf                      -inf
         4.349999999999993                       inf                       nan
         4.399999999999992                       nan                       nan
         4.449999999999992                       nan                       nan
         4.499999999999992                       nan                       nan
         4.549999999999992                       nan                       nan
         4.599999999999992                       nan                       nan
         4.649999999999991                       nan                       nan
         4.699999999999991                       nan                       nan
         4.749999999999991                       nan                       nan
         4.799999999999991                       nan                       nan
         4.849999999999991                       nan                       nan
         4.899999999999991                       nan                       nan
          4.94999999999999                       nan                       nan
          4.99999999999999                       nan                       nan
