29 June 2014 08:24:38 AM

ASA005_PRB:
  C++ version
  Test the ASA005 library.

TEST01:
  PRNCST computes the noncentral Student's
  Cumulative Density Function.
  Compare to tabulated values.

      X   LAMBDA  DF      CDF                       CDF                     DIFF
                          Tabulated                 PRNCST

       3       0   1        0.8975836176504333        0.8975837598120884   1.422e-07
       3       0   2              0.9522670169        0.9522670168594278   4.057e-11
       3       0   3        0.9711655571887813        0.9711656763838559   1.192e-07
       3     0.5   1        0.8231218863999999        0.8231221338612043   2.475e-07
       3     0.5   2               0.904902151        0.9049021512709449   2.709e-10
       3     0.5   3              0.9363471834        0.9363473626984931   1.793e-07
       3       1   1              0.7301025986        0.7301028287491672   2.301e-07
       3       1   2              0.8335594263        0.8335594288249495   2.525e-09
       3       1   3              0.8774010255         0.877401179936813   1.544e-07
       3       2   1              0.5248571617         0.524857342644875   1.809e-07
       3       2   2              0.6293856597        0.6293856597092011   9.201e-12
       3       2   3              0.6800271741        0.6800272711789466   9.708e-08
       3       4   1             0.20590131975        0.2059014183248157   9.857e-08
       3       4   2              0.2112148916        0.2112148915815212   1.848e-11
       3       4   3              0.2074730718        0.2074730869339311   1.513e-08
      15       7  15              0.9981130072        0.9981130488097413   4.161e-08
      15       7  20               0.999487385        0.9994873849516042    4.84e-11
      15       7  25              0.9998391562        0.9998391674780222   1.128e-08
    0.05       1   1            0.168610566972        0.1686105790294597   1.206e-08
    0.05       1   2             0.16967950985        0.1696795165529101   6.703e-09
    0.05       1   3              0.1701041003        0.1701041100776811   9.778e-09
       4       2  10              0.9247683363        0.9247683362961553   3.845e-12
       4       3  10              0.7483139269        0.7483139269001129   1.129e-13
       4       4  10              0.4659802096        0.4659802095642211   3.578e-11
       5       2  10              0.9761872541        0.9761872541339934   3.399e-11
       5       3  10              0.8979689357         0.897968935655228   4.477e-11
       5       4  10              0.7181904627        0.7181904626857755   1.422e-11
       6       2  10              0.9923658945        0.9923658945319909   3.199e-11
       6       3  10              0.9610341649        0.9610341648381403   6.186e-11
       6       4  10               0.868800735        0.8688007349895343   1.047e-11

ASA005_PRB:
  Normal end of execution.

29 June 2014 08:24:38 AM
