                         0                         0
        0.2223174016575316       -0.2154200174477008
        0.4289325621447299       -0.2834729127192211
        0.6325022357401692       -0.3268792440019908
        0.8343481008161292       -0.3573512602016148
         1.035022415762525       -0.3794655435003318
         1.234832037124999       -0.3956005303571356
         1.433975137333929       -0.4071944205219908
         1.632592311497623       -0.4152051916270504
         1.830789869644303       -0.4203158117146046
         2.028651922404553       -0.4230384480910637
         2.226247262413647       -0.4237724980810349
         2.423633569058203       -0.4228392264550753
         2.620860125742391       -0.4205035926397398
          2.81796965858223       -0.4169886194076805
         3.014999629946309       -0.4124851978523747
         3.211983179654976       -0.4071589827488064
         3.408949830513313        -0.401155367554177
          3.60592603153943       -0.3946031539430196
         3.802935586554641       -0.3876173109283748
                         4       -0.3803010847647903
         4.198728325829323        -0.372475599027042
         4.397497493681022       -0.3639528106590196
         4.596314608930309       -0.3548086604535292
         4.795186164718219       -0.3451120247559573
         4.994118112845963       -0.3349253994189073
         5.193115927178626       -0.3243054616030449
         5.392184661059028       -0.3133035350942649
         5.591328999885294       -0.3019659786744253
         5.790553309748383       -0.2903345125808815
         5.989861682832845       -0.2784464947442007
         6.189257980137815       -0.2663351559782833
         6.388745871963027       -0.2540298013864778
         6.588328876517918        -0.241555983781463
         6.788010396944068       -0.2289356537819523
         6.987793756987891       -0.2161872903632784
         7.187682235518125       -0.2033260149416348
         7.387679100048793        -0.190363691518898
          7.58778763940106       -0.1773090149734959
         7.788011195615312       -0.1641675892279893
         7.988353195206748       -0.1509419967370678
         8.188817179843042       -0.1376318605062231
          8.38940683651043       -0.1242338996604078
         8.590126027224455       -0.1107419794249088
         8.790978818333285      -0.09714715625091343
         8.991969509454359      -0.08343771871042427
         9.193102662079333      -0.06959922469529048
         9.394383127877214      -0.05561453537978602
         9.595816076721384      -0.04146384634282006
         9.797407024462668      -0.02712471619231937
         9.999161860467401      -0.01257209298899288
          10.0008381395326       0.01257209298899288
         9.802592975537333       0.05334693841454151
         9.604183923278615       0.09301940189837567
         9.405616872122787         0.131614535379786
         9.206897337920665        0.1691547802508461
         9.008030490545641        0.2056599409326465
         8.809021181666717        0.2411471562509134
         8.609873972775544        0.2756308683137977
         8.410593163489571        0.3091227885492966
         8.211182820156957        0.3416318605062232
         8.011646804793253          0.37316421895929
         7.811988804384688        0.4037231447835449
          7.61221236059894        0.4333090149734959
         7.412320899951208        0.4619192470744534
         7.212317764481876         0.489548237163857
         7.012206243012109        0.5161872903632784
         6.811989603055932        0.5418245426708412
         6.611671123482082        0.5664448726703519
         6.411254128036973        0.5900298013864778
         6.210742019862185        0.6125573782005055
         6.010138317167155        0.6340020502997562
         5.809446690251617        0.6543345125808815
         5.608671000114706        0.6735215342299808
         5.407815338940972        0.6915257573164871
         5.206884072821374         0.708305461603045
         5.005881887154037        0.7238142883077961
         4.804813835281781        0.7380009136448462
          4.60368539106969        0.7508086604535291
         4.402502506318979        0.7621750328812419
         4.201271674170678        0.7720311545825975
                         4        0.7803010847647902
         3.797064413445358        0.7866173109283748
          3.59407396846057        0.7906031539430196
         3.391050169486687         0.792155367554177
         3.188016820345024        0.7911589827488064
         2.985000370053691        0.7874851978523747
         2.782030341417769        0.7809886194076804
         2.579139874257609        0.7715035926397398
         2.376366430941797        0.7588392264550754
         2.173752737586354        0.7427724980810348
         1.971348077595447        0.7230384480910638
         1.769210130355697        0.6993158117146048
         1.567407688502377        0.6712051916270504
          1.36602486266607        0.6381944205219907
            1.165167962875        0.5996005303571356
        0.9649775842374751        0.5544655435003318
        0.7656518991838709        0.5013512602016148
        0.5674977642598308        0.4378792440019908
        0.3710674378552701        0.3594729127192211
        0.1776825983424684        0.2544200174477008
                         0                         0
