                         0                        -0
                       0.2        -0.294972141201429
                       0.4             -0.4034653152
                       0.6       -0.4796976286742441
                       0.8       -0.5384037412028579
                         1       -0.5853463029779938
                       1.2       -0.6235227023507995
                       1.4       -0.6547468107998874
                       1.6             -0.6802276032
                       1.8       -0.7008273672042866
                         2       -0.7171928737795313
                       2.2       -0.7298284535186821
                       2.4       -0.7391396361484883
                       2.6       -0.7454606663892733
                       2.8       -0.7490726295826153
                         3       -0.7502158299246285
                       3.2       -0.7490985032057157
                       3.4       -0.7459031093846773
                       3.6       -0.7407909791999999
                       3.8       -0.7339058123111167
                         4       -0.7253763559559877
                       4.2       -0.7153184872179702
                       4.4       -0.7038368535847774
                       4.6       -0.6910261811924189
                       4.8        -0.676972329501599
                         5       -0.6617531500071447
                       5.2       -0.6454391917278877
                       5.4       -0.6280942856227324
                       5.6       -0.6097760323997748
                       5.8       -0.5905362125482454
                         6       -0.5704211332334732
                       6.2       -0.5494719235455799
                       6.4       -0.5277247871999999
                       6.6       -0.5052112199523127
                       6.8       -0.4819581975688251
                         7       -0.4579883390847526
                       7.2       -0.4333200492085734
                       7.4       -0.4079676430387168
                       7.6       -0.3819414557058387
                       7.8       -0.3552479391095528
                         8       -0.3278897475590628
         8.199999999999999       -0.2998658138347489
                       8.4       -0.2711714169485832
                       8.6       -0.2417982426845056
         8.800000000000001       -0.2117344378373635
                         9       -0.1809646589339806
         9.199999999999999       -0.1494701161073198
                       9.4        -0.117228612700362
                       9.6      -0.08421458109697647
         9.800000000000001      -0.05039911521000209
                        10      -0.01574999999999951
                        10       0.01574999999999951
         9.800000000000001       0.05039911521000209
                       9.6       0.08421458109697647
                       9.4         0.117228612700362
         9.199999999999999        0.1494701161073198
                         9        0.1809646589339806
         8.800000000000001        0.2117344378373635
                       8.6        0.2417982426845056
                       8.4        0.2711714169485832
         8.199999999999999        0.2998658138347489
                         8        0.3278897475590628
                       7.8        0.3552479391095528
                       7.6        0.3819414557058387
                       7.4        0.4079676430387168
                       7.2        0.4333200492085734
                         7        0.4579883390847526
                       6.8        0.4819581975688251
                       6.6        0.5052112199523127
                       6.4        0.5277247871999999
                       6.2        0.5494719235455799
                         6        0.5704211332334732
                       5.8        0.5905362125482454
                       5.6        0.6097760323997748
                       5.4        0.6280942856227324
                       5.2        0.6454391917278877
                         5        0.6617531500071447
                       4.8         0.676972329501599
                       4.6        0.6910261811924189
                       4.4        0.7038368535847774
                       4.2        0.7153184872179702
                         4        0.7253763559559877
                       3.8        0.7339058123111167
                       3.6        0.7407909791999999
                       3.4        0.7459031093846773
                       3.2        0.7490985032057157
                         3        0.7502158299246285
                       2.8        0.7490726295826153
                       2.6        0.7454606663892733
                       2.4        0.7391396361484883
                       2.2        0.7298284535186821
                         2        0.7171928737795313
                       1.8        0.7008273672042866
                       1.6              0.6802276032
                       1.4        0.6547468107998874
                       1.2        0.6235227023507995
                         1        0.5853463029779938
                       0.8        0.5384037412028579
                       0.6        0.4796976286742441
                       0.4              0.4034653152
                       0.2         0.294972141201429
                         0                         0
