               0               0
            0.75    -1.73908e-18
               1     2.45583e-18
            0.75     2.33499e-18
    -1.25096e-18     7.28804e-18
    -2.72564e-19    -4.72495e-18
     6.95224e-19     5.91528e-19
     2.12377e-18    -2.56323e-18
    -2.30405e-18     2.66903e-18
     4.58736e-18     3.56136e-18
    -6.51824e-19     1.27686e-18
     1.67125e-18    -9.23833e-21
    -1.30106e-18     3.11743e-19
    -9.75265e-19    -1.30035e-18
    -1.12699e-23    -1.95158e-18
     7.46478e-24     6.50521e-19
               0               0
               0               0
        0.685197       0.0734907
        0.900755        0.201504
         0.65379        0.386089
        0.196217        0.370895
       0.0465541        0.174347
       0.0147164       0.0997185
      0.00781411       0.0844236
        0.010092       0.0619767
      0.00836806       0.0470204
      0.00612977       0.0340412
      0.00495591       0.0225344
       0.0040875       0.0133356
      0.00299828      0.00632721
      0.00163597      0.00176277
      2.3407e-05      2.3407e-05
               0               0
      -3.651e-19      4.3621e-19
        0.539808       0.0962444
        0.726517        0.251984
        0.627515        0.393324
        0.345947        0.412771
        0.140141        0.288231
       0.0681923        0.204321
       0.0438637        0.166956
       0.0352394        0.125911
       0.0289724       0.0929612
       0.0235931       0.0680523
       0.0196081       0.0478211
       0.0160003       0.0304219
       0.0116508       0.0168568
      0.00668035      0.00688454
      0.00177293      0.00167238
               0               0
     7.37706e-19    -1.66472e-20
        0.387869       0.0781925
        0.551357        0.206663
        0.514253        0.335593
        0.362338        0.374957
        0.229938        0.320369
        0.150798        0.262853
         0.10304        0.217635
       0.0742079        0.174069
       0.0586549        0.132373
       0.0491172        0.100083
       0.0421503       0.0729218
        0.035382       0.0483993
       0.0268742       0.0282138
       0.0169294       0.0125838
      0.00666166      0.00328024
               0               0
     1.32613e-18     9.15002e-19
        0.286301       0.0506235
        0.422961        0.154218
         0.43941        0.257243
        0.362116        0.310444
        0.266402        0.309226
        0.197669        0.280112
        0.148118        0.239929
        0.113811        0.200649
       0.0937475        0.161253
       0.0809689        0.126654
       0.0710164       0.0956261
       0.0606417       0.0656466
       0.0477484       0.0395156
       0.0317946       0.0184645
       0.0147839       0.0049134
               0               0
     3.21848e-18     1.24187e-18
        0.203266       0.0335435
        0.326088        0.108892
         0.36214        0.196691
        0.333672        0.252226
        0.276981        0.274582
        0.221197        0.268521
        0.178181        0.243417
         0.14728        0.214752
        0.128232        0.181607
        0.115688        0.148134
        0.104429        0.115116
        0.091376       0.0815119
       0.0741516       0.0503133
       0.0518751       0.0240528
       0.0258486      0.00650708
               0               0
               0    -1.18149e-18
        0.149029       0.0241367
        0.249531       0.0809072
        0.296389        0.150452
        0.294294        0.203328
        0.265689        0.234954
        0.229132        0.245055
        0.197239        0.236198
        0.173851        0.219701
        0.158457        0.195703
        0.148578        0.166167
        0.139047        0.132957
        0.125623       0.0969179
        0.105671        0.061496
       0.0764949       0.0301543
       0.0401434      0.00830252
               0               0
               0    -4.43556e-19
        0.110909       0.0175045
        0.192848       0.0604949
        0.237316        0.116967
        0.248954        0.165554
        0.239521        0.201373
        0.220996        0.221443
        0.203523        0.226084
        0.190596        0.220658
        0.182743         0.20593
        0.178347        0.182459
        0.173506        0.151332
         0.16303        0.114148
        0.142169       0.0746724
        0.107122        0.037221
       0.0580856       0.0104316
               0               0
               0    -1.89203e-18
       0.0815695       0.0135865
        0.145988       0.0473521
        0.188129        0.092474
        0.206552         0.13649
        0.209904        0.173767
        0.204935        0.200724
         0.19893        0.215984
        0.196455        0.220935
        0.197773        0.215432
        0.202733        0.199743
         0.20694        0.172625
        0.203285        0.135498
        0.185172       0.0918279
        0.143886        0.047052
       0.0805854       0.0135292
               0               0
               0    -1.07711e-18
       0.0589637       0.0104676
        0.108942       0.0374514
        0.144771       0.0751841
        0.166047        0.114963
        0.176462        0.152351
        0.180825        0.183451
        0.184421        0.206604
        0.191216        0.220825
        0.202919        0.225624
        0.219148        0.220374
        0.236589        0.199993
          0.2454        0.164238
        0.233912        0.116042
        0.190356       0.0600603
        0.109761       0.0174058
               0               0
               0     1.30109e-18
       0.0409184      0.00834574
       0.0780682       0.0303903
        0.107931       0.0620088
        0.128333       0.0977469
        0.141875        0.134052
        0.151204         0.16737
        0.160558        0.196696
         0.17508         0.22021
        0.197243        0.236006
        0.227763        0.244085
        0.262944        0.233432
        0.290467        0.201679
        0.292404        0.149196
        0.246477       0.0802938
        0.147661       0.0239878
               0               0
               0     7.73437e-19
       0.0265165      0.00657071
       0.0531947       0.0243411
       0.0760612       0.0509197
       0.0937318       0.0824958
        0.107014         0.11648
        0.118262        0.149812
        0.130573        0.183232
        0.149042        0.215921
        0.178944        0.243909
        0.220628        0.268219
        0.274801        0.273362
        0.329839        0.250398
         0.35755        0.195161
         0.32228        0.108153
        0.201529       0.0334019
               0               0
               0     6.46158e-19
       0.0152947      0.00499961
       0.0328082       0.0188089
       0.0492353       0.0402393
       0.0625366       0.0668396
       0.0732204       0.0973284
       0.0833323        0.128902
       0.0961208        0.163725
        0.115963        0.202917
        0.149794        0.241725
        0.198565         0.28142
        0.265874        0.309099
        0.359186        0.308949
        0.434678        0.255833
        0.418535         0.15345
        0.284318       0.0505127
               0               0
      5.0375e-20     6.65328e-19
      0.00698981         0.00338
       0.0176064       0.0129495
       0.0278921       0.0289917
       0.0367193       0.0497256
       0.0437789       0.0748772
       0.0509711        0.102791
       0.0606925        0.135628
       0.0763441        0.177529
        0.105157        0.221236
        0.152547        0.266814
        0.230409        0.322755
        0.359751        0.374726
        0.509045        0.335303
        0.546212         0.20676
        0.385682       0.0782298
               0               0
               0     1.94796e-18
      0.00192189      0.00175327
      0.00701697      0.00718438
       0.0121741       0.0175365
        0.016718       0.0316174
       0.0205006       0.0496713
       0.0246322       0.0706884
       0.0301224       0.0964076
       0.0366274        0.129927
       0.0456151        0.171812
       0.0704267        0.210715
        0.141732        0.293492
        0.343823        0.415175
        0.622795        0.396126
        0.720802        0.254131
        0.537008       0.0967701
               0               0
               0               0
     5.26045e-05     5.26045e-05
      0.00173067      0.00191994
      0.00315417      0.00672267
      0.00430747       0.0140958
      0.00524755       0.0237376
      0.00647565       0.0358041
      0.00872112       0.0494499
       0.0105367       0.0651379
      0.00859363       0.0886266
       0.0159167         0.10657
       0.0483273        0.181564
        0.195614        0.377286
        0.651223        0.393358
        0.899347        0.204879
        0.684817       0.0732959
               0               0
               0               0
               0               0
               0               0
               0               0
               0               0
               0               0
               0               0
               0               0
               0               0
               0               0
               0               0
               0               0
               0               0
            0.75               0
               1               0
            0.75               0
               0               0
