  1  0.9396926207859084
  1  0.5000000000000001
  1  -0.1736481776669303
  1  -0.7660444431189779
  1  -1
  0.9238795325112867  1
  0.9238795325112867  0.766044443118978
  0.9238795325112867  0.1736481776669304
  0.9238795325112867  -0.4999999999999998
  0.9238795325112867  -0.9396926207859083
  0.7071067811865476  0.9396926207859084
  0.7071067811865476  0.5000000000000001
  0.7071067811865476  -0.1736481776669303
  0.7071067811865476  -0.7660444431189779
  0.7071067811865476  -1
  0.3826834323650898  1
  0.3826834323650898  0.766044443118978
  0.3826834323650898  0.1736481776669304
  0.3826834323650898  -0.4999999999999998
  0.3826834323650898  -0.9396926207859083
  0  0.9396926207859084
  0  0.5000000000000001
  0  -0.1736481776669303
  0  -0.7660444431189779
  0  -1
  -0.3826834323650897  1
  -0.3826834323650897  0.766044443118978
  -0.3826834323650897  0.1736481776669304
  -0.3826834323650897  -0.4999999999999998
  -0.3826834323650897  -0.9396926207859083
  -0.7071067811865475  0.9396926207859084
  -0.7071067811865475  0.5000000000000001
  -0.7071067811865475  -0.1736481776669303
  -0.7071067811865475  -0.7660444431189779
  -0.7071067811865475  -1
  -0.9238795325112867  1
  -0.9238795325112867  0.766044443118978
  -0.9238795325112867  0.1736481776669304
  -0.9238795325112867  -0.4999999999999998
  -0.9238795325112867  -0.9396926207859083
  -1  0.9396926207859084
  -1  0.5000000000000001
  -1  -0.1736481776669303
  -1  -0.7660444431189779
  -1  -1
