  1  0.9594929736144974
  1  0.6548607339452851
  1  0.1423148382732851
  1  -0.4154150130018863
  1  -0.8412535328311811
  1  -1
  0.9510565162951535  1
  0.9510565162951535  0.8412535328311812
  0.9510565162951535  0.4154150130018864
  0.9510565162951535  -0.142314838273285
  0.9510565162951535  -0.654860733945285
  0.9510565162951535  -0.9594929736144974
  0.8090169943749475  0.9594929736144974
  0.8090169943749475  0.6548607339452851
  0.8090169943749475  0.1423148382732851
  0.8090169943749475  -0.4154150130018863
  0.8090169943749475  -0.8412535328311811
  0.8090169943749475  -1
  0.5877852522924731  1
  0.5877852522924731  0.8412535328311812
  0.5877852522924731  0.4154150130018864
  0.5877852522924731  -0.142314838273285
  0.5877852522924731  -0.654860733945285
  0.5877852522924731  -0.9594929736144974
  0.3090169943749475  0.9594929736144974
  0.3090169943749475  0.6548607339452851
  0.3090169943749475  0.1423148382732851
  0.3090169943749475  -0.4154150130018863
  0.3090169943749475  -0.8412535328311811
  0.3090169943749475  -1
  0  1
  0  0.8412535328311812
  0  0.4154150130018864
  0  -0.142314838273285
  0  -0.654860733945285
  0  -0.9594929736144974
  -0.3090169943749473  0.9594929736144974
  -0.3090169943749473  0.6548607339452851
  -0.3090169943749473  0.1423148382732851
  -0.3090169943749473  -0.4154150130018863
  -0.3090169943749473  -0.8412535328311811
  -0.3090169943749473  -1
  -0.587785252292473  1
  -0.587785252292473  0.8412535328311812
  -0.587785252292473  0.4154150130018864
  -0.587785252292473  -0.142314838273285
  -0.587785252292473  -0.654860733945285
  -0.587785252292473  -0.9594929736144974
  -0.8090169943749473  0.9594929736144974
  -0.8090169943749473  0.6548607339452851
  -0.8090169943749473  0.1423148382732851
  -0.8090169943749473  -0.4154150130018863
  -0.8090169943749473  -0.8412535328311811
  -0.8090169943749473  -1
  -0.9510565162951535  1
  -0.9510565162951535  0.8412535328311812
  -0.9510565162951535  0.4154150130018864
  -0.9510565162951535  -0.142314838273285
  -0.9510565162951535  -0.654860733945285
  -0.9510565162951535  -0.9594929736144974
  -1  0.9594929736144974
  -1  0.6548607339452851
  -1  0.1423148382732851
  -1  -0.4154150130018863
  -1  -0.8412535328311811
  -1  -1
