  1  0.9009688679024191
  1  0.2225209339563144
  1  -0.6234898018587335
  1  -1
  0.8660254037844387  1
  0.8660254037844387  0.6234898018587336
  0.8660254037844387  -0.2225209339563143
  0.8660254037844387  -0.900968867902419
  0.5000000000000001  0.9009688679024191
  0.5000000000000001  0.2225209339563144
  0.5000000000000001  -0.6234898018587335
  0.5000000000000001  -1
  0  1
  0  0.6234898018587336
  0  -0.2225209339563143
  0  -0.900968867902419
  -0.4999999999999998  0.9009688679024191
  -0.4999999999999998  0.2225209339563144
  -0.4999999999999998  -0.6234898018587335
  -0.4999999999999998  -1
  -0.8660254037844387  1
  -0.8660254037844387  0.6234898018587336
  -0.8660254037844387  -0.2225209339563143
  -0.8660254037844387  -0.900968867902419
  -1  0.9009688679024191
  -1  0.2225209339563144
  -1  -0.6234898018587335
  -1  -1
