  1  0.8660254037844387
  1  0
  1  -0.8660254037844387
  0.8090169943749475  1
  0.8090169943749475  0.5000000000000001
  0.8090169943749475  -0.4999999999999998
  0.8090169943749475  -1
  0.3090169943749475  0.8660254037844387
  0.3090169943749475  0
  0.3090169943749475  -0.8660254037844387
  -0.3090169943749473  1
  -0.3090169943749473  0.5000000000000001
  -0.3090169943749473  -0.4999999999999998
  -0.3090169943749473  -1
  -0.8090169943749473  0.8660254037844387
  -0.8090169943749473  0
  -0.8090169943749473  -0.8660254037844387
  -1  1
  -1  0.5000000000000001
  -1  -0.4999999999999998
  -1  -1
