  1  0.9510565162951535
  1  0.5877852522924731
  1  0
  1  -0.587785252292473
  1  -0.9510565162951535
  0.9396926207859084  1
  0.9396926207859084  0.8090169943749475
  0.9396926207859084  0.3090169943749475
  0.9396926207859084  -0.3090169943749473
  0.9396926207859084  -0.8090169943749473
  0.9396926207859084  -1
  0.766044443118978  0.9510565162951535
  0.766044443118978  0.5877852522924731
  0.766044443118978  0
  0.766044443118978  -0.587785252292473
  0.766044443118978  -0.9510565162951535
  0.5000000000000001  1
  0.5000000000000001  0.8090169943749475
  0.5000000000000001  0.3090169943749475
  0.5000000000000001  -0.3090169943749473
  0.5000000000000001  -0.8090169943749473
  0.5000000000000001  -1
  0.1736481776669304  0.9510565162951535
  0.1736481776669304  0.5877852522924731
  0.1736481776669304  0
  0.1736481776669304  -0.587785252292473
  0.1736481776669304  -0.9510565162951535
  -0.1736481776669303  1
  -0.1736481776669303  0.8090169943749475
  -0.1736481776669303  0.3090169943749475
  -0.1736481776669303  -0.3090169943749473
  -0.1736481776669303  -0.8090169943749473
  -0.1736481776669303  -1
  -0.4999999999999998  0.9510565162951535
  -0.4999999999999998  0.5877852522924731
  -0.4999999999999998  0
  -0.4999999999999998  -0.587785252292473
  -0.4999999999999998  -0.9510565162951535
  -0.7660444431189779  1
  -0.7660444431189779  0.8090169943749475
  -0.7660444431189779  0.3090169943749475
  -0.7660444431189779  -0.3090169943749473
  -0.7660444431189779  -0.8090169943749473
  -0.7660444431189779  -1
  -0.9396926207859083  0.9510565162951535
  -0.9396926207859083  0.5877852522924731
  -0.9396926207859083  0
  -0.9396926207859083  -0.587785252292473
  -0.9396926207859083  -0.9510565162951535
  -1  1
  -1  0.8090169943749475
  -1  0.3090169943749475
  -1  -0.3090169943749473
  -1  -0.8090169943749473
  -1  -1
