  1  0.9238795325112867
  1  0.3826834323650898
  1  -0.3826834323650897
  1  -0.9238795325112867
  0.9009688679024191  1
  0.9009688679024191  0.7071067811865476
  0.9009688679024191  0
  0.9009688679024191  -0.7071067811865475
  0.9009688679024191  -1
  0.6234898018587336  0.9238795325112867
  0.6234898018587336  0.3826834323650898
  0.6234898018587336  -0.3826834323650897
  0.6234898018587336  -0.9238795325112867
  0.2225209339563144  1
  0.2225209339563144  0.7071067811865476
  0.2225209339563144  0
  0.2225209339563144  -0.7071067811865475
  0.2225209339563144  -1
  -0.2225209339563143  0.9238795325112867
  -0.2225209339563143  0.3826834323650898
  -0.2225209339563143  -0.3826834323650897
  -0.2225209339563143  -0.9238795325112867
  -0.6234898018587335  1
  -0.6234898018587335  0.7071067811865476
  -0.6234898018587335  0
  -0.6234898018587335  -0.7071067811865475
  -0.6234898018587335  -1
  -0.900968867902419  0.9238795325112867
  -0.900968867902419  0.3826834323650898
  -0.900968867902419  -0.3826834323650897
  -0.900968867902419  -0.9238795325112867
  -1  1
  -1  0.7071067811865476
  -1  0
  -1  -0.7071067811865475
  -1  -1
