DREAM.C:Parameter_values_for_restart.
  0  -109.149  -3.52579  -3.51216  -0.132247  -4.2254  -2.93987  -6.92078  1.32422  6.4144  -3.49011  -3.19841
  1  -82.5667  -9.5036  -3.26801  -4.29954  2.52641  -0.714625  -9.57686  -7.3607  -4.18806  -8.27845  -9.74849
  2  -129.032  3.23543  7.98339  -8.40467  9.18967  6.93544  7.17498  6.24372  2.3917  0.235735  7.19098
  3  -100.42  0.511112  -1.05837  1.54453  -0.25551  -0.467137  -1.86587  -1.12498  -1.32837  -0.589831  -2.67604
  4  -124.058  -6.88821  -3.84746  -2.66573  5.54846  -3.01604  -8.58698  -3.29423  -9.87346  2.56232  -0.530195
  5  -67.8469  -4.16083  -7.19818  -4.66813  -6.39574  -2.53  -8.42172  4.93212  -4.6321  -3.64458  -6.94875
  6  -58.8336  7.21888  8.76863  5.90215  2.80804  -0.105857  6.6832  1.81623  1.33124  9.73375  8.6781
  7  -140.063  1.80628  7.8157  4.67408  6.25855  1.44002  1.09033  9.70695  -8.11456  -0.78441  5.50642
  8  -88.1874  -5.29794  4.87455  -5.1371  -3.97774  -2.3365  -0.616295  -2.97282  -2.06813  0.284815  -2.78713
  9  -124.832  -5.49104  0.721803  -6.22177  -4.36766  -8.18671  2.50682  -7.5219  -4.35952  1.7697  4.47685
