#  final.txt
#  created by routine CVT_WRITE.CC
#  at 03 December 2004 02:56:07 PM
#
#  Spatial dimension NDIM =   2
#  Number of points N =       100
#  Initial SEED_INIT =        123456789
#  Current SEED =             133656789
#  INIT =                    "RAND".
#  Max iterations IT_MAX =    50
#  IT_FIXED (fixed samples) = 1
#  Iterations IT_NUM =        51
#  Difference IT_DIFF =       0
#  CVT ENERGY =               0.00205291
#  SAMPLE =                  "RAND".
#  Samples SAMPLE_NUM =       100000
#  Sampling BATCH size =      1000
#  EPSILON (unit roundoff) =  2.22045e-16
#
  0.892613    0.534239  
  0.116064           1  
   0.90031    0.658998  
  0.755012    0.799914  
  0.637379    0.791871  
  0.441485    0.477801  
         1    0.228448  
  0.679372     0.23402  
  0.769866           1  
         0     0.75304  
   0.55378           1  
   0.56456    0.307943  
   0.69784    0.566277  
         0     0.31685  
  0.504313    0.802479  
  0.322304    0.490944  
  0.250187    0.630209  
   0.32086    0.234868  
  0.122743    0.124342  
         0           1  
  0.888484    0.414745  
  0.328604           1  
   0.90067           0  
    0.1157    0.768199  
         1    0.432321  
  0.234734    0.423465  
  0.289822    0.877935  
  0.850512   0.0982404  
  0.440323           1  
  0.554141           0  
  0.813872    0.890986  
  0.617396    0.106887  
  0.393389    0.900141  
  0.446792    0.696472  
         0    0.518735  
  0.654543           1  
         1           0  
  0.910103    0.889379  
         0    0.199627  
  0.434472           0  
  0.564467    0.708304  
  0.670635           0  
  0.563507    0.517116  
         0           0  
  0.559529    0.416361  
  0.105998     0.26824  
  0.336259     0.69871  
  0.491308    0.904369  
  0.703664    0.900822  
  0.603895    0.614621  
  0.221462    0.318058  
  0.673875    0.356153  
  0.370879    0.588867  
  0.128085    0.655382  
  0.692379    0.687873  
  0.795259    0.221493  
  0.458851    0.361597  
  0.205488           0  
         1    0.520589  
         0    0.417203  
         1    0.104431  
  0.782151     0.34609  
  0.889312    0.298211  
  0.116324    0.404153  
 0.0884169    0.883871  
 0.0982846    0.535865  
         0    0.874306  
         1     0.61029  
  0.379293    0.121787  
  0.103648           0  
         1           1  
  0.345749    0.358489  
  0.377312    0.795922  
  0.439923    0.243107  
  0.200829    0.531883  
  0.905388    0.182781  
  0.799312    0.594609  
  0.596015    0.891069  
         1    0.722731  
  0.259038    0.106582  
   0.67023    0.464211  
  0.882234    0.779883  
  0.187858    0.878935  
  0.235538    0.758634  
         0    0.640315  
  0.885753           1  
  0.560178    0.203759  
  0.228389           1  
         1     0.91685  
  0.206721    0.205485  
  0.325769           0  
  0.493231    0.111768  
  0.781246           0  
         1    0.815588  
  0.732547    0.117549  
         1     0.33816  
  0.799008    0.702251  
         0   0.0989143  
  0.486778    0.596565  
  0.783887    0.469337  
