#  initial.txt
#  created by routine CVT_WRITE.CC
#  at 03 December 2004 02:54:40 PM
#
#  Spatial dimension NDIM =   2
#  Number of points N =       100
#  Initial SEED_INIT =        123456789
#  Current SEED =             123656789
#  INIT =                    "RAND".
#  Max iterations IT_MAX =    50
#  IT_FIXED (fixed samples) = 1
#  Iterations IT_NUM =        0
#  Difference IT_DIFF =       0
#  CVT ENERGY =               0.00389791
#  SAMPLE =                  "RAND".
#  Samples SAMPLE_NUM =       100000
#  Sampling BATCH size =      1000
#  EPSILON (unit roundoff) =  2.22045e-16
#
  0.928534    0.544221  
  0.259929           1  
  0.928564    0.617834  
  0.792544    0.801624  
  0.631495    0.732222  
  0.418592      0.4808  
         1    0.353045  
  0.666506    0.369049  
  0.776538    0.918051  
  0.177208     0.64514  
  0.524919    0.960233  
  0.557846    0.358352  
  0.686425    0.692297  
         0    0.314378  
  0.536573    0.803459  
  0.411105    0.465107  
   0.34768    0.671034  
  0.382817    0.276245  
  0.288868    0.175361  
         0           1  
  0.907583    0.496461  
  0.401163           1  
  0.849506           0  
  0.272568    0.626044  
         1    0.449776  
  0.271183     0.51064  
  0.410009    0.829029  
  0.868992   0.0964336  
  0.521327           1  
  0.410812           0  
  0.798377    0.821917  
  0.523007    0.146057  
   0.49295    0.905823  
  0.422302    0.781818  
         0     0.50017  
  0.702182           1  
         1           0  
  0.892286    0.846137  
         0    0.164855  
   0.47218    0.156735  
  0.614631    0.743364  
  0.667375           0  
  0.572393    0.536366  
         0           0  
  0.531284    0.531885  
   0.15162    0.329661  
  0.353801    0.674626  
  0.475718    0.846752  
  0.580449     0.89802  
   0.62857    0.661633  
   0.39819    0.330752  
    0.6504    0.394821  
  0.434097    0.542686  
  0.240958    0.605111  
  0.707541    0.713138  
  0.761846    0.322172  
  0.456502    0.429221  
  0.346812           0  
         1    0.467885  
  0.122615    0.496871  
         1    0.274234  
  0.826532    0.353571  
   0.94886    0.302251  
  0.200323     0.52931  
  0.200271    0.828893  
  0.190943    0.598461  
         0    0.841343  
         1    0.593741  
  0.384029     0.23424  
  0.198852           0  
         1           1  
  0.413742     0.40388  
  0.389919    0.760553  
  0.432774    0.355506  
  0.228438    0.555389  
  0.852377    0.228208  
  0.829623    0.678909  
  0.581779    0.778484  
         1    0.782102  
  0.307793    0.181431  
  0.610995    0.498736  
  0.779892     0.77064  
  0.340079    0.773174  
  0.364381    0.724108  
         0    0.563234  
  0.815679           1  
  0.523932    0.229421  
  0.358671    0.913851  
         1    0.791446  
  0.269356    0.218412  
  0.346835    0.121733  
  0.446621    0.176458  
  0.800643           0  
  0.954941    0.781802  
  0.810502    0.262735  
         1    0.421497  
  0.761471    0.743125  
  0.192137     0.10155  
  0.516299    0.556518  
  0.825658    0.523712  
