                      10.1                      10.2                      10.3                      10.4                      10.5
                      20.1                      20.2                      20.3                      20.4                      20.5
                      30.1                      30.2                      30.3                      30.4                      30.5
                      40.1                      40.2                      40.3                      40.4                      40.5
                      50.1                      50.2                      50.3                      50.4                      50.5
                      60.1                      60.2                      60.3                      60.4                      60.5
         70.09999999999999                      70.2                      70.3         70.40000000000001                      70.5
         80.09999999999999                      80.2                      80.3         80.40000000000001                      80.5
         90.09999999999999                      90.2                      90.3         90.40000000000001                      90.5
                     100.1                     100.2                     100.3                     100.4                     100.5
                     110.1                     110.2                     110.3                     110.4                     110.5
                     120.1                     120.2                     120.3                     120.4                     120.5
                     130.1                     130.2                     130.3                     130.4                     130.5
                     140.1                     140.2                     140.3                     140.4                     140.5
                     150.1                     150.2                     150.3                     150.4                     150.5
                     160.1                     160.2                     160.3                     160.4                     160.5
                     170.1                     170.2                     170.3                     170.4                     170.5
                     180.1                     180.2                     180.3                     180.4                     180.5
                     190.1                     190.2                     190.3                     190.4                     190.5
                     200.1                     200.2                     200.3                     200.4                     200.5
