           1           0           2
          15           1           0
          16           0           2
          10           9           0
           9          15           0
          10          16           0
          25           1           2
          15          20           1
          25          20           1
           3          16           2
           3          26           2
          25           4           2
           4          26           2
           3          16          17
           3          21          17
          27           3          21
          27           3          26
          25           4          30
          32           4          26
          31           4          30
          31          32           4
          10           5           6
           5           6          38
           8           5           9
          37           8           5
          10           5           9
          37           5          38
           7           6          11
           7           6          39
          10           6          11
           6          39          38
          12           7          11
          41          12           7
          41           7          39
           8           9          14
           8          13          14
           8          42          13
          37          40           8
          40           8          42
           9          15          14
          10          16          11
          12          17          11
          16          17          11
          18          12          17
          43          18          12
          43          41          12
          19          13          14
          44          19          13
          42          44          13
          15          20          14
          19          20          14
          18          21          17
          18          22          21
          18          22          47
          43          45          18
          45          18          47
          19          20          23
          19          46          23
          44          19          46
          20          24          23
          25          20          24
          27          22          21
          27          22          28
          22          28          49
          22          49          47
          29          24          23
          50          29          23
          46          48          23
          50          48          23
          25          30          24
          29          30          24
          27          32          26
          33          27          28
          33          27          32
          33          51          28
          51          28          49
          34          29          30
          34          52          29
          50          52          29
          31          34          30
          31          36          32
          31          34          35
          31          36          35
          33          36          32
          33          53          36
          33          53          51
          54          34          35
          54          34          52
          36          55          35
          54          55          35
          53          36          56
          36          56          55
          37          58          38
          37          40          57
          37          57          58
          59          39          38
          59          58          38
          61          41          39
          59          60          39
          61          60          39
          62          40          42
          62          40          57
          43          41          63
          61          41          63
          64          42          44
          62          64          42
          43          45          65
          43          65          63
          44          46          68
          64          44          66
          44          66          68
          45          67          47
          45          65          67
          46          48          70
          46          68          70
          69          49          47
          69          67          47
          72          50          48
          72          48          70
          73          51          49
          69          71          49
          73          71          49
          50          52          74
          72          50          74
          53          51          75
          73          51          75
          54          52          76
          52          76          74
          53          56          80
          53          80          75
          54          78          55
          77          54          76
          77          54          78
          56          55          79
          78          55          79
          56          79          80
          57          83          58
          62          82          57
          82          57          83
          81          59          58
          81          58          84
          83          58          84
          81          59          60
          86          61          60
          85          81          60
          86          85          60
          61          63          87
          86          61          87
          62          64          88
          62          82          88
          65          63          89
          63          89          87
          90          64          66
          90          64          88
          91          65          67
          91          65          89
          66          68          94
          90          66          92
          66          92          94
          69          95          67
          91          67          93
          95          67          93
          68          70          94
          69          71          95
          72          98          70
          96          70          94
          98          96          70
          73          71          99
          97          71          95
          97          71          99
          72         100          74
          72         100          98
         101          73          75
         101          73          99
         102          76          74
         102         100          74
         107          80          75
         101         107          75
         103          77          76
         102         103          76
          77         108          78
         104         103          77
         104          77         108
         108          78          79
         106          79          80
         105         106          79
         105         108          79
         107         106          80
          81          84         109
          85          81         109
          82          83         112
          82          88         116
          82         116         112
         113          83          84
         113          83         112
         113          84         109
          86          85         111
         110          85         109
         110          85         111
          86         114          87
          86         114         111
          89         115          87
         114         115          87
          90         118          88
         118          88         116
         119          91          89
          89         117         115
         119          89         117
          90         120          92
          90         118         120
         121          91          93
         121         119          91
          92          94         122
         120          92         122
          95          93         123
         121          93         123
          96          94         122
          97          95         123
         126          98          96
          96         124         122
         126          96         124
          97         125          99
          97         125         123
         126         100          98
         101         129          99
         125          99         127
         129          99         127
         102         100         130
         126         100         128
         100         128         130
         101         107         129
         102         103         130
         104         103         134
         103         131         130
         103         131         134
         104         108         135
         104         134         135
         105         136         106
         105         108         135
         105         136         135
         132         107         106
         132         136         106
         107         129         133
         132         107         133
         110         140         109
         140         113         109
         110         111         141
         110         140         137
         110         137         141
         114         111         142
         111         142         141
         113         139         112
         138         116         112
         138         139         112
         140         113         139
         114         143         115
         114         143         142
         143         117         115
         118         116         144
         138         116         144
         147         119         117
         143         145         117
         147         145         117
         118         146         120
         118         146         144
         121         147         119
         148         120         122
         148         146         120
         121         149         123
         121         147         149
         150         124         122
         148         150         122
         153         125         123
         149         151         123
         153         151         123
         126         154         124
         152         150         124
         154         152         124
         125         155         127
         153         125         155
         126         154         128
         129         157         127
         157         155         127
         158         128         130
         154         128         156
         158         128         156
         129         133         157
         131         158         130
         131         134         159
         131         158         159
         132         133         162
         132         136         162
         133         163         157
         133         162         163
         160         134         135
         160         134         159
         161         136         135
         160         164         135
         161         164         135
         161         136         162
         140         137         166
         137         168         141
         137         166         167
         137         168         167
         138         139         165
         138         170         144
         138         170         165
         140         166         139
         166         139         165
         168         142         141
         169         143         142
         169         168         142
         143         145         171
         169         143         171
         146         144         172
         170         144         172
         147         145         173
         145         171         173
         148         146         174
         146         174         172
         147         149         175
         147         175         173
         148         150         176
         148         174         176
         149         175         151
         152         150         178
         150         176         178
         153         179         151
         175         177         151
         179         177         151
         154         152         180
         152         180         178
         153         179         155
         154         180         156
         157         155         181
         179         155         181
         158         156         182
         180         156         182
         163         157         183
         157         181         183
         158         184         159
         158         184         182
         160         185         159
         185         184         159
         160         185         164
         161         162         187
         161         164         187
         162         163         188
         162         187         188
         163         188         183
         185         164         186
         164         187         186
         166         189         165
         192         170         165
         192         189         165
         166         167         189
         168         167         191
         167         189         190
         167         190         191
         169         168         191
         169         193         171
         169         193         191
         194         170         172
         192         194         170
         195         171         173
         193         195         171
         174         172         196
         194         172         196
         197         175         173
         195         197         173
         174         176         196
         197         175         177
         198         176         178
         198         176         196
         179         199         177
         197         199         177
         180         200         178
         198         200         178
         179         201         181
         179         201         199
         180         202         182
         180         202         200
         181         203         183
         201         181         203
         204         184         182
         204         202         182
         206         188         183
         206         203         183
         207         185         184
         207         204         184
         208         185         186
         208         207         185
         209         187         186
         208         209         186
         209         187         188
         209         206         188
         210         189         190
         192         210         189
         190         211         191
         210         190         211
         193         212         191
         211         212         191
         213         192         194
         213         192         210
         193         195         217
         193         217         212
         194         218         196
         213         194         218
         195         197         223
         195         217         223
         198         224         196
         224         218         196
         197         199         227
         197         227         223
         198         228         200
         198         228         224
         233         201         199
         233         199         227
         228         202         200
         233         201         203
         234         204         202
         228         234         202
         238         206         203
         233         238         203
         207         204         239
         234         204         239
         205         208         209
         205         208         240
         205         209         241
         205         240         236
         205         241         236
         209         206         241
         238         206         241
         208         207         240
         207         240         239
         210         211         215
         213         210         214
         210         214         215
         211         212         216
         211         215         216
         217         212         216
         213         214         219
         213         218         219
         214         215         220
         214         219         220
         242         215         216
         242         215         220
         217         221         216
         242         221         216
         217         222         221
         217         222         223
         224         218         219
         243         219         220
         225         224         219
         225         243         219
         242         220         244
         243         220         244
         222         221         226
         221         226         245
         242         221         245
         222         227         223
         222         227         226
         225         228         224
         225         228         229
         225         243         229
         232         227         226
         232         231         226
         231         226         245
         232         233         227
         228         234         229
         235         230         229
         243         230         229
         235         234         229
         246         235         230
         243         230         244
         246         230         244
         232         237         231
         246         237         231
         231         245         244
         246         231         244
         232         233         238
         232         238         237
         235         234         239
         240         235         236
         246         235         236
         240         235         239
         237         241         236
         246         237         236
         238         237         241
         242         245         244
