0  0
0.1  0.0995004
0.2  0.196013
0.3  0.286601
0.4  0.368424
0.5  0.438791
0.6  0.495201
0.7  0.53539
0.8  0.557365
0.9  0.559449
1  0.540302
1.1  0.498956
1.2  0.434829
1.3  0.347748
1.4  0.237954
1.5  0.106106
1.6  -0.0467192
1.7  -0.219036
1.8  -0.408964
1.9  -0.61425
2  -0.832294
2.1  -1.06018
2.2  -1.2947
2.3  -1.53243
2.4  -1.76974
2.5  -2.00286
2.6  -2.22791
2.7  -2.44099
2.8  -2.63822
2.9  -2.81578
3  -2.96998
3.1  -3.09732
3.2  -3.19454
3.3  -3.25868
3.4  -3.28711
3.5  -3.2776
3.6  -3.22833
3.7  -3.13797
3.8  -3.00568
3.9  -2.83114
4  -2.61457
4.1  -2.35678
4.2  -2.0591
4.3  -1.72344
4.4  -1.35226
4.5  -0.948581
4.6  -0.515902
4.7  -0.0582267
4.8  0.419995
4.9  0.913911
5  1.41831
