  0  0  0
  0.025  0  0
  0.05  0  0
  0.075  0  0
  0.1  0  0
  0.125  0  0
  0.15  0  0
  0.175  0  0
  0.2  0  0
  0.225  0  0
  0.25  0  0
  0.275  0  0.005625
  0.3  0  0.01
  0.325  0  0.013125
  0.35  0  0.015
  0.375  0  0.015625
  0.4  0  0.015
  0.425  0  0.013125
  0.45  0  0.01
  0.475  0  0.005625
  0.5  0  0
  0.525  0  0
  0.55  0  0
  0.575  0  0
  0.6  0  0
  0.625  0  0
  0.65  0  0
  0.675  0  0
  0.7  0  0
  0.725  0  0
  0.75  0  0
  0.775  0  0
  0.8  0  0
  0.825  0  0
  0.85  0  0
  0.875  0  0
  0.9  0  0
  0.925  0  0
  0.95  0  0
  0.975  0  0
  1  0  0

  0  0.1  0
  0.025  0.1  0
  0.05  0.1  0
  0.075  0.1  0
  0.1  0.1  0
  0.125  0.1  0
  0.15  0.1  0
  0.175  0.1  0
  0.2  0.1  0
  0.225  0.1  0
  0.25  0.1  0.0028125
  0.275  0.1  0.005
  0.3  0.1  0.009375
  0.325  0.1  0.0125
  0.35  0.1  0.014375
  0.375  0.1  0.015
  0.4  0.1  0.014375
  0.425  0.1  0.0125
  0.45  0.1  0.009375
  0.475  0.1  0.005
  0.5  0.1  0.0028125
  0.525  0.1  0
  0.55  0.1  0
  0.575  0.1  0
  0.6  0.1  0
  0.625  0.1  0
  0.65  0.1  0
  0.675  0.1  0
  0.7  0.1  0
  0.725  0.1  0
  0.75  0.1  0
  0.775  0.1  0
  0.8  0.1  0
  0.825  0.1  0
  0.85  0.1  0
  0.875  0.1  0
  0.9  0.1  0
  0.925  0.1  0
  0.95  0.1  0
  0.975  0.1  0
  1  0.1  0

  0  0.2  0
  0.025  0.2  0
  0.05  0.2  0
  0.075  0.2  0
  0.1  0.2  0
  0.125  0.2  0
  0.15  0.2  0
  0.175  0.2  0
  0.2  0.2  0
  0.225  0.2  0.0028125
  0.25  0.2  0.005
  0.275  0.2  0.0065625
  0.3  0.2  0.0075
  0.325  0.2  0.010625
  0.35  0.2  0.0125
  0.375  0.2  0.013125
  0.4  0.2  0.0125
  0.425  0.2  0.010625
  0.45  0.2  0.0075
  0.475  0.2  0.0065625
  0.5  0.2  0.005
  0.525  0.2  0.0028125
  0.55  0.2  0
  0.575  0.2  0
  0.6  0.2  0
  0.625  0.2  0
  0.65  0.2  0
  0.675  0.2  0
  0.7  0.2  0
  0.725  0.2  0
  0.75  0.2  0
  0.775  0.2  0
  0.8  0.2  0
  0.825  0.2  0
  0.85  0.2  0
  0.875  0.2  0
  0.9  0.2  0
  0.925  0.2  0
  0.95  0.2  0
  0.975  0.2  0
  1  0.2  0

  0  0.3  0
  0.025  0.3  0
  0.05  0.3  0
  0.075  0.3  0
  0.1  0.3  0
  0.125  0.3  0
  0.15  0.3  0
  0.175  0.3  0
  0.2  0.3  0.0028125
  0.225  0.3  0.005
  0.25  0.3  0.0065625
  0.275  0.3  0.0075
  0.3  0.3  0.0078125
  0.325  0.3  0.0075
  0.35  0.3  0.009375
  0.375  0.3  0.01
  0.4  0.3  0.009375
  0.425  0.3  0.0075
  0.45  0.3  0.0078125
  0.475  0.3  0.0075
  0.5  0.3  0.0065625
  0.525  0.3  0.005
  0.55  0.3  0.0028125
  0.575  0.3  0
  0.6  0.3  0
  0.625  0.3  0
  0.65  0.3  0
  0.675  0.3  0
  0.7  0.3  0
  0.725  0.3  0
  0.75  0.3  0
  0.775  0.3  0
  0.8  0.3  0
  0.825  0.3  0
  0.85  0.3  0
  0.875  0.3  0
  0.9  0.3  0
  0.925  0.3  0
  0.95  0.3  0
  0.975  0.3  0
  1  0.3  0

  0  0.4  0
  0.025  0.4  0
  0.05  0.4  0
  0.075  0.4  0
  0.1  0.4  0
  0.125  0.4  0
  0.15  0.4  0
  0.175  0.4  0.0028125
  0.2  0.4  0.005
  0.225  0.4  0.0065625
  0.25  0.4  0.0075
  0.275  0.4  0.0078125
  0.3  0.4  0.0075
  0.325  0.4  0.0065625
  0.35  0.4  0.005
  0.375  0.4  0.005625
  0.4  0.4  0.005
  0.425  0.4  0.0065625
  0.45  0.4  0.0075
  0.475  0.4  0.0078125
  0.5  0.4  0.0075
  0.525  0.4  0.0065625
  0.55  0.4  0.005
  0.575  0.4  0.0028125
  0.6  0.4  0
  0.625  0.4  0
  0.65  0.4  0
  0.675  0.4  0
  0.7  0.4  0
  0.725  0.4  0
  0.75  0.4  0
  0.775  0.4  0
  0.8  0.4  0
  0.825  0.4  0
  0.85  0.4  0
  0.875  0.4  0
  0.9  0.4  0
  0.925  0.4  0
  0.95  0.4  0
  0.975  0.4  0
  1  0.4  0

  0  0.5  0
  0.025  0.5  0
  0.05  0.5  0
  0.075  0.5  0
  0.1  0.5  0
  0.125  0.5  0
  0.15  0.5  0.0028125
  0.175  0.5  0.005
  0.2  0.5  0.0065625
  0.225  0.5  0.0075
  0.25  0.5  0.0078125
  0.275  0.5  0.0075
  0.3  0.5  0.0065625
  0.325  0.5  0.005
  0.35  0.5  0.0028125
  0.375  0.5  1.73472e-18
  0.4  0.5  0.0028125
  0.425  0.5  0.005
  0.45  0.5  0.0065625
  0.475  0.5  0.0075
  0.5  0.5  0.0078125
  0.525  0.5  0.0075
  0.55  0.5  0.0065625
  0.575  0.5  0.005
  0.6  0.5  0.0028125
  0.625  0.5  0
  0.65  0.5  0
  0.675  0.5  0
  0.7  0.5  0
  0.725  0.5  0
  0.75  0.5  0
  0.775  0.5  0
  0.8  0.5  0
  0.825  0.5  0
  0.85  0.5  0
  0.875  0.5  0
  0.9  0.5  0
  0.925  0.5  0
  0.95  0.5  0
  0.975  0.5  0
  1  0.5  0

  0  0.6  0
  0.025  0.6  0
  0.05  0.6  0
  0.075  0.6  0
  0.1  0.6  0
  0.125  0.6  0.0028125
  0.15  0.6  0.005
  0.175  0.6  0.0065625
  0.2  0.6  0.0075
  0.225  0.6  0.0078125
  0.25  0.6  0.0075
  0.275  0.6  0.0065625
  0.3  0.6  0.005
  0.325  0.6  0.0028125
  0.35  0.6  0
  0.375  0.6  0
  0.4  0.6  1.73472e-18
  0.425  0.6  0.0028125
  0.45  0.6  0.005
  0.475  0.6  0.0065625
  0.5  0.6  0.0075
  0.525  0.6  0.0078125
  0.55  0.6  0.0075
  0.575  0.6  0.0065625
  0.6  0.6  0.005
  0.625  0.6  0.0028125
  0.65  0.6  0
  0.675  0.6  0
  0.7  0.6  0
  0.725  0.6  0
  0.75  0.6  0
  0.775  0.6  0
  0.8  0.6  0
  0.825  0.6  0
  0.85  0.6  0
  0.875  0.6  0
  0.9  0.6  0
  0.925  0.6  0
  0.95  0.6  0
  0.975  0.6  0
  1  0.6  0

  0  0.7  0
  0.025  0.7  0
  0.05  0.7  0
  0.075  0.7  0
  0.1  0.7  0.0028125
  0.125  0.7  0.005
  0.15  0.7  0.0065625
  0.175  0.7  0.0075
  0.2  0.7  0.0078125
  0.225  0.7  0.0075
  0.25  0.7  0.0065625
  0.275  0.7  0.005
  0.3  0.7  0.0028125
  0.325  0.7  1.73472e-18
  0.35  0.7  -1.73472e-18
  0.375  0.7  0
  0.4  0.7  -1.73472e-18
  0.425  0.7  1.73472e-18
  0.45  0.7  0.0028125
  0.475  0.7  0.005
  0.5  0.7  0.0065625
  0.525  0.7  0.0075
  0.55  0.7  0.0078125
  0.575  0.7  0.0075
  0.6  0.7  0.0065625
  0.625  0.7  0.005
  0.65  0.7  0.0028125
  0.675  0.7  0
  0.7  0.7  0
  0.725  0.7  0
  0.75  0.7  0
  0.775  0.7  0
  0.8  0.7  0
  0.825  0.7  0
  0.85  0.7  0
  0.875  0.7  0
  0.9  0.7  0
  0.925  0.7  0
  0.95  0.7  0
  0.975  0.7  0
  1  0.7  0

  0  0.8  0
  0.025  0.8  0
  0.05  0.8  0
  0.075  0.8  0.0028125
  0.1  0.8  0.005
  0.125  0.8  0.0065625
  0.15  0.8  0.0075
  0.175  0.8  0.0078125
  0.2  0.8  0.0075
  0.225  0.8  0.0065625
  0.25  0.8  0.005
  0.275  0.8  0.0028125
  0.3  0.8  8.67362e-19
  0.325  0.8  -1.73472e-18
  0.35  0.8  1.73472e-18
  0.375  0.8  -3.46945e-18
  0.4  0.8  0
  0.425  0.8  -1.73472e-18
  0.45  0.8  1.73472e-18
  0.475  0.8  0.0028125
  0.5  0.8  0.005
  0.525  0.8  0.0065625
  0.55  0.8  0.0075
  0.575  0.8  0.0078125
  0.6  0.8  0.0075
  0.625  0.8  0.0065625
  0.65  0.8  0.005
  0.675  0.8  0.0028125
  0.7  0.8  0
  0.725  0.8  0
  0.75  0.8  0
  0.775  0.8  0
  0.8  0.8  0
  0.825  0.8  0
  0.85  0.8  0
  0.875  0.8  0
  0.9  0.8  0
  0.925  0.8  0
  0.95  0.8  0
  0.975  0.8  0
  1  0.8  0

  0  0.9  0
  0.025  0.9  0
  0.05  0.9  0.0028125
  0.075  0.9  0.005
  0.1  0.9  0.0065625
  0.125  0.9  0.0075
  0.15  0.9  0.0078125
  0.175  0.9  0.0075
  0.2  0.9  0.0065625
  0.225  0.9  0.005
  0.25  0.9  0.0028125
  0.275  0.9  8.67362e-19
  0.3  0.9  -1.73472e-18
  0.325  0.9  8.67362e-19
  0.35  0.9  -3.46945e-18
  0.375  0.9  1.73472e-18
  0.4  0.9  -3.46945e-18
  0.425  0.9  0
  0.45  0.9  -2.60209e-18
  0.475  0.9  1.73472e-18
  0.5  0.9  0.0028125
  0.525  0.9  0.005
  0.55  0.9  0.0065625
  0.575  0.9  0.0075
  0.6  0.9  0.0078125
  0.625  0.9  0.0075
  0.65  0.9  0.0065625
  0.675  0.9  0.005
  0.7  0.9  0.0028125
  0.725  0.9  0
  0.75  0.9  0
  0.775  0.9  0
  0.8  0.9  0
  0.825  0.9  0
  0.85  0.9  0
  0.875  0.9  0
  0.9  0.9  0
  0.925  0.9  0
  0.95  0.9  0
  0.975  0.9  0
  1  0.9  0

  0  1  0
  0.025  1  0.0028125
  0.05  1  0.005
  0.075  1  0.0065625
  0.1  1  0.0075
  0.125  1  0.0078125
  0.15  1  0.0075
  0.175  1  0.0065625
  0.2  1  0.005
  0.225  1  0.0028125
  0.25  1  8.67362e-19
  0.275  1  -1.73472e-18
  0.3  1  8.67362e-19
  0.325  1  -3.46945e-18
  0.35  1  8.67362e-19
  0.375  1  -3.46945e-18
  0.4  1  1.73472e-18
  0.425  1  -4.33681e-18
  0.45  1  0
  0.475  1  -3.46945e-18
  0.5  1  1.73472e-18
  0.525  1  0.0028125
  0.55  1  0.005
  0.575  1  0.0065625
  0.6  1  0.0075
  0.625  1  0.0078125
  0.65  1  0.0075
  0.675  1  0.0065625
  0.7  1  0.005
  0.725  1  0.0028125
  0.75  1  0
  0.775  1  0
  0.8  1  0
  0.825  1  0
  0.85  1  0
  0.875  1  0
  0.9  1  0
  0.925  1  0
  0.95  1  0
  0.975  1  0
  1  1  0

  0  1.1  0
  0.025  1.1  0.005
  0.05  1.1  0.0065625
  0.075  1.1  0.0075
  0.1  1.1  0.0078125
  0.125  1.1  0.0075
  0.15  1.1  0.0065625
  0.175  1.1  0.005
  0.2  1.1  0.0028125
  0.225  1.1  8.67362e-19
  0.25  1.1  -1.73472e-18
  0.275  1.1  8.67362e-19
  0.3  1.1  -3.46945e-18
  0.325  1.1  8.67362e-19
  0.35  1.1  -3.46945e-18
  0.375  1.1  8.67362e-19
  0.4  1.1  -4.33681e-18
  0.425  1.1  1.73472e-18
  0.45  1.1  -5.20417e-18
  0.475  1.1  0
  0.5  1.1  -3.46945e-18
  0.525  1.1  1.73472e-18
  0.55  1.1  0.0028125
  0.575  1.1  0.005
  0.6  1.1  0.0065625
  0.625  1.1  0.0075
  0.65  1.1  0.0078125
  0.675  1.1  0.0075
  0.7  1.1  0.0065625
  0.725  1.1  0.005
  0.75  1.1  0.0028125
  0.775  1.1  0
  0.8  1.1  0
  0.825  1.1  0
  0.85  1.1  0
  0.875  1.1  0
  0.9  1.1  0
  0.925  1.1  0
  0.95  1.1  0
  0.975  1.1  0
  1  1.1  0

  0  1.2  0
  0.025  1.2  0.00375
  0.05  1.2  0.0075
  0.075  1.2  0.0078125
  0.1  1.2  0.0075
  0.125  1.2  0.0065625
  0.15  1.2  0.005
  0.175  1.2  0.0028125
  0.2  1.2  8.67362e-19
  0.225  1.2  -1.73472e-18
  0.25  1.2  8.67362e-19
  0.275  1.2  -3.46945e-18
  0.3  1.2  8.67362e-19
  0.325  1.2  -3.46945e-18
  0.35  1.2  8.67362e-19
  0.375  1.2  -4.33681e-18
  0.4  1.2  8.67362e-19
  0.425  1.2  -5.20417e-18
  0.45  1.2  1.73472e-18
  0.475  1.2  -5.20417e-18
  0.5  1.2  0
  0.525  1.2  -3.46945e-18
  0.55  1.2  1.73472e-18
  0.575  1.2  0.0028125
  0.6  1.2  0.005
  0.625  1.2  0.0065625
  0.65  1.2  0.0075
  0.675  1.2  0.0078125
  0.7  1.2  0.0075
  0.725  1.2  0.0065625
  0.75  1.2  0.005
  0.775  1.2  0.0028125
  0.8  1.2  0
  0.825  1.2  0
  0.85  1.2  0
  0.875  1.2  0
  0.9  1.2  0
  0.925  1.2  0
  0.95  1.2  0
  0.975  1.2  0
  1  1.2  0

  0  1.3  0
  0.025  1.3  0.0025
  0.05  1.3  0.005
  0.075  1.3  0.0075
  0.1  1.3  0.0065625
  0.125  1.3  0.005
  0.15  1.3  0.0028125
  0.175  1.3  8.67362e-19
  0.2  1.3  -1.73472e-18
  0.225  1.3  8.67362e-19
  0.25  1.3  -3.46945e-18
  0.275  1.3  8.67362e-19
  0.3  1.3  -3.46945e-18
  0.325  1.3  8.67362e-19
  0.35  1.3  -4.33681e-18
  0.375  1.3  8.67362e-19
  0.4  1.3  -5.20417e-18
  0.425  1.3  8.67362e-19
  0.45  1.3  -5.20417e-18
  0.475  1.3  1.73472e-18
  0.5  1.3  -5.20417e-18
  0.525  1.3  0
  0.55  1.3  -3.46945e-18
  0.575  1.3  1.73472e-18
  0.6  1.3  0.0028125
  0.625  1.3  0.005
  0.65  1.3  0.0065625
  0.675  1.3  0.0075
  0.7  1.3  0.0078125
  0.725  1.3  0.0075
  0.75  1.3  0.0065625
  0.775  1.3  0.005
  0.8  1.3  0.0028125
  0.825  1.3  0
  0.85  1.3  0
  0.875  1.3  0
  0.9  1.3  0
  0.925  1.3  0
  0.95  1.3  0
  0.975  1.3  0
  1  1.3  0

  0  1.4  0
  0.025  1.4  0.00125
  0.05  1.4  0.0025
  0.075  1.4  0.00375
  0.1  1.4  0.005
  0.125  1.4  0.0028125
  0.15  1.4  8.67362e-19
  0.175  1.4  -1.73472e-18
  0.2  1.4  8.67362e-19
  0.225  1.4  -3.46945e-18
  0.25  1.4  8.67362e-19
  0.275  1.4  -3.46945e-18
  0.3  1.4  8.67362e-19
  0.325  1.4  -4.33681e-18
  0.35  1.4  8.67362e-19
  0.375  1.4  -5.20417e-18
  0.4  1.4  8.67362e-19
  0.425  1.4  -5.20417e-18
  0.45  1.4  8.67362e-19
  0.475  1.4  -5.20417e-18
  0.5  1.4  1.73472e-18
  0.525  1.4  -5.20417e-18
  0.55  1.4  0
  0.575  1.4  -3.46945e-18
  0.6  1.4  1.73472e-18
  0.625  1.4  0.0028125
  0.65  1.4  0.005
  0.675  1.4  0.0065625
  0.7  1.4  0.0075
  0.725  1.4  0.0078125
  0.75  1.4  0.0075
  0.775  1.4  0.0065625
  0.8  1.4  0.005
  0.825  1.4  0.0028125
  0.85  1.4  0
  0.875  1.4  0
  0.9  1.4  0
  0.925  1.4  0
  0.95  1.4  0
  0.975  1.4  0
  1  1.4  0

  0  1.5  0
  0.025  1.5  -2.60209e-18
  0.05  1.5  -3.46945e-18
  0.075  1.5  -6.07153e-18
  0.1  1.5  -6.93889e-18
  0.125  1.5  8.67362e-19
  0.15  1.5  -1.73472e-18
  0.175  1.5  8.67362e-19
  0.2  1.5  -3.46945e-18
  0.225  1.5  8.67362e-19
  0.25  1.5  -3.46945e-18
  0.275  1.5  8.67362e-19
  0.3  1.5  -4.33681e-18
  0.325  1.5  8.67362e-19
  0.35  1.5  -5.20417e-18
  0.375  1.5  8.67362e-19
  0.4  1.5  -5.20417e-18
  0.425  1.5  8.67362e-19
  0.45  1.5  -5.20417e-18
  0.475  1.5  8.67362e-19
  0.5  1.5  -5.20417e-18
  0.525  1.5  1.73472e-18
  0.55  1.5  -5.20417e-18
  0.575  1.5  0
  0.6  1.5  -3.46945e-18
  0.625  1.5  1.73472e-18
  0.65  1.5  0.0028125
  0.675  1.5  0.005
  0.7  1.5  0.0065625
  0.725  1.5  0.0075
  0.75  1.5  0.0078125
  0.775  1.5  0.0075
  0.8  1.5  0.0065625
  0.825  1.5  0.005
  0.85  1.5  0.0028125
  0.875  1.5  0
  0.9  1.5  0
  0.925  1.5  0
  0.95  1.5  0
  0.975  1.5  0
  1  1.5  0

  0  1.6  0
  0.025  1.6  -0.00125
  0.05  1.6  -0.0025
  0.075  1.6  -0.00375
  0.1  1.6  -0.005
  0.125  1.6  -0.0028125
  0.15  1.6  8.67362e-19
  0.175  1.6  -3.46945e-18
  0.2  1.6  8.67362e-19
  0.225  1.6  -3.46945e-18
  0.25  1.6  8.67362e-19
  0.275  1.6  -4.33681e-18
  0.3  1.6  8.67362e-19
  0.325  1.6  -5.20417e-18
  0.35  1.6  8.67362e-19
  0.375  1.6  -5.20417e-18
  0.4  1.6  8.67362e-19
  0.425  1.6  -5.20417e-18
  0.45  1.6  8.67362e-19
  0.475  1.6  -5.20417e-18
  0.5  1.6  8.67362e-19
  0.525  1.6  -5.20417e-18
  0.55  1.6  1.73472e-18
  0.575  1.6  -5.20417e-18
  0.6  1.6  0
  0.625  1.6  -3.46945e-18
  0.65  1.6  1.73472e-18
  0.675  1.6  0.0028125
  0.7  1.6  0.005
  0.725  1.6  0.0065625
  0.75  1.6  0.0075
  0.775  1.6  0.0078125
  0.8  1.6  0.0075
  0.825  1.6  0.0065625
  0.85  1.6  0.005
  0.875  1.6  0.0028125
  0.9  1.6  0
  0.925  1.6  0
  0.95  1.6  0
  0.975  1.6  0
  1  1.6  0

  0  1.7  0
  0.025  1.7  -0.0025
  0.05  1.7  -0.005
  0.075  1.7  -0.0075
  0.1  1.7  -0.0065625
  0.125  1.7  -0.005
  0.15  1.7  -0.0028125
  0.175  1.7  8.67362e-19
  0.2  1.7  -3.46945e-18
  0.225  1.7  8.67362e-19
  0.25  1.7  -4.33681e-18
  0.275  1.7  8.67362e-19
  0.3  1.7  -5.20417e-18
  0.325  1.7  8.67362e-19
  0.35  1.7  -5.20417e-18
  0.375  1.7  8.67362e-19
  0.4  1.7  -5.20417e-18
  0.425  1.7  8.67362e-19
  0.45  1.7  -5.20417e-18
  0.475  1.7  8.67362e-19
  0.5  1.7  -5.20417e-18
  0.525  1.7  8.67362e-19
  0.55  1.7  -5.20417e-18
  0.575  1.7  1.73472e-18
  0.6  1.7  -5.20417e-18
  0.625  1.7  0
  0.65  1.7  -3.46945e-18
  0.675  1.7  1.73472e-18
  0.7  1.7  0.0028125
  0.725  1.7  0.005
  0.75  1.7  0.0065625
  0.775  1.7  0.0075
  0.8  1.7  0.0078125
  0.825  1.7  0.0075
  0.85  1.7  0.0065625
  0.875  1.7  0.005
  0.9  1.7  0.0028125
  0.925  1.7  0
  0.95  1.7  0
  0.975  1.7  0
  1  1.7  0

  0  1.8  0
  0.025  1.8  -0.00375
  0.05  1.8  -0.0075
  0.075  1.8  -0.0078125
  0.1  1.8  -0.0075
  0.125  1.8  -0.0065625
  0.15  1.8  -0.005
  0.175  1.8  -0.0028125
  0.2  1.8  8.67362e-19
  0.225  1.8  -4.33681e-18
  0.25  1.8  8.67362e-19
  0.275  1.8  -5.20417e-18
  0.3  1.8  8.67362e-19
  0.325  1.8  -5.20417e-18
  0.35  1.8  8.67362e-19
  0.375  1.8  -5.20417e-18
  0.4  1.8  8.67362e-19
  0.425  1.8  -5.20417e-18
  0.45  1.8  8.67362e-19
  0.475  1.8  -5.20417e-18
  0.5  1.8  8.67362e-19
  0.525  1.8  -5.20417e-18
  0.55  1.8  8.67362e-19
  0.575  1.8  -5.20417e-18
  0.6  1.8  1.73472e-18
  0.625  1.8  -5.20417e-18
  0.65  1.8  0
  0.675  1.8  -3.46945e-18
  0.7  1.8  1.73472e-18
  0.725  1.8  0.0028125
  0.75  1.8  0.005
  0.775  1.8  0.0065625
  0.8  1.8  0.0075
  0.825  1.8  0.0078125
  0.85  1.8  0.0075
  0.875  1.8  0.0065625
  0.9  1.8  0.005
  0.925  1.8  0.0028125
  0.95  1.8  0
  0.975  1.8  0
  1  1.8  0

  0  1.9  0
  0.025  1.9  -0.005
  0.05  1.9  -0.0065625
  0.075  1.9  -0.0075
  0.1  1.9  -0.0078125
  0.125  1.9  -0.0075
  0.15  1.9  -0.0065625
  0.175  1.9  -0.005
  0.2  1.9  -0.0028125
  0.225  1.9  8.67362e-19
  0.25  1.9  -5.20417e-18
  0.275  1.9  8.67362e-19
  0.3  1.9  -5.20417e-18
  0.325  1.9  8.67362e-19
  0.35  1.9  -5.20417e-18
  0.375  1.9  8.67362e-19
  0.4  1.9  -5.20417e-18
  0.425  1.9  8.67362e-19
  0.45  1.9  -5.20417e-18
  0.475  1.9  8.67362e-19
  0.5  1.9  -5.20417e-18
  0.525  1.9  8.67362e-19
  0.55  1.9  -5.20417e-18
  0.575  1.9  8.67362e-19
  0.6  1.9  -5.20417e-18
  0.625  1.9  1.73472e-18
  0.65  1.9  -5.20417e-18
  0.675  1.9  0
  0.7  1.9  -3.46945e-18
  0.725  1.9  1.73472e-18
  0.75  1.9  0.0028125
  0.775  1.9  0.005
  0.8  1.9  0.0065625
  0.825  1.9  0.0075
  0.85  1.9  0.0078125
  0.875  1.9  0.0075
  0.9  1.9  0.0065625
  0.925  1.9  0.005
  0.95  1.9  0.0028125
  0.975  1.9  0
  1  1.9  0

  0  2  0
  0.025  2  -0.0028125
  0.05  2  -0.005
  0.075  2  -0.0065625
  0.1  2  -0.0075
  0.125  2  -0.0078125
  0.15  2  -0.0075
  0.175  2  -0.0065625
  0.2  2  -0.005
  0.225  2  -0.0028125
  0.25  2  8.67362e-19
  0.275  2  -5.20417e-18
  0.3  2  8.67362e-19
  0.325  2  -5.20417e-18
  0.35  2  8.67362e-19
  0.375  2  -5.20417e-18
  0.4  2  8.67362e-19
  0.425  2  -5.20417e-18
  0.45  2  8.67362e-19
  0.475  2  -5.20417e-18
  0.5  2  8.67362e-19
  0.525  2  -5.20417e-18
  0.55  2  8.67362e-19
  0.575  2  -5.20417e-18
  0.6  2  8.67362e-19
  0.625  2  -5.20417e-18
  0.65  2  1.73472e-18
  0.675  2  -5.20417e-18
  0.7  2  0
  0.725  2  -3.46945e-18
  0.75  2  1.73472e-18
  0.775  2  0.0028125
  0.8  2  0.005
  0.825  2  0.0065625
  0.85  2  0.0075
  0.875  2  0.0078125
  0.9  2  0.0075
  0.925  2  0.0065625
  0.95  2  0.005
  0.975  2  0.0028125
  1  2  0

  0  2.1  0
  0.025  2.1  0
  0.05  2.1  -0.0028125
  0.075  2.1  -0.005
  0.1  2.1  -0.0065625
  0.125  2.1  -0.0075
  0.15  2.1  -0.0078125
  0.175  2.1  -0.0075
  0.2  2.1  -0.0065625
  0.225  2.1  -0.005
  0.25  2.1  -0.0028125
  0.275  2.1  8.67362e-19
  0.3  2.1  -5.20417e-18
  0.325  2.1  8.67362e-19
  0.35  2.1  -5.20417e-18
  0.375  2.1  8.67362e-19
  0.4  2.1  -5.20417e-18
  0.425  2.1  8.67362e-19
  0.45  2.1  -5.20417e-18
  0.475  2.1  8.67362e-19
  0.5  2.1  -5.20417e-18
  0.525  2.1  8.67362e-19
  0.55  2.1  -5.20417e-18
  0.575  2.1  8.67362e-19
  0.6  2.1  -5.20417e-18
  0.625  2.1  8.67362e-19
  0.65  2.1  -5.20417e-18
  0.675  2.1  1.73472e-18
  0.7  2.1  -5.20417e-18
  0.725  2.1  0
  0.75  2.1  -3.46945e-18
  0.775  2.1  1.73472e-18
  0.8  2.1  0.0028125
  0.825  2.1  0.005
  0.85  2.1  0.0065625
  0.875  2.1  0.0075
  0.9  2.1  0.0078125
  0.925  2.1  0.0075
  0.95  2.1  0.0065625
  0.975  2.1  0.005
  1  2.1  0

  0  2.2  0
  0.025  2.2  -2.1684e-18
  0.05  2.2  0
  0.075  2.2  -0.0028125
  0.1  2.2  -0.005
  0.125  2.2  -0.0065625
  0.15  2.2  -0.0075
  0.175  2.2  -0.0078125
  0.2  2.2  -0.0075
  0.225  2.2  -0.0065625
  0.25  2.2  -0.005
  0.275  2.2  -0.0028125
  0.3  2.2  8.67362e-19
  0.325  2.2  -5.20417e-18
  0.35  2.2  8.67362e-19
  0.375  2.2  -5.20417e-18
  0.4  2.2  8.67362e-19
  0.425  2.2  -5.20417e-18
  0.45  2.2  8.67362e-19
  0.475  2.2  -5.20417e-18
  0.5  2.2  8.67362e-19
  0.525  2.2  -5.20417e-18
  0.55  2.2  8.67362e-19
  0.575  2.2  -5.20417e-18
  0.6  2.2  8.67362e-19
  0.625  2.2  -5.20417e-18
  0.65  2.2  8.67362e-19
  0.675  2.2  -5.20417e-18
  0.7  2.2  1.73472e-18
  0.725  2.2  -5.20417e-18
  0.75  2.2  0
  0.775  2.2  -3.46945e-18
  0.8  2.2  1.73472e-18
  0.825  2.2  0.0028125
  0.85  2.2  0.005
  0.875  2.2  0.0065625
  0.9  2.2  0.0075
  0.925  2.2  0.0078125
  0.95  2.2  0.0075
  0.975  2.2  0.00375
  1  2.2  0

  0  2.3  0
  0.025  2.3  0
  0.05  2.3  -2.1684e-18
  0.075  2.3  0
  0.1  2.3  -0.0028125
  0.125  2.3  -0.005
  0.15  2.3  -0.0065625
  0.175  2.3  -0.0075
  0.2  2.3  -0.0078125
  0.225  2.3  -0.0075
  0.25  2.3  -0.0065625
  0.275  2.3  -0.005
  0.3  2.3  -0.0028125
  0.325  2.3  8.67362e-19
  0.35  2.3  -5.20417e-18
  0.375  2.3  8.67362e-19
  0.4  2.3  -5.20417e-18
  0.425  2.3  8.67362e-19
  0.45  2.3  -5.20417e-18
  0.475  2.3  8.67362e-19
  0.5  2.3  -5.20417e-18
  0.525  2.3  8.67362e-19
  0.55  2.3  -5.20417e-18
  0.575  2.3  8.67362e-19
  0.6  2.3  -5.20417e-18
  0.625  2.3  8.67362e-19
  0.65  2.3  -5.20417e-18
  0.675  2.3  8.67362e-19
  0.7  2.3  -5.20417e-18
  0.725  2.3  1.73472e-18
  0.75  2.3  -5.20417e-18
  0.775  2.3  0
  0.8  2.3  -3.46945e-18
  0.825  2.3  1.73472e-18
  0.85  2.3  0.0028125
  0.875  2.3  0.005
  0.9  2.3  0.0065625
  0.925  2.3  0.0075
  0.95  2.3  0.005
  0.975  2.3  0.0025
  1  2.3  0

  0  2.4  0
  0.025  2.4  0
  0.05  2.4  0
  0.075  2.4  -3.90313e-18
  0.1  2.4  0
  0.125  2.4  -0.0028125
  0.15  2.4  -0.005
  0.175  2.4  -0.0065625
  0.2  2.4  -0.0075
  0.225  2.4  -0.0078125
  0.25  2.4  -0.0075
  0.275  2.4  -0.0065625
  0.3  2.4  -0.005
  0.325  2.4  -0.0028125
  0.35  2.4  8.67362e-19
  0.375  2.4  -5.20417e-18
  0.4  2.4  8.67362e-19
  0.425  2.4  -5.20417e-18
  0.45  2.4  8.67362e-19
  0.475  2.4  -5.20417e-18
  0.5  2.4  8.67362e-19
  0.525  2.4  -5.20417e-18
  0.55  2.4  8.67362e-19
  0.575  2.4  -5.20417e-18
  0.6  2.4  8.67362e-19
  0.625  2.4  -5.20417e-18
  0.65  2.4  8.67362e-19
  0.675  2.4  -5.20417e-18
  0.7  2.4  8.67362e-19
  0.725  2.4  -5.20417e-18
  0.75  2.4  1.73472e-18
  0.775  2.4  -5.20417e-18
  0.8  2.4  0
  0.825  2.4  -3.46945e-18
  0.85  2.4  1.73472e-18
  0.875  2.4  0.0028125
  0.9  2.4  0.005
  0.925  2.4  0.00375
  0.95  2.4  0.0025
  0.975  2.4  0.00125
  1  2.4  0

  0  2.5  0
  0.025  2.5  0
  0.05  2.5  -1.73472e-18
  0.075  2.5  0
  0.1  2.5  -5.63785e-18
  0.125  2.5  0
  0.15  2.5  -0.0028125
  0.175  2.5  -0.005
  0.2  2.5  -0.0065625
  0.225  2.5  -0.0075
  0.25  2.5  -0.0078125
  0.275  2.5  -0.0075
  0.3  2.5  -0.0065625
  0.325  2.5  -0.005
  0.35  2.5  -0.0028125
  0.375  2.5  8.67362e-19
  0.4  2.5  -5.20417e-18
  0.425  2.5  8.67362e-19
  0.45  2.5  -5.20417e-18
  0.475  2.5  8.67362e-19
  0.5  2.5  -5.20417e-18
  0.525  2.5  8.67362e-19
  0.55  2.5  -5.20417e-18
  0.575  2.5  8.67362e-19
  0.6  2.5  -5.20417e-18
  0.625  2.5  8.67362e-19
  0.65  2.5  -5.20417e-18
  0.675  2.5  8.67362e-19
  0.7  2.5  -5.20417e-18
  0.725  2.5  8.67362e-19
  0.75  2.5  -5.20417e-18
  0.775  2.5  1.73472e-18
  0.8  2.5  -5.20417e-18
  0.825  2.5  0
  0.85  2.5  -3.46945e-18
  0.875  2.5  1.73472e-18
  0.9  2.5  0
  0.925  2.5  5.20417e-18
  0.95  2.5  -3.46945e-18
  0.975  2.5  -1.73472e-18
  1  2.5  0

  0  2.6  0
  0.025  2.6  -1.73472e-18
  0.05  2.6  0
  0.075  2.6  -3.46945e-18
  0.1  2.6  0
  0.125  2.6  -5.63785e-18
  0.15  2.6  0
  0.175  2.6  -0.0028125
  0.2  2.6  -0.005
  0.225  2.6  -0.0065625
  0.25  2.6  -0.0075
  0.275  2.6  -0.0078125
  0.3  2.6  -0.0075
  0.325  2.6  -0.0065625
  0.35  2.6  -0.005
  0.375  2.6  -0.0028125
  0.4  2.6  8.67362e-19
  0.425  2.6  -5.20417e-18
  0.45  2.6  8.67362e-19
  0.475  2.6  -5.20417e-18
  0.5  2.6  8.67362e-19
  0.525  2.6  -5.20417e-18
  0.55  2.6  8.67362e-19
  0.575  2.6  -5.20417e-18
  0.6  2.6  8.67362e-19
  0.625  2.6  -5.20417e-18
  0.65  2.6  8.67362e-19
  0.675  2.6  -5.20417e-18
  0.7  2.6  8.67362e-19
  0.725  2.6  -5.20417e-18
  0.75  2.6  8.67362e-19
  0.775  2.6  -5.20417e-18
  0.8  2.6  1.73472e-18
  0.825  2.6  -5.20417e-18
  0.85  2.6  0
  0.875  2.6  -0.0028125
  0.9  2.6  -0.005
  0.925  2.6  -0.00375
  0.95  2.6  -0.0025
  0.975  2.6  -0.00125
  1  2.6  0

  0  2.7  0
  0.025  2.7  0
  0.05  2.7  -3.46945e-18
  0.075  2.7  0
  0.1  2.7  -3.46945e-18
  0.125  2.7  0
  0.15  2.7  -5.63785e-18
  0.175  2.7  0
  0.2  2.7  -0.0028125
  0.225  2.7  -0.005
  0.25  2.7  -0.0065625
  0.275  2.7  -0.0075
  0.3  2.7  -0.0078125
  0.325  2.7  -0.0075
  0.35  2.7  -0.0065625
  0.375  2.7  -0.005
  0.4  2.7  -0.0028125
  0.425  2.7  8.67362e-19
  0.45  2.7  -5.20417e-18
  0.475  2.7  8.67362e-19
  0.5  2.7  -5.20417e-18
  0.525  2.7  8.67362e-19
  0.55  2.7  -5.20417e-18
  0.575  2.7  8.67362e-19
  0.6  2.7  -5.20417e-18
  0.625  2.7  8.67362e-19
  0.65  2.7  -5.20417e-18
  0.675  2.7  8.67362e-19
  0.7  2.7  -5.20417e-18
  0.725  2.7  8.67362e-19
  0.75  2.7  -5.20417e-18
  0.775  2.7  8.67362e-19
  0.8  2.7  -5.20417e-18
  0.825  2.7  1.73472e-18
  0.85  2.7  -0.0028125
  0.875  2.7  -0.005
  0.9  2.7  -0.0065625
  0.925  2.7  -0.0075
  0.95  2.7  -0.005
  0.975  2.7  -0.0025
  1  2.7  0

  0  2.8  0
  0.025  2.8  -1.73472e-18
  0.05  2.8  0
  0.075  2.8  -3.46945e-18
  0.1  2.8  0
  0.125  2.8  -3.46945e-18
  0.15  2.8  0
  0.175  2.8  -5.63785e-18
  0.2  2.8  0
  0.225  2.8  -0.0028125
  0.25  2.8  -0.005
  0.275  2.8  -0.0065625
  0.3  2.8  -0.0075
  0.325  2.8  -0.0078125
  0.35  2.8  -0.0075
  0.375  2.8  -0.0065625
  0.4  2.8  -0.005
  0.425  2.8  -0.0028125
  0.45  2.8  8.67362e-19
  0.475  2.8  -5.20417e-18
  0.5  2.8  8.67362e-19
  0.525  2.8  -5.20417e-18
  0.55  2.8  8.67362e-19
  0.575  2.8  -5.20417e-18
  0.6  2.8  8.67362e-19
  0.625  2.8  -5.20417e-18
  0.65  2.8  8.67362e-19
  0.675  2.8  -5.20417e-18
  0.7  2.8  8.67362e-19
  0.725  2.8  -5.20417e-18
  0.75  2.8  8.67362e-19
  0.775  2.8  -5.20417e-18
  0.8  2.8  8.67362e-19
  0.825  2.8  -0.0028125
  0.85  2.8  -0.005
  0.875  2.8  -0.0065625
  0.9  2.8  -0.0075
  0.925  2.8  -0.0078125
  0.95  2.8  -0.0075
  0.975  2.8  -0.00375
  1  2.8  0

  0  2.9  0
  0.025  2.9  0
  0.05  2.9  -1.73472e-18
  0.075  2.9  0
  0.1  2.9  -3.46945e-18
  0.125  2.9  0
  0.15  2.9  -3.46945e-18
  0.175  2.9  0
  0.2  2.9  -5.63785e-18
  0.225  2.9  0
  0.25  2.9  -0.0028125
  0.275  2.9  -0.005
  0.3  2.9  -0.0065625
  0.325  2.9  -0.0075
  0.35  2.9  -0.0078125
  0.375  2.9  -0.0075
  0.4  2.9  -0.0065625
  0.425  2.9  -0.005
  0.45  2.9  -0.0028125
  0.475  2.9  8.67362e-19
  0.5  2.9  -5.20417e-18
  0.525  2.9  8.67362e-19
  0.55  2.9  -5.20417e-18
  0.575  2.9  8.67362e-19
  0.6  2.9  -5.20417e-18
  0.625  2.9  8.67362e-19
  0.65  2.9  -5.20417e-18
  0.675  2.9  8.67362e-19
  0.7  2.9  -5.20417e-18
  0.725  2.9  8.67362e-19
  0.75  2.9  -5.20417e-18
  0.775  2.9  8.67362e-19
  0.8  2.9  -0.0028125
  0.825  2.9  -0.005
  0.85  2.9  -0.0065625
  0.875  2.9  -0.0075
  0.9  2.9  -0.0078125
  0.925  2.9  -0.0075
  0.95  2.9  -0.0065625
  0.975  2.9  -0.005
  1  2.9  0

  0  3  0
  0.025  3  0
  0.05  3  0
  0.075  3  -1.73472e-18
  0.1  3  0
  0.125  3  -3.46945e-18
  0.15  3  0
  0.175  3  -3.46945e-18
  0.2  3  0
  0.225  3  -5.63785e-18
  0.25  3  0
  0.275  3  -0.0028125
  0.3  3  -0.005
  0.325  3  -0.0065625
  0.35  3  -0.0075
  0.375  3  -0.0078125
  0.4  3  -0.0075
  0.425  3  -0.0065625
  0.45  3  -0.005
  0.475  3  -0.0028125
  0.5  3  8.67362e-19
  0.525  3  -5.20417e-18
  0.55  3  8.67362e-19
  0.575  3  -5.20417e-18
  0.6  3  8.67362e-19
  0.625  3  -5.20417e-18
  0.65  3  8.67362e-19
  0.675  3  -5.20417e-18
  0.7  3  8.67362e-19
  0.725  3  -5.20417e-18
  0.75  3  8.67362e-19
  0.775  3  -0.0028125
  0.8  3  -0.005
  0.825  3  -0.0065625
  0.85  3  -0.0075
  0.875  3  -0.0078125
  0.9  3  -0.0075
  0.925  3  -0.0065625
  0.95  3  -0.005
  0.975  3  -0.0028125
  1  3  0

