                     0.215                     0.955
                     0.835                     0.575
                     0.435                     0.115
                     0.305                     0.175
                     0.125                     0.665
                     0.155                     0.515
                     0.475                     0.785
                     0.825                     0.105
                     0.915                     0.465
                     0.255                     0.205
                     0.885                     0.875
                     0.315                     0.235
                     0.045        0.9350000000000001
                     0.345                     0.525
                     0.005       0.08500000000000001
                     0.135                     0.695
                     0.905                     0.635
                     0.945                     0.735
                     0.485                     0.845
                     0.625                     0.505
                     0.745                     0.385
                     0.775                     0.335
                     0.555                     0.375
                     0.275                     0.415
                     0.325                     0.165
                     0.535                     0.855
        0.5649999999999999                     0.895
                     0.195        0.6850000000000001
                     0.015                     0.395
                     0.035                     0.755
                     0.975                     0.145
                     0.295        0.8149999999999999
                     0.655                     0.425
                     0.595                     0.075
                     0.445                     0.225
                     0.405                     0.705
                     0.245                     0.765
                     0.795                     0.805
                     0.365                     0.675
                     0.355                     0.025
                     0.645                     0.265
                     0.065                     0.605
                     0.995                     0.985
                     0.185                     0.285
                     0.865                     0.925
                     0.455                     0.715
                     0.095                     0.725
                     0.055                     0.615
                     0.545                     0.965
                     0.585                     0.495
                     0.545                     0.835
                     0.165                     0.725
                     0.785                     0.395
                     0.555                     0.425
                     0.325                     0.885
                     0.045                     0.925
                     0.235                     0.385
                     0.245                     0.805
                     0.075                     0.895
                     0.735                     0.955
                     0.015                     0.225
                     0.295                     0.995
                     0.665                     0.775
                     0.125                     0.715
                     0.315        0.6850000000000001
                     0.285                     0.185
        0.8149999999999999                     0.205
                     0.645                     0.435
                     0.485                     0.915
                     0.405                     0.865
                     0.495        0.9350000000000001
                     0.705                     0.515
                     0.945                     0.695
                     0.105                     0.595
                     0.255       0.08500000000000001
                     0.535                     0.355
                     0.825                     0.035
                     0.525                     0.765
                     0.675                     0.175
                     0.905                     0.755
                     0.055                     0.335
                     0.305                     0.095
                     0.115                     0.965
                     0.025                     0.605
                     0.615                     0.195
                     0.455                     0.625
                     0.005                     0.845
                     0.635                     0.275
                     0.745                     0.445
                     0.575                     0.855
                     0.375                     0.155
                     0.795                     0.975
                     0.345                     0.585
                     0.415                     0.475
                     0.655                     0.505
                     0.985                     0.215
                     0.875                     0.065
        0.5649999999999999                     0.265
                     0.465                     0.135
                     0.145                     0.365
