  -1  1
  -0.996  792.619
  -0.992  1492.74
  -0.988  2107.89
  -0.984  2644.27
  -0.98  3107.76
  -0.976  3503.89
  -0.972  3837.92
  -0.968  4114.79
  -0.964  4339.19
  -0.96  4515.53
  -0.956  4647.96
  -0.952  4740.39
  -0.948  4796.49
  -0.944  4819.73
  -0.94  4813.35
  -0.936  4780.37
  -0.932  4723.66
  -0.928  4645.86
  -0.924  4549.46
  -0.92  4436.78
  -0.916  4309.97
  -0.912  4171.03
  -0.908  4021.83
  -0.904  3864.09
  -0.9  3699.4
  -0.896  3529.23
  -0.892  3354.93
  -0.888  3177.74
  -0.884  2998.81
  -0.88  2819.15
  -0.876  2639.73
  -0.872  2461.39
  -0.868  2284.9
  -0.864  2110.96
  -0.86  1940.19
  -0.856  1773.13
  -0.852  1610.27
  -0.848  1452.04
  -0.844  1298.8
  -0.84  1150.86
  -0.836  1008.49
  -0.832  871.907
  -0.828  741.279
  -0.824  616.744
  -0.82  498.397
  -0.816  386.302
  -0.812  280.49
  -0.808  180.962
  -0.804  87.6953
  -0.8  0.64
  -0.796  -80.2742
  -0.792  -155.138
  -0.788  -224.06
  -0.784  -287.164
  -0.78  -344.591
  -0.776  -396.492
  -0.772  -443.029
  -0.768  -484.377
  -0.764  -520.715
  -0.76  -552.232
  -0.756  -579.121
  -0.752  -601.582
  -0.748  -619.815
  -0.744  -634.027
  -0.74  -644.422
  -0.736  -651.208
  -0.732  -654.592
  -0.728  -654.781
  -0.724  -651.979
  -0.72  -646.388
  -0.716  -638.21
  -0.712  -627.64
  -0.708  -614.873
  -0.704  -600.097
  -0.7  -583.498
  -0.696  -565.255
  -0.692  -545.543
  -0.688  -524.532
  -0.684  -502.385
  -0.68  -479.262
  -0.676  -455.312
  -0.672  -430.684
  -0.668  -405.515
  -0.664  -379.941
  -0.66  -354.087
  -0.656  -328.074
  -0.652  -302.017
  -0.648  -276.022
  -0.644  -250.192
  -0.64  -224.621
  -0.636  -199.398
  -0.632  -174.604
  -0.628  -150.317
  -0.624  -126.606
  -0.62  -103.536
  -0.616  -81.1648
  -0.612  -59.545
  -0.608  -38.724
  -0.604  -18.7435
  -0.6  0.36
  -0.596  18.555
  -0.592  35.8149
  -0.588  52.1178
  -0.584  67.4465
  -0.58  81.788
  -0.576  95.1335
  -0.572  107.478
  -0.568  118.821
  -0.564  129.165
  -0.56  138.516
  -0.556  146.883
  -0.552  154.278
  -0.548  160.718
  -0.544  166.218
  -0.54  170.801
  -0.536  174.488
  -0.532  177.304
  -0.528  179.276
  -0.524  180.432
  -0.52  180.802
  -0.516  180.419
  -0.512  179.313
  -0.508  177.52
  -0.504  175.074
  -0.5  172.011
  -0.496  168.367
  -0.492  164.178
  -0.488  159.481
  -0.484  154.315
  -0.48  148.716
  -0.476  142.722
  -0.472  136.371
  -0.468  129.698
  -0.464  122.742
  -0.46  115.538
  -0.456  108.122
  -0.452  100.53
  -0.448  92.7954
  -0.444  84.9522
  -0.44  77.0333
  -0.436  69.0705
  -0.432  61.0948
  -0.428  53.1359
  -0.424  45.2226
  -0.42  37.3825
  -0.416  29.642
  -0.412  22.0263
  -0.408  14.5592
  -0.404  7.26331
  -0.4  0.16
  -0.396  -6.73081
  -0.392  -13.3905
  -0.388  -19.8019
  -0.384  -25.9491
  -0.38  -31.8176
  -0.376  -37.3943
  -0.372  -42.6675
  -0.368  -47.6268
  -0.364  -52.2631
  -0.36  -56.5688
  -0.356  -60.5375
  -0.352  -64.1641
  -0.348  -67.4448
  -0.344  -70.3772
  -0.34  -72.9597
  -0.336  -75.1925
  -0.332  -77.0764
  -0.328  -78.6136
  -0.324  -79.8073
  -0.32  -80.6619
  -0.316  -81.1826
  -0.312  -81.3757
  -0.308  -81.2483
  -0.304  -80.8085
  -0.3  -80.0652
  -0.296  -79.028
  -0.292  -77.7073
  -0.288  -76.1141
  -0.284  -74.2603
  -0.28  -72.158
  -0.276  -69.8202
  -0.272  -67.2601
  -0.268  -64.4915
  -0.264  -61.5285
  -0.26  -58.3856
  -0.256  -55.0776
  -0.252  -51.6194
  -0.248  -48.0264
  -0.244  -44.3136
  -0.24  -40.4967
  -0.236  -36.591
  -0.232  -32.612
  -0.228  -28.5751
  -0.224  -24.4956
  -0.22  -20.3888
  -0.216  -16.2695
  -0.212  -12.1526
  -0.208  -8.05263
  -0.204  -3.98379
  -0.2  0.04
  -0.196  4.00522
  -0.192  7.89872
  -0.188  11.7078
  -0.184  15.4203
  -0.18  19.0243
  -0.176  22.5088
  -0.172  25.8629
  -0.168  29.0766
  -0.164  32.1403
  -0.16  35.0452
  -0.156  37.7829
  -0.152  40.3457
  -0.148  42.7268
  -0.144  44.9196
  -0.14  46.9187
  -0.136  48.719
  -0.132  50.3162
  -0.128  51.7068
  -0.124  52.8879
  -0.12  53.8573
  -0.116  54.6136
  -0.112  55.1559
  -0.108  55.4842
  -0.104  55.5992
  -0.1  55.5021
  -0.096  55.1948
  -0.092  54.68
  -0.088  53.961
  -0.084  53.0416
  -0.08  51.9263
  -0.076  50.6204
  -0.072  49.1294
  -0.068  47.4597
  -0.064  45.6179
  -0.06  43.6115
  -0.056  41.4483
  -0.052  39.1364
  -0.048  36.6847
  -0.044  34.1022
  -0.04  31.3985
  -0.036  28.5834
  -0.032  25.667
  -0.028  22.66
  -0.024  19.5731
  -0.02  16.4171
  -0.016  13.2035
  -0.012  9.94336
  -0.008  6.64835
  -0.004  3.33
  0  9.45564e-11
  0.004  -3.32997
  0.008  -6.64822
  0.012  -9.94307
  0.016  -13.2029
  0.02  -16.4163
  0.024  -19.5719
  0.028  -22.6585
  0.032  -25.665
  0.036  -28.5808
  0.04  -31.3953
  0.044  -34.0983
  0.048  -36.6801
  0.052  -39.131
  0.056  -41.442
  0.06  -43.6043
  0.064  -45.6097
  0.068  -47.4504
  0.072  -49.119
  0.076  -50.6088
  0.08  -51.9135
  0.084  -53.0274
  0.088  -53.9455
  0.092  -54.6631
  0.096  -55.1764
  0.1  -55.4821
  0.104  -55.5776
  0.108  -55.4609
  0.112  -55.1308
  0.116  -54.5866
  0.12  -53.8285
  0.124  -52.8571
  0.128  -51.674
  0.132  -50.2814
  0.136  -48.682
  0.14  -46.8795
  0.144  -44.8782
  0.148  -42.683
  0.152  -40.2995
  0.156  -37.7342
  0.16  -34.994
  0.164  -32.0865
  0.168  -29.0201
  0.172  -25.8037
  0.176  -22.4468
  0.18  -18.9595
  0.184  -15.3526
  0.188  -11.6371
  0.192  -7.82499
  0.196  -3.92838
  0.2  0.04
  0.204  4.06702
  0.208  8.13916
  0.212  12.2425
  0.216  16.3628
  0.22  20.4856
  0.224  24.596
  0.228  28.6791
  0.232  32.7197
  0.236  36.7024
  0.24  40.6119
  0.244  44.4327
  0.248  48.1494
  0.252  51.7465
  0.256  55.2087
  0.26  58.5208
  0.264  61.6679
  0.268  64.6351
  0.272  67.408
  0.276  69.9725
  0.28  72.3148
  0.284  74.4216
  0.288  76.28
  0.292  77.8778
  0.296  79.2032
  0.3  80.2452
  0.304  80.9934
  0.308  81.4381
  0.312  81.5704
  0.316  81.3824
  0.32  80.8667
  0.324  80.0173
  0.328  78.8288
  0.332  77.2968
  0.336  75.4183
  0.34  73.1909
  0.344  70.6138
  0.348  67.687
  0.352  64.4119
  0.356  60.7909
  0.36  56.828
  0.364  52.5281
  0.368  47.8976
  0.372  42.9443
  0.376  37.6771
  0.38  32.1064
  0.384  26.244
  0.388  20.103
  0.392  13.6979
  0.396  7.04444
  0.4  0.16
  0.404  -6.93688
  0.408  -14.2262
  0.412  -21.6868
  0.416  -29.2959
  0.42  -37.0297
  0.424  -44.8631
  0.428  -52.7695
  0.432  -60.7215
  0.436  -68.6904
  0.44  -76.6461
  0.444  -84.558
  0.448  -92.394
  0.452  -100.121
  0.456  -107.707
  0.46  -115.115
  0.464  -122.311
  0.468  -129.26
  0.472  -135.925
  0.476  -142.269
  0.48  -148.256
  0.484  -153.847
  0.488  -159.005
  0.492  -163.694
  0.496  -167.875
  0.5  -171.511
  0.504  -174.566
  0.508  -177.004
  0.512  -178.789
  0.516  -179.886
  0.52  -180.262
  0.524  -179.883
  0.528  -178.718
  0.532  -176.738
  0.536  -173.913
  0.54  -170.218
  0.544  -165.626
  0.548  -160.117
  0.552  -153.669
  0.556  -146.265
  0.56  -137.889
  0.564  -128.529
  0.568  -118.176
  0.572  -106.824
  0.576  -94.4699
  0.58  -81.1152
  0.584  -66.7644
  0.588  -51.4263
  0.592  -35.1139
  0.596  -17.8445
  0.6  0.36
  0.604  19.4731
  0.608  39.4633
  0.612  60.2941
  0.616  81.9237
  0.62  104.305
  0.624  127.385
  0.628  151.106
  0.632  175.403
  0.636  200.207
  0.64  225.44
  0.644  251.022
  0.648  276.862
  0.652  302.867
  0.656  328.935
  0.66  354.958
  0.664  380.823
  0.668  406.408
  0.672  431.587
  0.676  456.226
  0.68  480.186
  0.684  503.321
  0.688  525.479
  0.692  546.501
  0.696  566.224
  0.7  584.478
  0.704  601.088
  0.708  615.875
  0.712  628.654
  0.716  639.235
  0.72  647.425
  0.724  653.027
  0.728  655.841
  0.732  655.664
  0.736  652.291
  0.74  645.517
  0.744  635.134
  0.748  620.934
  0.752  602.713
  0.756  580.264
  0.76  553.387
  0.764  521.882
  0.768  485.556
  0.772  444.221
  0.776  397.696
  0.78  345.808
  0.784  288.394
  0.788  225.302
  0.792  156.392
  0.796  81.5414
  0.8  0.64
  0.804  -86.4025
  0.808  -179.657
  0.812  -279.171
  0.816  -384.971
  0.82  -497.052
  0.824  -615.386
  0.828  -739.908
  0.832  -870.522
  0.836  -1007.09
  0.84  -1149.45
  0.844  -1297.37
  0.848  -1450.6
  0.852  -1608.82
  0.856  -1771.66
  0.86  -1938.71
  0.864  -2109.47
  0.868  -2283.39
  0.872  -2459.87
  0.876  -2638.19
  0.88  -2817.6
  0.884  -2997.24
  0.888  -3176.17
  0.892  -3353.34
  0.896  -3527.62
  0.9  -3697.78
  0.904  -3862.46
  0.908  -4020.18
  0.912  -4169.37
  0.916  -4308.29
  0.92  -4435.08
  0.924  -4547.75
  0.928  -4644.14
  0.932  -4721.92
  0.936  -4778.62
  0.94  -4811.58
  0.944  -4817.95
  0.948  -4794.7
  0.952  -4738.57
  0.956  -4646.13
  0.96  -4513.69
  0.964  -4337.33
  0.968  -4112.92
  0.972  -3836.03
  0.976  -3501.98
  0.98  -3105.84
  0.984  -2642.34
  0.988  -2105.93
  0.992  -1490.77
  0.996  -790.635
  1  1
