  0  2.68444e-09
  0.03  -6.87722
  0.06  -13.0479
  0.09  -18.5562
  0.12  -23.4443
  0.15  -27.7522
  0.18  -31.5184
  0.21  -34.7794
  0.24  -37.5698
  0.27  -39.9229
  0.3  -41.87
  0.33  -43.4411
  0.36  -44.6646
  0.39  -45.5675
  0.42  -46.1753
  0.45  -46.5122
  0.48  -46.6012
  0.51  -46.4641
  0.54  -46.1212
  0.57  -45.5921
  0.6  -44.8949
  0.63  -44.0468
  0.66  -43.0642
  0.69  -41.9622
  0.72  -40.7552
  0.75  -39.4566
  0.78  -38.0789
  0.81  -36.634
  0.84  -35.1327
  0.87  -33.5854
  0.9  -32.0016
  0.93  -30.3901
  0.96  -28.7591
  0.99  -27.1163
  1.02  -25.4685
  1.05  -23.8223
  1.08  -22.1836
  1.11  -20.5577
  1.14  -18.9496
  1.17  -17.3637
  1.2  -15.8042
  1.23  -14.2745
  1.26  -12.778
  1.29  -11.3175
  1.32  -9.89557
  1.35  -8.51439
  1.38  -7.17587
  1.41  -5.8816
  1.44  -4.63293
  1.47  -3.43094
  1.5  -2.27648
  1.53  -1.17018
  1.56  -0.112449
  1.59  0.896484
  1.62  1.85657
  1.65  2.76793
  1.68  3.63084
  1.71  4.44571
  1.74  5.21309
  1.77  5.93363
  1.8  6.6081
  1.83  7.23738
  1.86  7.82243
  1.89  8.36427
  1.92  8.86403
  1.95  9.32286
  1.98  9.742
  2.01  10.1227
  2.04  10.4663
  2.07  10.7742
  2.1  11.0477
  2.13  11.2882
  2.16  11.4971
  2.19  11.6759
  2.22  11.826
  2.25  11.9488
  2.28  12.0457
  2.31  12.1183
  2.34  12.1679
  2.37  12.1958
  2.4  12.2036
  2.43  12.1925
  2.46  12.1639
  2.49  12.1191
  2.52  12.0595
  2.55  11.9862
  2.58  11.9004
  2.61  11.8035
  2.64  11.6965
  2.67  11.5806
  2.7  11.4569
  2.73  11.3264
  2.76  11.1901
  2.79  11.049
  2.82  10.904
  2.85  10.7561
  2.88  10.606
  2.91  10.4546
  2.94  10.3027
  2.97  10.1509
  3  10
  3.03  9.85059
  3.06  9.7033
  3.09  9.55867
  3.12  9.41725
  3.15  9.2795
  3.18  9.14589
  3.21  9.01682
  3.24  8.89265
  3.27  8.77373
  3.3  8.66036
  3.33  8.5528
  3.36  8.45128
  3.39  8.356
  3.42  8.26714
  3.45  8.18482
  3.48  8.10915
  3.51  8.04022
  3.54  7.97807
  3.57  7.92273
  3.6  7.8742
  3.63  7.83245
  3.66  7.79744
  3.69  7.76909
  3.72  7.74732
  3.75  7.73202
  3.78  7.72305
  3.81  7.72028
  3.84  7.72355
  3.87  7.73266
  3.9  7.74745
  3.93  7.7677
  3.96  7.7932
  3.99  7.82372
  4.02  7.85903
  4.05  7.89889
  4.08  7.94305
  4.11  7.99125
  4.14  8.04323
  4.17  8.09871
  4.2  8.15744
  4.23  8.21914
  4.26  8.28354
  4.29  8.35035
  4.32  8.4193
  4.35  8.49013
  4.38  8.56255
  4.41  8.63629
  4.44  8.71109
  4.47  8.78668
  4.5  8.86279
  4.53  8.93919
  4.56  9.0156
  4.59  9.0918
  4.62  9.16754
  4.65  9.2426
  4.68  9.31674
  4.71  9.38975
  4.74  9.46144
  4.77  9.53159
  4.8  9.60002
  4.83  9.66655
  4.86  9.73101
  4.89  9.79324
  4.92  9.85308
  4.95  9.91041
  4.98  9.96508
  5.01  10.017
  5.04  10.066
  5.07  10.1121
  5.1  10.155
  5.13  10.1949
  5.16  10.2315
  5.19  10.2649
  5.22  10.2949
  5.25  10.3217
  5.28  10.345
  5.31  10.365
  5.34  10.3816
  5.37  10.3948
  5.4  10.4047
  5.43  10.4113
  5.46  10.4145
  5.49  10.4145
  5.52  10.4113
  5.55  10.405
  5.58  10.3956
  5.61  10.3833
  5.64  10.368
  5.67  10.35
  5.7  10.3293
  5.73  10.3059
  5.76  10.2801
  5.79  10.252
  5.82  10.2216
  5.85  10.1891
  5.88  10.1546
  5.91  10.1183
  5.94  10.0804
  5.97  10.0409
  6  10
  6.03  9.95789
  6.06  9.91472
  6.09  9.87062
  6.12  9.82576
  6.15  9.78031
  6.18  9.73441
  6.21  9.68824
  6.24  9.64194
  6.27  9.59568
  6.3  9.54962
  6.33  9.50391
  6.36  9.45871
  6.39  9.41417
  6.42  9.37044
  6.45  9.32766
  6.48  9.28598
  6.51  9.24554
  6.54  9.20647
  6.57  9.1689
  6.6  9.13296
  6.63  9.09876
  6.66  9.06643
  6.69  9.03608
  6.72  9.00779
  6.75  8.98169
  6.78  8.95784
  6.81  8.93635
  6.84  8.91727
  6.87  8.9007
  6.9  8.88668
  6.93  8.87527
  6.96  8.86652
  6.99  8.86047
  7.02  8.85715
  7.05  8.85658
  7.08  8.85878
  7.11  8.86376
  7.14  8.87152
  7.17  8.88204
  7.2  8.89531
  7.23  8.91131
  7.26  8.92999
  7.29  8.95132
  7.32  8.97525
  7.35  9.00172
  7.38  9.03067
  7.41  9.06201
  7.44  9.09567
  7.47  9.13156
  7.5  9.16958
  7.53  9.20963
  7.56  9.2516
  7.59  9.29536
  7.62  9.34081
  7.65  9.3878
  7.68  9.4362
  7.71  9.48587
  7.74  9.53666
  7.77  9.58842
  7.8  9.641
  7.83  9.69423
  7.86  9.74794
  7.89  9.80197
  7.92  9.85615
  7.95  9.9103
  7.98  9.96424
  8.01  10.0178
  8.04  10.0708
  8.07  10.123
  8.1  10.1744
  8.13  10.2246
  8.16  10.2735
  8.19  10.321
  8.22  10.3668
  8.25  10.4107
  8.28  10.4527
  8.31  10.4925
  8.34  10.5299
  8.37  10.5649
  8.4  10.5972
  8.43  10.6266
  8.46  10.6531
  8.49  10.6765
  8.52  10.6966
  8.55  10.7134
  8.58  10.7266
  8.61  10.7363
  8.64  10.7422
  8.67  10.7443
  8.7  10.7425
  8.73  10.7368
  8.76  10.727
  8.79  10.7131
  8.82  10.6952
  8.85  10.673
  8.88  10.6467
  8.91  10.6162
  8.94  10.5816
  8.97  10.5429
  9  10.5
  9.03  10.4531
  9.06  10.4023
  9.09  10.3475
  9.12  10.289
  9.15  10.2269
  9.18  10.1612
  9.21  10.0922
  9.24  10.0199
  9.27  9.94465
  9.3  9.86658
  9.33  9.78592
  9.36  9.70291
  9.39  9.61782
  9.42  9.53091
  9.45  9.44247
  9.48  9.35283
  9.51  9.26231
  9.54  9.17127
  9.57  9.08005
  9.6  8.98906
  9.63  8.89869
  9.66  8.80936
  9.69  8.72151
  9.72  8.6356
  9.75  8.55209
  9.78  8.47147
  9.81  8.39426
  9.84  8.32096
  9.87  8.25212
  9.9  8.18829
  9.93  8.13003
  9.96  8.07792
  9.99  8.03255
  10.02  7.99454
  10.05  7.96449
  10.08  7.94304
  10.11  7.93083
  10.14  7.9285
  10.17  7.93673
  10.2  7.95616
  10.23  7.98749
  10.26  8.03138
  10.29  8.08852
  10.32  8.15961
  10.35  8.24534
  10.38  8.3464
  10.41  8.46348
  10.44  8.59729
  10.47  8.74852
  10.5  8.91786
  10.53  9.10599
  10.56  9.3136
  10.59  9.54136
  10.62  9.78994
  10.65  10.06
  10.68  10.3522
  10.71  10.6671
  10.74  11.0054
  10.77  11.3676
  10.8  11.7544
  10.83  12.1664
  10.86  12.604
  10.89  13.0677
  10.92  13.5582
  10.95  14.0758
  10.98  14.621
  11.01  15.1942
  11.04  15.7958
  11.07  16.4261
  11.1  17.0855
  11.13  17.7742
  11.16  18.4924
  11.19  19.2404
  11.22  20.0184
  11.25  20.8263
  11.28  21.6644
  11.31  22.5325
  11.34  23.4307
  11.37  24.3589
  11.4  25.317
  11.43  26.3047
  11.46  27.3219
  11.49  28.3681
  11.52  29.4431
  11.55  30.5464
  11.58  31.6775
  11.61  32.8359
  11.64  34.021
  11.67  35.232
  11.7  36.4682
  11.73  37.7288
  11.76  39.0129
  11.79  40.3195
  11.82  41.6477
  11.85  42.9961
  11.88  44.3638
  11.91  45.7494
  11.94  47.1516
  11.97  48.569
  12  50
  12.03  51.4432
  12.06  52.8968
  12.09  54.3592
  12.12  55.8285
  12.15  57.303
  12.18  58.7805
  12.21  60.2592
  12.24  61.737
  12.27  63.2116
  12.3  64.6808
  12.33  66.1423
  12.36  67.5938
  12.39  69.0328
  12.42  70.4568
  12.45  71.8633
  12.48  73.2495
  12.51  74.613
  12.54  75.9508
  12.57  77.2604
  12.6  78.5387
  12.63  79.7831
  12.66  80.9906
  12.69  82.1582
  12.72  83.2831
  12.75  84.3623
  12.78  85.3927
  12.81  86.3715
  12.84  87.2956
  12.87  88.1622
  12.9  88.9681
  12.93  89.7105
  12.96  90.3866
  12.99  90.9933
  13.02  91.528
  13.05  91.9879
  13.08  92.3703
  13.11  92.6727
  13.14  92.8925
  13.17  93.0274
  13.2  93.0751
  13.23  93.0335
  13.26  92.9006
  13.29  92.6745
  13.32  92.3537
  13.35  91.9367
  13.38  91.4222
  13.41  90.8094
  13.44  90.0973
  13.47  89.2855
  13.5  88.3739
  13.53  87.3625
  13.56  86.2517
  13.59  85.0423
  13.62  83.7355
  13.65  82.3329
  13.68  80.8363
  13.71  79.2483
  13.74  77.5717
  13.77  75.8099
  13.8  73.9669
  13.83  72.0471
  13.86  70.0556
  13.89  67.9981
  13.92  65.881
  13.95  63.7114
  13.98  61.497
  14.01  59.2463
  14.04  56.9688
  14.07  54.6745
  14.1  52.3745
  14.13  50.0809
  14.16  47.8066
  14.19  45.5654
  14.22  43.3725
  14.25  41.2438
  14.28  39.1967
  14.31  37.2497
  14.34  35.4223
  14.37  33.7356
  14.4  32.2119
  14.43  30.875
  14.46  29.7502
  14.49  28.8641
  14.52  28.2451
  14.55  27.9233
  14.58  27.9303
  14.61  28.2996
  14.64  29.0666
  14.67  30.2686
  14.7  31.9447
  14.73  34.1363
  14.76  36.8869
  14.79  40.2422
  14.82  44.25
  14.85  48.9609
  14.88  54.4276
  14.91  60.7054
  14.94  67.8525
  14.97  75.9295
  15  85
