  0  1.03834e-11
  0.002  0.147885
  0.004  0.284097
  0.006  0.409233
  0.008  0.523865
  0.01  0.628547
  0.012  0.723811
  0.014  0.810173
  0.016  0.888127
  0.018  0.95815
  0.02  1.0207
  0.022  1.07622
  0.024  1.12514
  0.026  1.16786
  0.028  1.20477
  0.03  1.23626
  0.032  1.26267
  0.034  1.28436
  0.036  1.30167
  0.038  1.3149
  0.04  1.32436
  0.042  1.33034
  0.044  1.33312
  0.046  1.33296
  0.048  1.33012
  0.05  1.32484
  0.052  1.31734
  0.054  1.30785
  0.056  1.29658
  0.058  1.28371
  0.06  1.26944
  0.062  1.25394
  0.064  1.23739
  0.066  1.21994
  0.068  1.20173
  0.07  1.18292
  0.072  1.16363
  0.074  1.14399
  0.076  1.12411
  0.078  1.1041
  0.08  1.08406
  0.082  1.0641
  0.084  1.04429
  0.086  1.02472
  0.088  1.00547
  0.09  0.986593
  0.092  0.968167
  0.094  0.950244
  0.096  0.932878
  0.098  0.916116
  0.1  0.9
  0.102  0.884568
  0.104  0.869853
  0.106  0.855884
  0.108  0.842686
  0.11  0.830279
  0.112  0.81868
  0.114  0.807904
  0.116  0.797959
  0.118  0.788853
  0.12  0.780589
  0.122  0.773168
  0.124  0.766588
  0.126  0.760845
  0.128  0.755932
  0.13  0.751838
  0.132  0.748553
  0.134  0.746063
  0.136  0.744353
  0.138  0.743405
  0.14  0.7432
  0.142  0.743718
  0.144  0.744937
  0.146  0.746833
  0.148  0.749384
  0.15  0.752561
  0.152  0.756341
  0.154  0.760694
  0.156  0.765594
  0.158  0.771011
  0.16  0.776915
  0.162  0.783277
  0.164  0.790066
  0.166  0.797252
  0.168  0.804804
  0.17  0.81269
  0.172  0.820879
  0.174  0.829339
  0.176  0.83804
  0.178  0.846949
  0.18  0.856036
  0.182  0.865269
  0.184  0.874618
  0.186  0.884052
  0.188  0.893542
  0.19  0.903056
  0.192  0.912567
  0.194  0.922044
  0.196  0.931461
  0.198  0.940789
  0.2  0.95
  0.202  0.959069
  0.204  0.967969
  0.206  0.976676
  0.208  0.985165
  0.21  0.993412
  0.212  1.00139
  0.214  1.00909
  0.216  1.01648
  0.218  1.02354
  0.22  1.03025
  0.222  1.03659
  0.224  1.04255
  0.226  1.04811
  0.228  1.05325
  0.23  1.05796
  0.232  1.06222
  0.234  1.06602
  0.236  1.06934
  0.238  1.07219
  0.24  1.07454
  0.242  1.07638
  0.244  1.07771
  0.246  1.07853
  0.248  1.07881
  0.25  1.07856
  0.252  1.07778
  0.254  1.07645
  0.256  1.07458
  0.258  1.07216
  0.26  1.06919
  0.262  1.06567
  0.264  1.06161
  0.266  1.057
  0.268  1.05184
  0.27  1.04614
  0.272  1.03991
  0.274  1.03314
  0.276  1.02584
  0.278  1.01802
  0.28  1.00969
  0.282  1.00084
  0.284  0.991501
  0.286  0.981668
  0.288  0.971355
  0.29  0.960572
  0.292  0.949329
  0.294  0.937638
  0.296  0.925511
  0.298  0.912961
  0.3  0.9
  0.302  0.886643
  0.304  0.872903
  0.306  0.858796
  0.308  0.844336
  0.31  0.82954
  0.312  0.814421
  0.314  0.798998
  0.316  0.783286
  0.318  0.767303
  0.32  0.751065
  0.322  0.734591
  0.324  0.717897
  0.326  0.701002
  0.328  0.683924
  0.33  0.666681
  0.332  0.649292
  0.334  0.631775
  0.336  0.614149
  0.338  0.596432
  0.34  0.578643
  0.342  0.560802
  0.344  0.542926
  0.346  0.525035
  0.348  0.507147
  0.35  0.489281
  0.352  0.471456
  0.354  0.453689
  0.356  0.436
  0.358  0.418405
  0.36  0.400923
  0.362  0.383573
  0.364  0.36637
  0.366  0.349332
  0.368  0.332477
  0.37  0.315821
  0.372  0.299379
  0.374  0.283169
  0.376  0.267206
  0.378  0.251504
  0.38  0.236079
  0.382  0.220945
  0.384  0.206117
  0.386  0.191607
  0.388  0.177429
  0.39  0.163596
  0.392  0.150118
  0.394  0.13701
  0.396  0.12428
  0.398  0.11194
  0.4  0.1
  0.402  0.0884692
  0.404  0.0773564
  0.406  0.0666701
  0.408  0.0564178
  0.41  0.0466068
  0.412  0.0372433
  0.414  0.0283334
  0.416  0.0198821
  0.418  0.0118941
  0.42  0.00437337
  0.422  -0.0026769
  0.424  -0.00925406
  0.426  -0.0153562
  0.428  -0.0209819
  0.43  -0.0261307
  0.432  -0.0308025
  0.434  -0.0349982
  0.436  -0.0387191
  0.438  -0.0419673
  0.44  -0.0447456
  0.442  -0.0470574
  0.444  -0.0489068
  0.446  -0.0502987
  0.448  -0.0512385
  0.45  -0.0517323
  0.452  -0.051787
  0.454  -0.05141
  0.456  -0.0506095
  0.458  -0.0493941
  0.46  -0.0477734
  0.462  -0.0457573
  0.464  -0.0433565
  0.466  -0.0405824
  0.468  -0.0374468
  0.47  -0.0339622
  0.472  -0.0301417
  0.474  -0.0259989
  0.476  -0.0215482
  0.478  -0.0168042
  0.48  -0.0117823
  0.482  -0.00649829
  0.484  -0.000968539
  0.486  0.00479012
  0.488  0.0107604
  0.49  0.0169244
  0.492  0.0232641
  0.494  0.0297607
  0.496  0.0363953
  0.498  0.0431483
  0.5  0.05
  0.502  0.0569302
  0.504  0.0639185
  0.506  0.070944
  0.508  0.0779858
  0.51  0.0850224
  0.512  0.0920323
  0.514  0.0989938
  0.516  0.105885
  0.518  0.112683
  0.52  0.119367
  0.522  0.125914
  0.524  0.1323
  0.526  0.138505
  0.528  0.144505
  0.53  0.150277
  0.532  0.1558
  0.534  0.16105
  0.536  0.166005
  0.538  0.170643
  0.54  0.174942
  0.542  0.178879
  0.544  0.182434
  0.546  0.185583
  0.548  0.188306
  0.55  0.190582
  0.552  0.192389
  0.554  0.193708
  0.556  0.194519
  0.558  0.194802
  0.56  0.194537
  0.562  0.193706
  0.564  0.192291
  0.566  0.190274
  0.568  0.187638
  0.57  0.184366
  0.572  0.180443
  0.574  0.175853
  0.576  0.170582
  0.578  0.164616
  0.58  0.157943
  0.582  0.150548
  0.584  0.142422
  0.586  0.133554
  0.588  0.123934
  0.59  0.113553
  0.592  0.102404
  0.594  0.0904793
  0.596  0.0777734
  0.598  0.0642816
  0.6  0.05
  0.602  0.0349261
  0.604  0.0190584
  0.606  0.00239658
  0.608  -0.0150585
  0.61  -0.0333049
  0.612  -0.0523392
  0.614  -0.0721568
  0.616  -0.0927519
  0.618  -0.114117
  0.62  -0.136244
  0.622  -0.159123
  0.624  -0.182743
  0.626  -0.20709
  0.628  -0.232151
  0.63  -0.25791
  0.632  -0.28435
  0.634  -0.311452
  0.636  -0.339196
  0.638  -0.367561
  0.64  -0.396523
  0.642  -0.426057
  0.644  -0.456138
  0.646  -0.486737
  0.648  -0.517824
  0.65  -0.549368
  0.652  -0.581336
  0.654  -0.613694
  0.656  -0.646406
  0.658  -0.679434
  0.66  -0.712737
  0.662  -0.746275
  0.664  -0.780006
  0.666  -0.813883
  0.668  -0.847862
  0.67  -0.881894
  0.672  -0.915929
  0.674  -0.949916
  0.676  -0.983803
  0.678  -1.01753
  0.68  -1.05105
  0.682  -1.0843
  0.684  -1.11722
  0.686  -1.14975
  0.688  -1.18183
  0.69  -1.21338
  0.692  -1.24436
  0.694  -1.27468
  0.696  -1.30428
  0.698  -1.33309
  0.7  -1.36104
  0.702  -1.38805
  0.704  -1.41405
  0.706  -1.43897
  0.708  -1.46271
  0.71  -1.48522
  0.712  -1.5064
  0.714  -1.52617
  0.716  -1.54446
  0.718  -1.56118
  0.72  -1.57624
  0.722  -1.58956
  0.724  -1.60105
  0.726  -1.61063
  0.728  -1.6182
  0.73  -1.62368
  0.732  -1.62698
  0.734  -1.628
  0.736  -1.62667
  0.738  -1.62287
  0.74  -1.61653
  0.742  -1.60756
  0.744  -1.59585
  0.746  -1.58132
  0.748  -1.56387
  0.75  -1.54342
  0.752  -1.51987
  0.754  -1.49312
  0.756  -1.4631
  0.758  -1.4297
  0.76  -1.39283
  0.762  -1.35242
  0.764  -1.30836
  0.766  -1.26057
  0.768  -1.20896
  0.77  -1.15345
  0.772  -1.09395
  0.774  -1.03039
  0.776  -0.962677
  0.778  -0.890735
  0.78  -0.814487
  0.782  -0.733859
  0.784  -0.648778
  0.786  -0.559174
  0.788  -0.464979
  0.79  -0.366128
  0.792  -0.262561
  0.794  -0.154217
  0.796  -0.0410431
  0.798  0.0770134
  0.8  0.2
  0.802  0.327961
  0.804  0.460935
  0.806  0.598958
  0.808  0.742061
  0.81  0.890269
  0.812  1.0436
  0.814  1.20208
  0.816  1.3657
  0.818  1.53449
  0.82  1.70842
  0.822  1.8875
  0.824  2.07171
  0.826  2.26103
  0.828  2.45543
  0.83  2.65487
  0.832  2.8593
  0.834  3.06869
  0.836  3.28296
  0.838  3.50205
  0.84  3.72588
  0.842  3.95437
  0.844  4.18741
  0.846  4.4249
  0.848  4.66672
  0.85  4.91275
  0.852  5.16285
  0.854  5.41687
  0.856  5.67464
  0.858  5.936
  0.86  6.20076
  0.862  6.46873
  0.864  6.73968
  0.866  7.0134
  0.868  7.28964
  0.87  7.56816
  0.872  7.84868
  0.874  8.13092
  0.876  8.41459
  0.878  8.69937
  0.88  8.98492
  0.882  9.27091
  0.884  9.55695
  0.886  9.84268
  0.888  10.1277
  0.89  10.4115
  0.892  10.6938
  0.894  10.974
  0.896  11.2517
  0.898  11.5264
  0.9  11.7975
  0.902  12.0645
  0.904  12.3269
  0.906  12.5839
  0.908  12.8352
  0.91  13.0799
  0.912  13.3174
  0.914  13.547
  0.916  13.7681
  0.918  13.9799
  0.92  14.1815
  0.922  14.3723
  0.924  14.5513
  0.926  14.7178
  0.928  14.8707
  0.93  15.0094
  0.932  15.1327
  0.934  15.2396
  0.936  15.3293
  0.938  15.4006
  0.94  15.4525
  0.942  15.4838
  0.944  15.4934
  0.946  15.4801
  0.948  15.4427
  0.95  15.3799
  0.952  15.2904
  0.954  15.1729
  0.956  15.0261
  0.958  14.8484
  0.96  14.6384
  0.962  14.3946
  0.964  14.1155
  0.966  13.7995
  0.968  13.4449
  0.97  13.0501
  0.972  12.6133
  0.974  12.1327
  0.976  11.6065
  0.978  11.0329
  0.98  10.4099
  0.982  9.73546
  0.984  9.00764
  0.986  8.22432
  0.988  7.38335
  0.99  6.48255
  0.992  5.51966
  0.994  4.49235
  0.996  3.39828
  0.998  2.23499
  1  1
