  0  -10667.1
  0.062  -5.17104e+09
  0.124  -9.28318e+09
  0.186  -1.24613e+10
  0.248  -1.48195e+10
  0.31  -1.64619e+10
  0.372  -1.74836e+10
  0.434  -1.79707e+10
  0.496  -1.80014e+10
  0.558  -1.76464e+10
  0.62  -1.69694e+10
  0.682  -1.60276e+10
  0.744  -1.48724e+10
  0.806  -1.35495e+10
  0.868  -1.20997e+10
  0.93  -1.0559e+10
  0.992  -8.95899e+09
  1.054  -7.32747e+09
  1.116  -5.68855e+09
  1.178  -4.06302e+09
  1.24  -2.46866e+09
  1.302  -9.20522e+08
  1.364  5.68863e+08
  1.426  1.9892e+09
  1.488  3.33222e+09
  1.55  4.5915e+09
  1.612  5.76222e+09
  1.674  6.84104e+09
  1.736  7.82591e+09
  1.798  8.71589e+09
  1.86  9.51107e+09
  1.922  1.02124e+10
  1.984  1.08216e+10
  2.046  1.13409e+10
  2.108  1.17734e+10
  2.17  1.21222e+10
  2.232  1.23911e+10
  2.294  1.25842e+10
  2.356  1.27056e+10
  2.418  1.27597e+10
  2.48  1.27511e+10
  2.542  1.26842e+10
  2.604  1.25638e+10
  2.666  1.23943e+10
  2.728  1.21803e+10
  2.79  1.19263e+10
  2.852  1.16365e+10
  2.914  1.13151e+10
  2.976  1.09663e+10
  3.038  1.05939e+10
  3.1  1.02016e+10
  3.162  9.79298e+09
  3.224  9.37141e+09
  3.286  8.94002e+09
  3.348  8.50178e+09
  3.41  8.05943e+09
  3.472  7.61555e+09
  3.534  7.17249e+09
  3.596  6.73241e+09
  3.658  6.29728e+09
  3.72  5.86889e+09
  3.782  5.44883e+09
  3.844  5.03854e+09
  3.906  4.63927e+09
  3.968  4.25211e+09
  4.03  3.878e+09
  4.092  3.51773e+09
  4.154  3.17195e+09
  4.216  2.84117e+09
  4.278  2.52581e+09
  4.34  2.22613e+09
  4.402  1.94231e+09
  4.464  1.67443e+09
  4.526  1.42247e+09
  4.588  1.18634e+09
  4.65  9.65855e+08
  4.712  7.60777e+08
  4.774  5.70802e+08
  4.836  3.95573e+08
  4.898  2.34683e+08
  4.96  8.76869e+07
  5.022  -4.5899e+07
  5.084  -1.66587e+08
  5.146  -2.74913e+08
  5.208  -3.71434e+08
  5.27  -4.5672e+08
  5.332  -5.31354e+08
  5.394  -5.95921e+08
  5.456  -6.51013e+08
  5.518  -6.97217e+08
  5.58  -7.35119e+08
  5.642  -7.65297e+08
  5.704  -7.88319e+08
  5.766  -8.04741e+08
  5.828  -8.15105e+08
  5.89  -8.19937e+08
  5.952  -8.19748e+08
  6.014  -8.15026e+08
  6.076  -8.06244e+08
  6.138  -7.93851e+08
  6.2  -7.78276e+08
  6.262  -7.59924e+08
  6.324  -7.39181e+08
  6.386  -7.16409e+08
  6.448  -6.91946e+08
  6.51  -6.66109e+08
  6.572  -6.39193e+08
  6.634  -6.11469e+08
  6.696  -5.8319e+08
  6.758  -5.54583e+08
  6.82  -5.25859e+08
  6.882  -4.97207e+08
  6.944  -4.68796e+08
  7.006  -4.40778e+08
  7.068  -4.13286e+08
  7.13  -3.86439e+08
  7.192  -3.60336e+08
  7.254  -3.35064e+08
  7.316  -3.10695e+08
  7.378  -2.87287e+08
  7.44  -2.64886e+08
  7.502  -2.43526e+08
  7.564  -2.23233e+08
  7.626  -2.04019e+08
  7.688  -1.85891e+08
  7.75  -1.68845e+08
  7.812  -1.52873e+08
  7.874  -1.37956e+08
  7.936  -1.24075e+08
  7.998  -1.112e+08
  8.06  -9.93024e+07
  8.122  -8.83458e+07
  8.184  -7.82928e+07
  8.246  -6.91032e+07
  8.308  -6.07347e+07
  8.37  -5.31439e+07
  8.432  -4.62865e+07
  8.494  -4.01175e+07
  8.556  -3.45922e+07
  8.618  -2.96657e+07
  8.68  -2.52942e+07
  8.742  -2.14346e+07
  8.804  -1.80448e+07
  8.866  -1.50843e+07
  8.928  -1.25141e+07
  8.99  -1.02967e+07
  9.052  -8.39671e+06
  9.114  -6.78057e+06
  9.176  -5.4167e+06
  9.238  -4.27561e+06
  9.3  -3.32989e+06
  9.362  -2.55422e+06
  9.424  -1.92537e+06
  9.486  -1.42217e+06
  9.548  -1.02542e+06
  9.61  -717912
  9.672  -484281
  9.734  -310966
  9.796  -186104
  9.858  -99430.3
  9.92  -42177.6
  9.982  -6960.63
  10.044  12336.3
  10.106  20675.6
  10.168  21984.1
  10.23  19270.4
  10.292  14740.6
  10.354  9913.01
  10.416  5728.75
  10.478  2658.4
  10.54  806.337
  10.602  6.02134
  10.664  -87.0159
  10.726  90.1821
  10.788  86.2874
  10.85  -492.416
  10.912  -1917.47
  10.974  -4281.57
  11.036  -7449.12
  11.098  -11013.3
  11.16  -14263.8
  11.222  -16158.7
  11.284  -15305.7
  11.346  -9948.74
  11.408  2032.82
  11.47  23128.3
  11.532  56183.8
  11.594  104389
  11.656  171256
  11.718  260600
  11.78  376500
  11.842  523274
  11.904  705435
  11.966  927653
  12.028  1.19471e+06
  12.09  1.51145e+06
  12.152  1.88274e+06
  12.214  2.3134e+06
  12.276  2.8082e+06
  12.338  3.37173e+06
  12.4  4.00844e+06
  12.462  4.72252e+06
  12.524  5.51789e+06
  12.586  6.39814e+06
  12.648  7.36648e+06
  12.71  8.42571e+06
  12.772  9.57817e+06
  12.834  1.08257e+07
  12.896  1.21697e+07
  12.958  1.36108e+07
  13.02  1.51493e+07
  13.082  1.67848e+07
  13.144  1.85162e+07
  13.206  2.03418e+07
  13.268  2.22595e+07
  13.33  2.42661e+07
  13.392  2.63582e+07
  13.454  2.85315e+07
  13.516  3.07812e+07
  13.578  3.31018e+07
  13.64  3.54872e+07
  13.702  3.7931e+07
  13.764  4.04258e+07
  13.826  4.29641e+07
  13.888  4.55378e+07
  13.95  4.81382e+07
  14.012  5.07566e+07
  14.074  5.33836e+07
  14.136  5.60096e+07
  14.198  5.86249e+07
  14.26  6.12194e+07
  14.322  6.37832e+07
  14.384  6.6306e+07
  14.446  6.87776e+07
  14.508  7.1188e+07
  14.57  7.35269e+07
  14.632  7.57847e+07
  14.694  7.79516e+07
  14.756  8.00182e+07
  14.818  8.19756e+07
  14.88  8.3815e+07
  14.942  8.55283e+07
  15.004  8.71077e+07
  15.066  8.8546e+07
  15.128  8.98367e+07
  15.19  9.09737e+07
  15.252  9.19518e+07
  15.314  9.27663e+07
  15.376  9.34133e+07
  15.438  9.38896e+07
  15.5  9.41929e+07
  15.562  9.43216e+07
  15.624  9.42748e+07
  15.686  9.40526e+07
  15.748  9.36558e+07
  15.81  9.30859e+07
  15.872  9.23454e+07
  15.934  9.14374e+07
  15.996  9.0366e+07
  16.058  8.91357e+07
  16.12  8.77521e+07
  16.182  8.62211e+07
  16.244  8.45496e+07
  16.306  8.27449e+07
  16.368  8.08149e+07
  16.43  7.8768e+07
  16.492  7.66132e+07
  16.554  7.43597e+07
  16.616  7.20172e+07
  16.678  6.95958e+07
  16.74  6.71057e+07
  16.802  6.45572e+07
  16.864  6.19609e+07
  16.926  5.93275e+07
  16.988  5.66675e+07
  17.05  5.39913e+07
  17.112  5.13095e+07
  17.174  4.86321e+07
  17.236  4.59693e+07
  17.298  4.33306e+07
  17.36  4.07252e+07
  17.422  3.81622e+07
  17.484  3.56498e+07
  17.546  3.3196e+07
  17.608  3.08081e+07
  17.67  2.8493e+07
  17.732  2.62566e+07
  17.794  2.41046e+07
  17.856  2.20418e+07
  17.918  2.00722e+07
  17.98  1.81993e+07
  18.042  1.64258e+07
  18.104  1.47537e+07
  18.166  1.31842e+07
  18.228  1.1718e+07
  18.29  1.0355e+07
  18.352  9.09438e+06
  18.414  7.93471e+06
  18.476  6.87406e+06
  18.538  5.90981e+06
  18.6  5.03878e+06
  18.662  4.25745e+06
  18.724  3.56179e+06
  18.786  2.94726e+06
  18.848  2.40927e+06
  18.91  1.94268e+06
  18.972  1.54235e+06
  19.034  1.20272e+06
  19.096  918600
  19.158  684247
  19.22  494355
  19.282  343584
  19.344  226670
  19.406  138684
  19.468  74959.6
  19.53  30979.2
  19.592  2619.11
  19.654  -13520.2
  19.716  -20773.4
  19.778  -21980
  19.84  -19463.6
  19.902  -15062.2
  19.964  -10194.2
  20.026  -5849.44
  20.088  -2639.6
  20.15  -707.311
  20.212  -8.40317
  20.274  38.6362
  20.336  -285.992
  20.398  -203.743
  20.46  970.678
  20.522  3722.9
  20.584  8435.05
  20.646  14770.6
  20.708  22045.9
  20.77  28751.6
  20.832  33091.4
  20.894  31261.1
  20.956  18399
  21.018  -11247.2
  21.08  -65718.9
  21.142  -154930
  21.204  -290572
  21.266  -487411
  21.328  -761561
  21.39  -1.13413e+06
  21.452  -1.62648e+06
  21.514  -2.26596e+06
  21.576  -3.08146e+06
  21.638  -4.10633e+06
  21.7  -5.37823e+06
  21.762  -6.93725e+06
  21.824  -8.82992e+06
  21.886  -1.11049e+07
  21.948  -1.38166e+07
  22.01  -1.70235e+07
  22.072  -2.07877e+07
  22.134  -2.51768e+07
  22.196  -3.02625e+07
  22.258  -3.61207e+07
  22.32  -4.28306e+07
  22.382  -5.04761e+07
  22.444  -5.91443e+07
  22.506  -6.89258e+07
  22.568  -7.99133e+07
  22.63  -9.22016e+07
  22.692  -1.05888e+08
  22.754  -1.21071e+08
  22.816  -1.37849e+08
  22.878  -1.56318e+08
  22.94  -1.76575e+08
  23.002  -1.98714e+08
  23.064  -2.22823e+08
  23.126  -2.48988e+08
  23.188  -2.77289e+08
  23.25  -3.07794e+08
  23.312  -3.40567e+08
  23.374  -3.75659e+08
  23.436  -4.13108e+08
  23.498  -4.52936e+08
  23.56  -4.95154e+08
  23.622  -5.3975e+08
  23.684  -5.86691e+08
  23.746  -6.35926e+08
  23.808  -6.87376e+08
  23.87  -7.40933e+08
  23.932  -7.96462e+08
  23.994  -8.53796e+08
  24.056  -9.12731e+08
  24.118  -9.73026e+08
  24.18  -1.0344e+09
  24.242  -1.09654e+09
  24.304  -1.15907e+09
  24.366  -1.22157e+09
  24.428  -1.28359e+09
  24.49  -1.34461e+09
  24.552  -1.40405e+09
  24.614  -1.46128e+09
  24.676  -1.51563e+09
  24.738  -1.56633e+09
  24.8  -1.61259e+09
  24.862  -1.65353e+09
  24.924  -1.6882e+09
  24.986  -1.71561e+09
  25.048  -1.7347e+09
  25.11  -1.74431e+09
  25.172  -1.74325e+09
  25.234  -1.73026e+09
  25.296  -1.70401e+09
  25.358  -1.66311e+09
  25.42  -1.60609e+09
  25.482  -1.53147e+09
  25.544  -1.43768e+09
  25.606  -1.32313e+09
  25.668  -1.18615e+09
  25.73  -1.02507e+09
  25.792  -8.38185e+08
  25.854  -6.23752e+08
  25.916  -3.80031e+08
  25.978  -1.0528e+08
  26.04  2.0224e+08
  26.102  5.44238e+08
  26.164  9.22394e+08
  26.226  1.33834e+09
  26.288  1.79363e+09
  26.35  2.28976e+09
  26.412  2.82809e+09
  26.474  3.4099e+09
  26.536  4.0363e+09
  26.598  4.70824e+09
  26.66  5.4265e+09
  26.722  6.19163e+09
  26.784  7.00397e+09
  26.846  7.86357e+09
  26.908  8.77021e+09
  26.97  9.72333e+09
  27.032  1.0722e+10
  27.094  1.17651e+10
  27.156  1.28507e+10
  27.218  1.39769e+10
  27.28  1.5141e+10
  27.342  1.63398e+10
  27.404  1.75699e+10
  27.466  1.88269e+10
  27.528  2.01061e+10
  27.59  2.1402e+10
  27.652  2.27085e+10
  27.714  2.4019e+10
  27.776  2.53259e+10
  27.838  2.66211e+10
  27.9  2.78957e+10
  27.962  2.914e+10
  28.024  3.03436e+10
  28.086  3.14953e+10
  28.148  3.25833e+10
  28.21  3.35949e+10
  28.272  3.45167e+10
  28.334  3.53348e+10
  28.396  3.60344e+10
  28.458  3.66004e+10
  28.52  3.70169e+10
  28.582  3.72679e+10
  28.644  3.73368e+10
  28.706  3.72069e+10
  28.768  3.68616e+10
  28.83  3.62841e+10
  28.892  3.54582e+10
  28.954  3.4368e+10
  29.016  3.29985e+10
  29.078  3.13356e+10
  29.14  2.93666e+10
  29.202  2.70807e+10
  29.264  2.4469e+10
  29.326  2.15251e+10
  29.388  1.82458e+10
  29.45  1.46315e+10
  29.512  1.06865e+10
  29.574  6.42034e+09
  29.636  1.84788e+09
  29.698  -3.00954e+09
  29.76  -8.12335e+09
  29.822  -1.34567e+10
  29.884  -1.89635e+10
  29.946  -2.45871e+10
  30.008  -3.02594e+10
  30.07  -3.58988e+10
  30.132  -4.14096e+10
  30.194  -4.66796e+10
  30.256  -5.15789e+10
  30.318  -5.59575e+10
  30.38  -5.96438e+10
  30.442  -6.2442e+10
  30.504  -6.41298e+10
  30.566  -6.44558e+10
  30.628  -6.31367e+10
  30.69  -5.98547e+10
  30.752  -5.42534e+10
  30.814  -4.59352e+10
  30.876  -3.44573e+10
  30.938  -1.93275e+10
  31  -21781.9
