  595  -1334.82
  595.96  -1140.82
  596.92  -970.631
  597.88  -821.84
  598.84  -692.091
  599.8  -579.418
  600.76  -481.964
  601.72  -397.867
  602.68  -325.744
  603.64  -264.126
  604.6  -211.75
  605.56  -167.503
  606.52  -130.373
  607.48  -99.4187
  608.44  -73.9014
  609.4  -53.0132
  610.36  -36.1045
  611.32  -22.575
  612.28  -11.9644
  613.24  -3.84839
  614.2  2.12427
  615.16  6.50391
  616.12  9.41528
  617.08  11.2278
  618.04  12.0569
  619  12.2141
  619.96  11.7864
  620.92  10.9055
  621.88  9.80762
  622.84  8.5
  623.8  6.99878
  624.76  5.51685
  625.72  4.0459
  626.68  2.65601
  627.64  1.28174
  628.6  0.00585938
  629.56  -1.1604
  630.52  -2.1001
  631.48  -2.95093
  632.44  -3.72461
  633.4  -4.26807
  634.36  -4.69629
  635.32  -5.04468
  636.28  -5.21704
  637.24  -5.28516
  638.2  -5.30078
  639.16  -5.26147
  640.12  -5.1355
  641.08  -4.85815
  642.04  -4.58984
  643  -4.31104
  643.96  -3.90674
  644.92  -3.53906
  645.88  -3.15381
  646.84  -2.76562
  647.8  -2.33911
  648.76  -1.93066
  649.72  -1.56055
  650.68  -1.18628
  651.64  -0.798096
  652.6  -0.421387
  653.56  -0.0866699
  654.52  0.168945
  655.48  0.43457
  656.44  0.702148
  657.4  0.888672
  658.36  1.11328
  659.32  1.30078
  660.28  1.44946
  661.24  1.50854
  662.2  1.69995
  663.16  1.77686
  664.12  1.79736
  665.08  1.78833
  666.04  1.88989
  667  1.89502
  667.96  1.81641
  668.92  1.84497
  669.88  1.82471
  670.84  1.70947
  671.8  1.76074
  672.76  1.72778
  673.72  1.6333
  674.68  1.6145
  675.64  1.56641
  676.6  1.46851
  677.56  1.42383
  678.52  1.39111
  679.48  1.28784
  680.44  1.32104
  681.4  1.27856
  682.36  1.26733
  683.32  1.22559
  684.28  1.17334
  685.24  1.16772
  686.2  1.17993
  687.16  1.03027
  688.12  1.0459
  689.08  1.05664
  690.04  0.974365
  691  1.03394
  691.96  0.921631
  692.92  0.932617
  693.88  0.942627
  694.84  0.960938
  695.8  0.899414
  696.76  0.964355
  697.72  0.945557
  698.68  0.944824
  699.64  0.98999
  700.6  0.949951
  701.56  0.932617
  702.52  0.919189
  703.48  0.924316
  704.44  0.928223
  705.4  0.897949
  706.36  0.889893
  707.32  0.843018
  708.28  0.877197
  709.24  0.967773
  710.2  0.906738
  711.16  0.86499
  712.12  0.828369
  713.08  0.822754
  714.04  0.853516
  715  0.843506
  715.96  0.727295
  716.92  0.820801
  717.88  0.795898
  718.84  0.809326
  719.8  0.728516
  720.76  0.778809
  721.72  0.873779
  722.68  0.739014
  723.64  0.775146
  724.6  0.797363
  725.56  0.715332
  726.52  0.642578
  727.48  0.818359
  728.44  0.736572
  729.4  0.759766
  730.36  0.791504
  731.32  0.785156
  732.28  0.791016
  733.24  0.770752
  734.2  0.836914
  735.16  0.708252
  736.12  0.834473
  737.08  0.831543
  738.04  0.648193
  739  0.736328
  739.96  0.820312
  740.92  0.616943
  741.88  0.758301
  742.84  0.918213
  743.8  0.546387
  744.76  0.712158
  745.72  0.821045
  746.68  0.825928
  747.64  0.638184
  748.6  0.851074
  749.56  0.839844
  750.52  0.789551
  751.48  0.696777
  752.44  0.867676
  753.4  0.673584
  754.36  0.790527
  755.32  0.77832
  756.28  0.748535
  757.24  0.646729
  758.2  0.894287
  759.16  0.837158
  760.12  0.647217
  761.08  0.763916
  762.04  0.819824
  763  0.686768
  763.96  0.553711
  764.92  0.540283
  765.88  0.682861
  766.84  0.469482
  767.8  0.5271
  768.76  0.695312
  769.72  0.628174
  770.68  0.686768
  771.64  0.477295
  772.6  0.706543
  773.56  0.781982
  774.52  0.5896
  775.48  0.645996
  776.44  0.500244
  777.4  0.529785
  778.36  0.750977
  779.32  0.324219
  780.28  0.900391
  781.24  0.91748
  782.2  0.593506
  783.16  0.565918
  784.12  0.328857
  785.08  0.259033
  786.04  1.04517
  787  0.354736
  787.96  0.886475
  788.92  1.13013
  789.88  0.792725
  790.84  0.748291
  791.8  0.898193
  792.76  0.296387
  793.72  0.603027
  794.68  0.603271
  795.64  0.718506
  796.6  0.441162
  797.56  0.634521
  798.52  0.661377
  799.48  1.10718
  800.44  0.00976562
  801.4  1.04053
  802.36  0.456543
  803.32  0.987305
  804.28  0.518555
  805.24  -0.112061
  806.2  0.0952148
  807.16  0.738037
  808.12  0.106445
  809.08  0.999512
  810.04  0.616699
  811  0.455811
  811.96  -0.0251465
  812.92  0.783447
  813.88  0.723633
  814.84  -0.145996
  815.8  -0.0263672
  816.76  0.273193
  817.72  0.452637
  818.68  -0.623291
  819.64  -0.331543
  820.6  -0.45874
  821.56  0.165039
  822.52  -1.08496
  823.48  -1.01245
  824.44  -0.640625
  825.4  -1.31055
  826.36  -0.519287
  827.32  -0.897217
  828.28  -1.54395
  829.24  -1.14575
  830.2  -0.529541
  831.16  -1.38501
  832.12  -3.22852
  833.08  -1.78662
  834.04  -1.26489
  835  -1.81006
  835.96  -1.31641
  836.92  -3.01074
  837.88  -1.75977
  838.84  -1.9541
  839.8  -2.17236
  840.76  -2.63525
  841.72  -2.771
  842.68  -2.09985
  843.64  -2.09766
  844.6  -3.87183
  845.56  -2.07275
  846.52  -2.15405
  847.48  -4.30591
  848.44  -1.96509
  849.4  -2.62231
  850.36  -3.01367
  851.32  -4.16797
  852.28  -1.58594
  853.24  -2.59888
  854.2  -3.35718
  855.16  -3.60107
  856.12  -2.0979
  857.08  -3.28784
  858.04  -3.35522
  859  -2.97949
  859.96  -0.983398
  860.92  -1.72656
  861.88  -4.20581
  862.84  -4.96436
  863.8  -3.49219
  864.76  -3.51587
  865.72  -2.07422
  866.68  -3.1521
  867.64  -3.73218
  868.6  -2.16284
  869.56  -2.42773
  870.52  -3.52637
  871.48  -3.90918
  872.44  -2.83765
  873.4  -4.60156
  874.36  -6.2373
  875.32  -4.0166
  876.28  -4.00244
  877.24  -2.13086
  878.2  -3.21631
  879.16  -6.24219
  880.12  -5.41406
  881.08  -1.98975
  882.04  -4.31592
  883  -5.29468
  883.96  -7.63037
  884.92  -3.46484
  885.88  -5.97021
  886.84  -6.95801
  887.8  -6.86548
  888.76  -9.93945
  889.72  -6.42627
  890.68  -4.95239
  891.64  -9.44751
  892.6  -1.60205
  893.56  -4.60181
  894.52  -6.40796
  895.48  -7.92749
  896.44  -8.50488
  897.4  -7.58032
  898.36  -15.3547
  899.32  -7.61597
  900.28  -10.7253
  901.24  -6.61206
  902.2  -14.4563
  903.16  -12.928
  904.12  -11.0684
  905.08  -9.21753
  906.04  -11.884
  907  -13.9768
  907.96  -13.814
  908.92  -6.60229
  909.88  -14.0679
  910.84  -11.4993
  911.8  -19.5317
  912.76  -10.509
  913.72  -11.4563
  914.68  -14.4771
  915.64  -15.3179
  916.6  -7.27881
  917.56  -9.11963
  918.52  -12.4988
  919.48  -13.8704
  920.44  -6.49658
  921.4  -11.1013
  922.36  -10.1169
  923.32  -16.9834
  924.28  -6.98145
  925.24  -10.9062
  926.2  -11.9861
  927.16  -9.27979
  928.12  -6.84937
  929.08  -18.906
  930.04  -17.4976
  931  -5.271
  931.96  -14.1113
  932.92  2.44238
  933.88  -34.3223
  934.84  -19.0989
  935.8  -16.0881
  936.76  -14.9248
  937.72  -12.8604
  938.68  -12.5242
  939.64  -26.6531
  940.6  -12.0908
  941.56  -27.1055
  942.52  -18.8044
  943.48  -42.2466
  944.44  -24.0732
  945.4  -4.15576
  946.36  -18.74
  947.32  -14.9644
  948.28  -48.3545
  949.24  -41.6316
  950.2  -25.8674
  951.16  -41.3215
  952.12  -37.6689
  953.08  -29.2588
  954.04  -16.3
  955  -27.843
  955.96  -37.6924
  956.92  -39.5071
  957.88  -32.1245
  958.84  -58.0913
  959.8  -39.2498
  960.76  -69.1431
  961.72  15.5278
  962.68  -92.0811
  963.64  -66.2896
  964.6  -22.7739
  965.56  -88.6406
  966.52  -87.6182
  967.48  -63.7737
  968.44  -118.526
  969.4  -43.4482
  970.36  -71.45
  971.32  -91.6821
  972.28  -65.7368
  973.24  -102.062
  974.2  -50.5039
  975.16  -98.7139
  976.12  -110.169
  977.08  -57.811
  978.04  -123.2
  979  -84.8083
  979.96  -149.25
  980.92  -86.7556
  981.88  -142.772
  982.84  -165.309
  983.8  -136.69
  984.76  -107.43
  985.72  -133.643
  986.68  -193.49
  987.64  -165.996
  988.6  -280.749
  989.56  -190.866
  990.52  -210.914
  991.48  -202.172
  992.44  -193.828
  993.4  -314.861
  994.36  -357.192
  995.32  -335.311
  996.28  -255.287
  997.24  -253.946
  998.2  -391.996
  999.16  -450.275
  1000.12  -482.378
  1001.08  -519.641
  1002.04  -317.545
  1003  -390.291
  1003.96  -480.219
  1004.92  -417.463
  1005.88  -383.478
  1006.84  -484.428
  1007.8  -566.725
  1008.76  -447.456
  1009.72  -404.321
  1010.68  -571.987
  1011.64  -521.563
  1012.6  -425.935
  1013.56  -580.595
  1014.52  -614.141
  1015.48  -672.527
  1016.44  -448.975
  1017.4  -556.088
  1018.36  -397.304
  1019.32  -602.516
  1020.28  -483.863
  1021.24  -450.195
  1022.2  -651.865
  1023.16  -306.964
  1024.12  -638.322
  1025.08  -666.953
  1026.04  -263.35
  1027  -490.009
  1027.96  -822.187
  1028.92  -393.636
  1029.88  -756.826
  1030.84  -410.829
  1031.8  -371.509
  1032.76  -491.706
  1033.72  -513.127
  1034.68  -739.73
  1035.64  -363.839
  1036.6  -38.1016
  1037.56  -624.203
  1038.52  -783.734
  1039.48  -913.769
  1040.44  -451.125
  1041.4  -496.533
  1042.36  -173.953
  1043.32  -746.479
  1044.28  -706.262
  1045.24  -929.905
  1046.2  -500.619
  1047.16  -997.534
  1048.12  -158.089
  1049.08  -1010.63
  1050.04  -1288.69
  1051  -1048.16
  1051.96  -958.988
  1052.92  -938.954
  1053.88  -1072.69
  1054.84  -1854.13
  1055.8  -1894.85
  1056.76  -820.92
  1057.72  -1969.26
  1058.68  -1404.15
  1059.64  -1554.53
  1060.6  -827.243
  1061.56  -2229.15
  1062.52  -2472.74
  1063.48  -3276.23
  1064.44  -3593.28
  1065.4  -2563.27
  1066.36  -3503.12
  1067.32  -3387.19
  1068.28  -5094.53
  1069.24  -4409.99
  1070.2  -2570.73
  1071.16  -3964.36
  1072.12  -4310.93
  1073.08  -4974.67
  1074.04  -5650.8
  1075  -4633.95
