  0  1
  0.01  1.01247
  0.02  1.0249
  0.03  1.03727
  0.04  1.0496
  0.05  1.06187
  0.06  1.0741
  0.07  1.08627
  0.08  1.0984
  0.09  1.11047
  0.1  1.1225
  0.11  1.13447
  0.12  1.1464
  0.13  1.15827
  0.14  1.1701
  0.15  1.18187
  0.16  1.1936
  0.17  1.20527
  0.18  1.2169
  0.19  1.22847
  0.2  1.24
  0.21  1.25147
  0.22  1.2629
  0.23  1.27427
  0.24  1.2856
  0.25  1.29687
  0.26  1.3081
  0.27  1.31927
  0.28  1.3304
  0.29  1.34147
  0.3  1.3525
  0.31  1.36347
  0.32  1.3744
  0.33  1.38527
  0.34  1.3961
  0.35  1.40687
  0.36  1.4176
  0.37  1.42827
  0.38  1.4389
  0.39  1.44947
  0.4  1.46
  0.41  1.47047
  0.42  1.4809
  0.43  1.49127
  0.44  1.5016
  0.45  1.51187
  0.46  1.5221
  0.47  1.53227
  0.48  1.5424
  0.49  1.55247
  0.5  1.5625
  0.51  1.57247
  0.52  1.5824
  0.53  1.59227
  0.54  1.6021
  0.55  1.61187
  0.56  1.6216
  0.57  1.63128
  0.58  1.6409
  0.59  1.65048
  0.6  1.66
  0.61  1.66947
  0.62  1.6789
  0.63  1.68827
  0.64  1.6976
  0.65  1.70688
  0.66  1.7161
  0.67  1.72528
  0.68  1.7344
  0.69  1.74348
  0.7  1.7525
  0.71  1.76147
  0.72  1.7704
  0.73  1.77928
  0.74  1.7881
  0.75  1.79688
  0.76  1.8056
  0.77  1.81428
  0.78  1.8229
  0.79  1.83148
  0.8  1.84
  0.81  1.84848
  0.82  1.8569
  0.83  1.86528
  0.84  1.8736
  0.85  1.88187
  0.86  1.8901
  0.87  1.89828
  0.88  1.9064
  0.89  1.91447
  0.9  1.9225
  0.91  1.93048
  0.92  1.9384
  0.93  1.94628
  0.94  1.9541
  0.95  1.96188
  0.96  1.9696
  0.97  1.97728
  0.98  1.9849
  0.99  1.99248
  1  2
  1.01  2.00748
  1.02  2.0149
  1.03  2.02228
  1.04  2.0296
  1.05  2.03688
  1.06  2.0441
  1.07  2.05128
  1.08  2.0584
  1.09  2.06548
  1.1  2.0725
  1.11  2.07948
  1.12  2.0864
  1.13  2.09328
  1.14  2.1001
  1.15  2.10688
  1.16  2.1136
  1.17  2.12028
  1.18  2.1269
  1.19  2.13348
  1.2  2.14
  1.21  2.14648
  1.22  2.1529
  1.23  2.15928
  1.24  2.1656
  1.25  2.17188
  1.26  2.1781
  1.27  2.18428
  1.28  2.1904
  1.29  2.19648
  1.3  2.2025
  1.31  2.20848
  1.32  2.2144
  1.33  2.22028
  1.34  2.2261
  1.35  2.23188
  1.36  2.2376
  1.37  2.24328
  1.38  2.2489
  1.39  2.25448
  1.4  2.26
  1.41  2.26548
  1.42  2.2709
  1.43  2.27628
  1.44  2.2816
  1.45  2.28688
  1.46  2.2921
  1.47  2.29728
  1.48  2.3024
  1.49  2.30748
  1.5  2.3125
  1.51  2.31748
  1.52  2.3224
  1.53  2.32728
  1.54  2.3321
  1.55  2.33688
  1.56  2.3416
  1.57  2.34628
  1.58  2.3509
  1.59  2.35548
  1.6  2.36
  1.61  2.36448
  1.62  2.3689
  1.63  2.37328
  1.64  2.3776
  1.65  2.38188
  1.66  2.3861
  1.67  2.39028
  1.68  2.3944
  1.69  2.39848
  1.7  2.4025
  1.71  2.40648
  1.72  2.4104
  1.73  2.41428
  1.74  2.4181
  1.75  2.42188
  1.76  2.4256
  1.77  2.42928
  1.78  2.4329
  1.79  2.43648
  1.8  2.44
  1.81  2.44348
  1.82  2.4469
  1.83  2.45028
  1.84  2.4536
  1.85  2.45688
  1.86  2.4601
  1.87  2.46328
  1.88  2.4664
  1.89  2.46948
  1.9  2.4725
  1.91  2.47548
  1.92  2.4784
  1.93  2.48128
  1.94  2.4841
  1.95  2.48688
  1.96  2.4896
  1.97  2.49228
  1.98  2.4949
  1.99  2.49748
  2  2.5
  2.01  2.50248
  2.02  2.5049
  2.03  2.50728
  2.04  2.5096
  2.05  2.51188
  2.06  2.5141
  2.07  2.51628
  2.08  2.5184
  2.09  2.52048
  2.1  2.5225
  2.11  2.52448
  2.12  2.5264
  2.13  2.52828
  2.14  2.5301
  2.15  2.53188
  2.16  2.5336
  2.17  2.53528
  2.18  2.5369
  2.19  2.53848
  2.2  2.54
  2.21  2.54148
  2.22  2.5429
  2.23  2.54428
  2.24  2.5456
  2.25  2.54688
  2.26  2.5481
  2.27  2.54928
  2.28  2.5504
  2.29  2.55148
  2.3  2.5525
  2.31  2.55348
  2.32  2.5544
  2.33  2.55528
  2.34  2.5561
  2.35  2.55688
  2.36  2.5576
  2.37  2.55828
  2.38  2.5589
  2.39  2.55948
  2.4  2.56
  2.41  2.56048
  2.42  2.5609
  2.43  2.56128
  2.44  2.5616
  2.45  2.56188
  2.46  2.5621
  2.47  2.56228
  2.48  2.5624
  2.49  2.56248
  2.5  2.5625
  2.51  2.56248
  2.52  2.5624
  2.53  2.56228
  2.54  2.5621
  2.55  2.56188
  2.56  2.5616
  2.57  2.56128
  2.58  2.5609
  2.59  2.56048
  2.6  2.56
  2.61  2.55948
  2.62  2.5589
  2.63  2.55828
  2.64  2.5576
  2.65  2.55688
  2.66  2.5561
  2.67  2.55528
  2.68  2.5544
  2.69  2.55348
  2.7  2.5525
  2.71  2.55148
  2.72  2.5504
  2.73  2.54928
  2.74  2.5481
  2.75  2.54688
  2.76  2.5456
  2.77  2.54428
  2.78  2.5429
  2.79  2.54148
  2.8  2.54
  2.81  2.53848
  2.82  2.5369
  2.83  2.53528
  2.84  2.5336
  2.85  2.53188
  2.86  2.5301
  2.87  2.52828
  2.88  2.5264
  2.89  2.52448
  2.9  2.5225
  2.91  2.52048
  2.92  2.5184
  2.93  2.51628
  2.94  2.5141
  2.95  2.51188
  2.96  2.5096
  2.97  2.50728
  2.98  2.5049
  2.99  2.50248
  3  2.5
  3.01  2.49748
  3.02  2.4949
  3.03  2.49228
  3.04  2.4896
  3.05  2.48688
  3.06  2.4841
  3.07  2.48128
  3.08  2.4784
  3.09  2.47548
  3.1  2.4725
  3.11  2.46948
  3.12  2.4664
  3.13  2.46328
  3.14  2.4601
  3.15  2.45688
  3.16  2.4536
  3.17  2.45028
  3.18  2.4469
  3.19  2.44348
  3.2  2.44
  3.21  2.43648
  3.22  2.4329
  3.23  2.42928
  3.24  2.4256
  3.25  2.42188
  3.26  2.4181
  3.27  2.41428
  3.28  2.4104
  3.29  2.40648
  3.3  2.4025
  3.31  2.39848
  3.32  2.3944
  3.33  2.39028
  3.34  2.3861
  3.35  2.38188
  3.36  2.3776
  3.37  2.37328
  3.38  2.3689
  3.39  2.36448
  3.4  2.36
  3.41  2.35548
  3.42  2.3509
  3.43  2.34628
  3.44  2.3416
  3.45  2.33688
  3.46  2.3321
  3.47  2.32728
  3.48  2.3224
  3.49  2.31748
  3.5  2.3125
  3.51  2.30748
  3.52  2.3024
  3.53  2.29728
  3.54  2.2921
  3.55  2.28688
  3.56  2.2816
  3.57  2.27628
  3.58  2.2709
  3.59  2.26548
  3.6  2.26
  3.61  2.25448
  3.62  2.2489
  3.63  2.24328
  3.64  2.2376
  3.65  2.23188
  3.66  2.2261
  3.67  2.22028
  3.68  2.2144
  3.69  2.20848
  3.7  2.2025
  3.71  2.19648
  3.72  2.1904
  3.73  2.18428
  3.74  2.1781
  3.75  2.17188
  3.76  2.1656
  3.77  2.15928
  3.78  2.1529
  3.79  2.14648
  3.8  2.14
  3.81  2.13348
  3.82  2.1269
  3.83  2.12028
  3.84  2.1136
  3.85  2.10688
  3.86  2.1001
  3.87  2.09328
  3.88  2.0864
  3.89  2.07948
  3.9  2.0725
  3.91  2.06548
  3.92  2.0584
  3.93  2.05128
  3.94  2.0441
  3.95  2.03688
  3.96  2.0296
  3.97  2.02228
  3.98  2.0149
  3.99  2.00748
  4  2
  4.01  1.99248
  4.02  1.9849
  4.03  1.97728
  4.04  1.9696
  4.05  1.96188
  4.06  1.9541
  4.07  1.94628
  4.08  1.9384
  4.09  1.93048
  4.1  1.9225
  4.11  1.91448
  4.12  1.9064
  4.13  1.89828
  4.14  1.8901
  4.15  1.88188
  4.16  1.8736
  4.17  1.86528
  4.18  1.8569
  4.19  1.84848
  4.2  1.84
  4.21  1.83148
  4.22  1.8229
  4.23  1.81428
  4.24  1.8056
  4.25  1.79688
  4.26  1.7881
  4.27  1.77928
  4.28  1.7704
  4.29  1.76148
  4.3  1.7525
  4.31  1.74348
  4.32  1.7344
  4.33  1.72528
  4.34  1.7161
  4.35  1.70688
  4.36  1.6976
  4.37  1.68828
  4.38  1.6789
  4.39  1.66948
  4.4  1.66
  4.41  1.65047
  4.42  1.6409
  4.43  1.63128
  4.44  1.6216
  4.45  1.61187
  4.46  1.6021
  4.47  1.59227
  4.48  1.5824
  4.49  1.57247
  4.5  1.5625
  4.51  1.55247
  4.52  1.5424
  4.53  1.53227
  4.54  1.5221
  4.55  1.51187
  4.56  1.5016
  4.57  1.49127
  4.58  1.4809
  4.59  1.47047
  4.6  1.46
  4.61  1.44947
  4.62  1.4389
  4.63  1.42827
  4.64  1.4176
  4.65  1.40687
  4.66  1.3961
  4.67  1.38527
  4.68  1.3744
  4.69  1.36347
  4.7  1.3525
  4.71  1.34147
  4.72  1.3304
  4.73  1.31927
  4.74  1.3081
  4.75  1.29687
  4.76  1.2856
  4.77  1.27428
  4.78  1.2629
  4.79  1.25147
  4.8  1.24
  4.81  1.22848
  4.82  1.2169
  4.83  1.20527
  4.84  1.1936
  4.85  1.18188
  4.86  1.1701
  4.87  1.15827
  4.88  1.1464
  4.89  1.13448
  4.9  1.1225
  4.91  1.11047
  4.92  1.0984
  4.93  1.08628
  4.94  1.0741
  4.95  1.06187
  4.96  1.0496
  4.97  1.03728
  4.98  1.0249
  4.99  1.01247
  5  1
