  0  1.62034e-13
  0.002  0.0372076
  0.004  0.0736052
  0.006  0.109197
  0.008  0.143988
  0.01  0.177981
  0.012  0.211184
  0.014  0.2436
  0.016  0.275235
  0.018  0.306095
  0.02  0.336187
  0.022  0.365515
  0.024  0.394087
  0.026  0.42191
  0.028  0.448989
  0.03  0.475333
  0.032  0.500949
  0.034  0.525844
  0.036  0.550025
  0.038  0.573501
  0.04  0.596279
  0.042  0.618369
  0.044  0.639777
  0.046  0.660512
  0.048  0.680584
  0.05  0.7
  0.052  0.71877
  0.054  0.736902
  0.056  0.754406
  0.058  0.771291
  0.06  0.787566
  0.062  0.803241
  0.064  0.818324
  0.066  0.832826
  0.068  0.846757
  0.07  0.860125
  0.072  0.872941
  0.074  0.885215
  0.076  0.896956
  0.078  0.908175
  0.08  0.918882
  0.082  0.929086
  0.084  0.938799
  0.086  0.948029
  0.088  0.956787
  0.09  0.965083
  0.092  0.972929
  0.094  0.980333
  0.096  0.987306
  0.098  0.993858
  0.1  1
  0.102  1.00574
  0.104  1.01109
  0.106  1.01607
  0.108  1.02067
  0.11  1.02491
  0.112  1.02881
  0.114  1.03236
  0.116  1.03559
  0.118  1.0385
  0.12  1.0411
  0.122  1.0434
  0.124  1.04542
  0.126  1.04715
  0.128  1.04862
  0.13  1.04982
  0.132  1.05078
  0.134  1.0515
  0.136  1.05199
  0.138  1.05226
  0.14  1.05232
  0.142  1.05218
  0.144  1.05185
  0.146  1.05133
  0.148  1.05064
  0.15  1.04979
  0.152  1.04878
  0.154  1.04763
  0.156  1.04634
  0.158  1.04492
  0.16  1.04338
  0.162  1.04173
  0.164  1.03998
  0.166  1.03813
  0.168  1.0362
  0.17  1.03419
  0.172  1.03211
  0.174  1.02997
  0.176  1.02778
  0.178  1.02554
  0.18  1.02326
  0.182  1.02096
  0.184  1.01863
  0.186  1.01628
  0.188  1.01392
  0.19  1.01157
  0.192  1.00922
  0.194  1.00688
  0.196  1.00456
  0.198  1.00226
  0.2  1
  0.202  0.997775
  0.204  0.995595
  0.206  0.993466
  0.208  0.991392
  0.21  0.989381
  0.212  0.987438
  0.214  0.985568
  0.216  0.983777
  0.218  0.98207
  0.22  0.980453
  0.222  0.978929
  0.224  0.977505
  0.226  0.976184
  0.228  0.974972
  0.23  0.973872
  0.232  0.97289
  0.234  0.972029
  0.236  0.971293
  0.238  0.970687
  0.24  0.970213
  0.242  0.969877
  0.244  0.96968
  0.246  0.969626
  0.248  0.96972
  0.25  0.969963
  0.252  0.970358
  0.254  0.97091
  0.256  0.971619
  0.258  0.972489
  0.26  0.973521
  0.262  0.974719
  0.264  0.976084
  0.266  0.977619
  0.268  0.979325
  0.27  0.981203
  0.272  0.983256
  0.274  0.985484
  0.276  0.98789
  0.278  0.990474
  0.28  0.993237
  0.282  0.99618
  0.284  0.999304
  0.286  1.00261
  0.288  1.0061
  0.29  1.00977
  0.292  1.01362
  0.294  1.01766
  0.296  1.02188
  0.298  1.02628
  0.3  1.03086
  0.302  1.03562
  0.304  1.04057
  0.306  1.0457
  0.308  1.05101
  0.31  1.05649
  0.312  1.06216
  0.314  1.068
  0.316  1.07402
  0.318  1.08022
  0.32  1.08658
  0.322  1.09312
  0.324  1.09983
  0.326  1.1067
  0.328  1.11375
  0.33  1.12095
  0.332  1.12832
  0.334  1.13585
  0.336  1.14354
  0.338  1.15138
  0.34  1.15938
  0.342  1.16752
  0.344  1.17582
  0.346  1.18426
  0.348  1.19284
  0.35  1.20156
  0.352  1.21041
  0.354  1.2194
  0.356  1.22852
  0.358  1.23776
  0.36  1.24713
  0.362  1.25662
  0.364  1.26622
  0.366  1.27593
  0.368  1.28576
  0.37  1.29568
  0.372  1.30571
  0.374  1.31584
  0.376  1.32606
  0.378  1.33637
  0.38  1.34676
  0.382  1.35723
  0.384  1.36778
  0.386  1.3784
  0.388  1.38909
  0.39  1.39985
  0.392  1.41066
  0.394  1.42153
  0.396  1.43244
  0.398  1.4434
  0.4  1.45441
  0.402  1.46544
  0.404  1.47651
  0.406  1.48761
  0.408  1.49873
  0.41  1.50986
  0.412  1.52101
  0.414  1.53216
  0.416  1.54331
  0.418  1.55446
  0.42  1.56561
  0.422  1.57674
  0.424  1.58785
  0.426  1.59894
  0.428  1.61
  0.43  1.62103
  0.432  1.63202
  0.434  1.64296
  0.436  1.65386
  0.438  1.6647
  0.44  1.67549
  0.442  1.68621
  0.444  1.69686
  0.446  1.70744
  0.448  1.71794
  0.45  1.72835
  0.452  1.73867
  0.454  1.7489
  0.456  1.75903
  0.458  1.76906
  0.46  1.77897
  0.462  1.78877
  0.464  1.79845
  0.466  1.80801
  0.468  1.81743
  0.47  1.82672
  0.472  1.83588
  0.474  1.84488
  0.476  1.85374
  0.478  1.86244
  0.48  1.87098
  0.482  1.87936
  0.484  1.88758
  0.486  1.89561
  0.488  1.90347
  0.49  1.91115
  0.492  1.91864
  0.494  1.92594
  0.496  1.93305
  0.498  1.93995
  0.5  1.94665
  0.502  1.95315
  0.504  1.95942
  0.506  1.96549
  0.508  1.97133
  0.51  1.97695
  0.512  1.98233
  0.514  1.98749
  0.516  1.99241
  0.518  1.99709
  0.52  2.00152
  0.522  2.00571
  0.524  2.00965
  0.526  2.01333
  0.528  2.01675
  0.53  2.01992
  0.532  2.02282
  0.534  2.02545
  0.536  2.02782
  0.538  2.02991
  0.54  2.03172
  0.542  2.03326
  0.544  2.03452
  0.546  2.03549
  0.548  2.03618
  0.55  2.03658
  0.552  2.03669
  0.554  2.0365
  0.556  2.03603
  0.558  2.03525
  0.56  2.03418
  0.562  2.03281
  0.564  2.03114
  0.566  2.02916
  0.568  2.02688
  0.57  2.02429
  0.572  2.0214
  0.574  2.0182
  0.576  2.01469
  0.578  2.01087
  0.58  2.00674
  0.582  2.0023
  0.584  1.99755
  0.586  1.99249
  0.588  1.98712
  0.59  1.98143
  0.592  1.97544
  0.594  1.96913
  0.596  1.96251
  0.598  1.95558
  0.6  1.94834
  0.602  1.94079
  0.604  1.93293
  0.606  1.92476
  0.608  1.91628
  0.61  1.9075
  0.612  1.89842
  0.614  1.88903
  0.616  1.87934
  0.618  1.86935
  0.62  1.85907
  0.622  1.84848
  0.624  1.8376
  0.626  1.82644
  0.628  1.81498
  0.63  1.80323
  0.632  1.7912
  0.634  1.77889
  0.636  1.7663
  0.638  1.75343
  0.64  1.7403
  0.642  1.72689
  0.644  1.71321
  0.646  1.69928
  0.648  1.68508
  0.65  1.67063
  0.652  1.65593
  0.654  1.64098
  0.656  1.62579
  0.658  1.61036
  0.66  1.5947
  0.662  1.5788
  0.664  1.56268
  0.666  1.54634
  0.668  1.52979
  0.67  1.51302
  0.672  1.49605
  0.674  1.47888
  0.676  1.46152
  0.678  1.44397
  0.68  1.42623
  0.682  1.40832
  0.684  1.39023
  0.686  1.37198
  0.688  1.35357
  0.69  1.33501
  0.692  1.3163
  0.694  1.29745
  0.696  1.27847
  0.698  1.25936
  0.7  1.24013
  0.702  1.22079
  0.704  1.20134
  0.706  1.18179
  0.708  1.16215
  0.71  1.14243
  0.712  1.12262
  0.714  1.10275
  0.716  1.08282
  0.718  1.06283
  0.72  1.04279
  0.722  1.02272
  0.724  1.00261
  0.726  0.982484
  0.728  0.962341
  0.73  0.942191
  0.732  0.922043
  0.734  0.901904
  0.736  0.881784
  0.738  0.86169
  0.74  0.841631
  0.742  0.821616
  0.744  0.801653
  0.746  0.781751
  0.748  0.761919
  0.75  0.742165
  0.752  0.722499
  0.754  0.702928
  0.756  0.683463
  0.758  0.664111
  0.76  0.644883
  0.762  0.625786
  0.764  0.60683
  0.766  0.588023
  0.768  0.569376
  0.77  0.550897
  0.772  0.532594
  0.774  0.514478
  0.776  0.496557
  0.778  0.47884
  0.78  0.461336
  0.782  0.444054
  0.784  0.427004
  0.786  0.410194
  0.788  0.393633
  0.79  0.37733
  0.792  0.361295
  0.794  0.345535
  0.796  0.33006
  0.798  0.314879
  0.8  0.3
  0.802  0.285432
  0.804  0.271183
  0.806  0.257263
  0.808  0.243679
  0.81  0.230439
  0.812  0.217553
  0.814  0.205028
  0.816  0.192873
  0.818  0.181095
  0.82  0.169702
  0.822  0.158703
  0.824  0.148104
  0.826  0.137913
  0.828  0.128138
  0.83  0.118785
  0.832  0.109863
  0.834  0.101377
  0.836  0.0933354
  0.838  0.0857439
  0.84  0.0786091
  0.842  0.0719374
  0.844  0.0657348
  0.846  0.0600073
  0.848  0.0547605
  0.85  0.05
  0.852  0.045731
  0.854  0.0419586
  0.856  0.0386877
  0.858  0.0359228
  0.86  0.0336683
  0.862  0.0319284
  0.864  0.0307068
  0.866  0.0300072
  0.868  0.0298329
  0.87  0.0301868
  0.872  0.0310719
  0.874  0.0324904
  0.876  0.0344446
  0.878  0.0369363
  0.88  0.0399669
  0.882  0.0435377
  0.884  0.0476495
  0.886  0.0523027
  0.888  0.0574976
  0.89  0.0632338
  0.892  0.0695107
  0.894  0.0763274
  0.896  0.0836825
  0.898  0.0915741
  0.9  0.1
  0.902  0.108958
  0.904  0.118444
  0.906  0.128455
  0.908  0.138988
  0.91  0.150037
  0.912  0.161599
  0.914  0.173666
  0.916  0.186235
  0.918  0.199298
  0.92  0.212848
  0.922  0.226878
  0.924  0.24138
  0.926  0.256346
  0.928  0.271766
  0.93  0.287631
  0.932  0.303931
  0.934  0.320655
  0.936  0.337791
  0.938  0.355329
  0.94  0.373254
  0.942  0.391554
  0.944  0.410214
  0.946  0.429222
  0.948  0.44856
  0.95  0.468213
  0.952  0.488166
  0.954  0.508399
  0.956  0.528896
  0.958  0.549637
  0.96  0.570603
  0.962  0.591774
  0.964  0.613129
  0.966  0.634646
  0.968  0.656302
  0.97  0.678074
  0.972  0.699938
  0.974  0.721868
  0.976  0.743839
  0.978  0.765824
  0.98  0.787795
  0.982  0.809723
  0.984  0.83158
  0.986  0.853335
  0.988  0.874955
  0.99  0.89641
  0.992  0.917666
  0.994  0.938689
  0.996  0.959443
  0.998  0.979893
  1  1
