  0  3.99894
  0.036  348.007
  0.072  618.736
  0.108  826.131
  0.144  979.103
  0.18  1085.61
  0.216  1152.76
  0.252  1186.84
  0.288  1193.46
  0.324  1177.53
  0.36  1143.4
  0.396  1094.87
  0.432  1035.25
  0.468  967.419
  0.504  893.85
  0.54  816.668
  0.576  737.675
  0.612  658.391
  0.648  580.079
  0.684  503.78
  0.72  430.333
  0.756  360.4
  0.792  294.49
  0.828  232.977
  0.864  176.117
  0.9  124.065
  0.936  76.8878
  0.972  34.5805
  1.008  -2.9254
  1.044  -35.7498
  1.08  -64.0548
  1.116  -88.0367
  1.152  -107.918
  1.188  -123.942
  1.224  -136.366
  1.26  -145.456
  1.296  -151.485
  1.332  -154.724
  1.368  -155.446
  1.404  -153.915
  1.44  -150.392
  1.476  -145.127
  1.512  -138.361
  1.548  -130.321
  1.584  -121.224
  1.62  -111.272
  1.656  -100.655
  1.692  -89.5481
  1.728  -78.1124
  1.764  -66.4955
  1.8  -54.8307
  1.836  -43.2383
  1.872  -31.8253
  1.908  -20.686
  1.944  -9.90286
  1.98  0.453483
  2.016  10.3232
  2.052  19.6568
  2.088  28.4144
  2.124  36.5652
  2.16  44.0866
  2.196  50.9639
  2.232  57.189
  2.268  62.7607
  2.304  67.683
  2.34  71.9655
  2.376  75.6219
  2.412  78.6702
  2.448  81.1317
  2.484  83.0308
  2.52  84.394
  2.556  85.2503
  2.592  85.6297
  2.628  85.5639
  2.664  85.0852
  2.7  84.2264
  2.736  83.0206
  2.772  81.5005
  2.808  79.699
  2.844  77.6479
  2.88  75.3785
  2.916  72.9213
  2.952  70.3056
  2.988  67.5593
  3.024  64.7094
  3.06  61.7811
  3.096  58.7985
  3.132  55.7838
  3.168  52.758
  3.204  49.7403
  3.24  46.7484
  3.276  43.7984
  3.312  40.9049
  3.348  38.0809
  3.384  35.338
  3.42  32.686
  3.456  30.1337
  3.492  27.6884
  3.528  25.356
  3.564  23.1413
  3.6  21.0477
  3.636  19.0779
  3.672  17.2331
  3.708  15.514
  3.744  13.92
  3.78  12.45
  3.816  11.102
  3.852  9.87341
  3.888  8.76101
  3.924  7.76106
  3.96  6.86937
  3.996  6.08136
  4.032  5.39211
  4.068  4.79644
  4.104  4.28895
  4.14  3.8641
  4.176  3.51621
  4.212  3.23957
  4.248  3.02843
  4.284  2.8771
  4.32  2.77992
  4.356  2.73133
  4.392  2.72591
  4.428  2.75841
  4.464  2.82372
  4.5  2.91698
  4.536  3.03351
  4.572  3.16888
  4.608  3.31893
  4.644  3.47974
  4.68  3.64765
  4.716  3.81928
  4.752  3.99155
  4.788  4.16161
  4.824  4.32693
  4.86  4.48522
  4.896  4.63447
  4.932  4.77295
  4.968  4.89914
  5.004  5.01182
  5.04  5.10997
  5.076  5.1928
  5.112  5.25975
  5.148  5.31044
  5.184  5.3447
  5.22  5.36252
  5.256  5.36408
  5.292  5.34966
  5.328  5.31973
  5.364  5.27484
  5.4  5.21567
  5.436  5.143
  5.472  5.05767
  5.508  4.9606
  5.544  4.85276
  5.58  4.73518
  5.616  4.60891
  5.652  4.47502
  5.688  4.3346
  5.724  4.18872
  5.76  4.03847
  5.796  3.88491
  5.832  3.72906
  5.868  3.57194
  5.904  3.4145
  5.94  3.25768
  5.976  3.10234
  6.012  2.94929
  6.048  2.79931
  6.084  2.65308
  6.12  2.51126
  6.156  2.3744
  6.192  2.24303
  6.228  2.11757
  6.264  1.99841
  6.3  1.88586
  6.336  1.78015
  6.372  1.68147
  6.408  1.58994
  6.444  1.50562
  6.48  1.4285
  6.516  1.35854
  6.552  1.29563
  6.588  1.23962
  6.624  1.19031
  6.66  1.14747
  6.696  1.11083
  6.732  1.08007
  6.768  1.05487
  6.804  1.03487
  6.84  1.01969
  6.876  1.00893
  6.912  1.00219
  6.948  0.999043
  6.984  0.999076
  7.02  1.00186
  7.056  1.00699
  7.092  1.01404
  7.128  1.0226
  7.164  1.0323
  7.2  1.04274
  7.236  1.05358
  7.272  1.06447
  7.308  1.07509
  7.344  1.08515
  7.38  1.09439
  7.416  1.10255
  7.452  1.10944
  7.488  1.11487
  7.524  1.11868
  7.56  1.12074
  7.596  1.12097
  7.632  1.1193
  7.668  1.11569
  7.704  1.11015
  7.74  1.10268
  7.776  1.09335
  7.812  1.08223
  7.848  1.06942
  7.884  1.05505
  7.92  1.03927
  7.956  1.02224
  7.992  1.00414
  8.028  0.985195
  8.064  0.965607
  8.1  0.94561
  8.136  0.925445
  8.172  0.90536
  8.208  0.885612
  8.244  0.866459
  8.28  0.848162
  8.316  0.830985
  8.352  0.815183
  8.388  0.80101
  8.424  0.788716
  8.46  0.77854
  8.496  0.770711
  8.532  0.765448
  8.568  0.762955
  8.604  0.76342
  8.64  0.76702
  8.676  0.773908
  8.712  0.784225
  8.748  0.798087
  8.784  0.815593
  8.82  0.836821
  8.856  0.861827
  8.892  0.890648
  8.928  0.923292
  8.964  0.959753
  9  1
  9.036  1.04398
  9.072  1.09162
  9.108  1.14283
  9.144  1.1975
  9.18  1.25548
  9.216  1.31664
  9.252  1.38079
  9.288  1.44777
  9.324  1.51737
  9.36  1.58938
  9.396  1.66357
  9.432  1.73971
  9.468  1.81756
  9.504  1.89687
  9.54  1.97739
  9.576  2.05884
  9.612  2.14097
  9.648  2.22351
  9.684  2.30621
  9.72  2.38879
  9.756  2.471
  9.792  2.55259
  9.828  2.63333
  9.864  2.71295
  9.9  2.79125
  9.936  2.86799
  9.972  2.943
  10.008  3.01606
  10.044  3.087
  10.08  3.15566
  10.116  3.22189
  10.152  3.28557
  10.188  3.34658
  10.224  3.40484
  10.26  3.46023
  10.296  3.51274
  10.332  3.5623
  10.368  3.60889
  10.404  3.6525
  10.44  3.69315
  10.476  3.73085
  10.512  3.76566
  10.548  3.79763
  10.584  3.82682
  10.62  3.85334
  10.656  3.87727
  10.692  3.89872
  10.728  3.91781
  10.764  3.93468
  10.8  3.94944
  10.836  3.96225
  10.872  3.97326
  10.908  3.98261
  10.944  3.99044
  10.98  3.99694
  11.016  4.00222
  11.052  4.00645
  11.088  4.00975
  11.124  4.01228
  11.16  4.01415
  11.196  4.01551
  11.232  4.01644
  11.268  4.01709
  11.304  4.01749
  11.34  4.01777
  11.376  4.018
  11.412  4.01816
  11.448  4.01834
  11.484  4.01858
  11.52  4.01886
  11.556  4.01914
  11.592  4.01946
  11.628  4.01975
  11.664  4.01994
  11.7  4.01995
  11.736  4.01973
  11.772  4.0192
  11.808  4.01822
  11.844  4.01661
  11.88  4.01437
  11.916  4.01127
  11.952  4.00721
  11.988  4.00201
  12.024  3.99554
  12.06  3.98759
  12.096  3.97806
  12.132  3.96677
  12.168  3.95364
  12.204  3.93841
  12.24  3.92105
  12.276  3.90136
  12.312  3.87921
  12.348  3.85464
  12.384  3.82743
  12.42  3.79757
  12.456  3.76506
  12.492  3.72979
  12.528  3.69188
  12.564  3.65126
  12.6  3.60806
  12.636  3.56227
  12.672  3.51414
  12.708  3.4637
  12.744  3.41122
  12.78  3.35684
  12.816  3.30084
  12.852  3.24348
  12.888  3.18503
  12.924  3.12587
  12.96  3.06627
  12.996  3.00665
  13.032  2.94738
  13.068  2.88895
  13.104  2.83182
  13.14  2.77633
  13.176  2.72298
  13.212  2.67229
  13.248  2.62476
  13.284  2.58084
  13.32  2.5411
  13.356  2.50573
  13.392  2.47562
  13.428  2.45089
  13.464  2.43203
  13.5  2.41942
  13.536  2.41347
  13.572  2.41461
  13.608  2.42269
  13.644  2.43843
  13.68  2.46185
  13.716  2.49302
  13.752  2.53178
  13.788  2.57845
  13.824  2.63267
  13.86  2.69446
  13.896  2.76352
  13.932  2.83945
  13.968  2.92169
  14.004  3.01018
  14.04  3.10389
  14.076  3.20251
  14.112  3.30473
  14.148  3.41023
  14.184  3.51794
  14.22  3.62701
  14.256  3.73598
  14.292  3.84411
  14.328  3.9497
  14.364  4.05227
  14.4  4.15004
  14.436  4.24161
  14.472  4.32589
  14.508  4.40162
  14.544  4.46728
  14.58  4.52184
  14.616  4.56373
  14.652  4.59204
  14.688  4.6057
  14.724  4.60339
  14.76  4.58457
  14.796  4.54856
  14.832  4.4946
  14.868  4.422
  14.904  4.33113
  14.94  4.22191
  14.976  4.0944
  15.012  3.94915
  15.048  3.7873
  15.084  3.60946
  15.12  3.41773
  15.156  3.21326
  15.192  2.99838
  15.228  2.77528
  15.264  2.54753
  15.3  2.31771
  15.336  2.08925
  15.372  1.86616
  15.408  1.65253
  15.444  1.45297
  15.48  1.27283
  15.516  1.116
  15.552  0.988161
  15.588  0.895509
  15.624  0.842582
  15.66  0.835564
  15.696  0.879836
  15.732  0.981062
  15.768  1.14492
  15.804  1.37612
  15.84  1.68039
  15.876  2.06016
  15.912  2.52051
  15.948  3.06429
  15.984  3.69229
  16.02  4.40742
  16.056  5.20887
  16.092  6.09349
  16.128  7.0598
  16.164  8.10335
  16.2  9.21602
  16.236  10.3898
  16.272  11.6138
  16.308  12.8746
  16.344  14.1552
  16.38  15.4371
  16.416  16.6986
  16.452  17.9135
  16.488  19.0567
  16.524  20.0947
  16.56  20.9929
  16.596  21.7132
  16.632  22.2136
  16.668  22.4511
  16.704  22.3779
  16.74  21.9412
  16.776  21.0899
  16.812  19.7695
  16.848  17.9219
  16.884  15.4887
  16.92  12.4144
  16.956  8.64103
  16.992  4.1144
  17.028  -1.21906
  17.064  -7.40464
  17.1  -14.48
  17.136  -22.4789
  17.172  -31.4201
  17.208  -41.3103
  17.244  -52.1356
  17.28  -63.8649
  17.316  -76.4419
  17.352  -89.7768
  17.388  -103.756
  17.424  -118.213
  17.46  -132.944
  17.496  -147.689
  17.532  -162.128
  17.568  -175.872
  17.604  -188.452
  17.64  -199.311
  17.676  -207.789
  17.712  -213.114
  17.748  -214.391
  17.784  -210.578
  17.82  -200.471
  17.856  -182.695
  17.892  -155.676
  17.928  -117.622
  17.964  -66.4998
  18  -0.000600056
