25 September 2010 03:43:07 PM

SPHERE_MONTE_CARLO_PRB
  C++ version
  Test the SPHERE_MONTE_CARLO library.

TEST01

         N        1              X^2             Y^2             Z^2             X^4            X^2Y^2          Z^4

         1     12.56637061     10.53394337    0.8351536397     1.197273603     8.830231604    0.7000797141    0.1140714471
         2     12.56637061     2.029905324     6.365583876     4.170881414    0.5469773337    0.5207658514     1.764061004
         4     12.56637061     4.271989553     5.382503868     2.911877193     3.447059712      0.69518237     1.463048025
         8     12.56637061     4.836216158      5.37851721     2.351637245     2.922909172    0.8746302558    0.6043850601
        16     12.56637061      2.57632667     3.955363408     6.034680537      1.12817485    0.5705683851     4.079943737
        32     12.56637061     3.678894728     4.630786366      4.25668952     1.972447633    0.8782441965     2.399045743
        64     12.56637061     3.803328544     4.349820495     4.413221575     2.298560354    0.6198509156     2.593770621
       128     12.56637061     3.602437317     4.130292703     4.833640594     2.094104699    0.7815293019     3.228965699
       256     12.56637061     4.025224056     4.203747325     4.337399234     2.427275585    0.8059425242     2.677571687
       512     12.56637061     4.390132919     4.067259518     4.108978177     2.657742201    0.8728090387     2.494879723
      1024     12.56637061     4.127780685     4.341683193     4.096906737      2.49215365    0.8192000494     2.436250749
      2048     12.56637061      4.36765858     4.032199231     4.166512804     2.649803075     0.869513756     2.512473257
      4096     12.56637061      4.16327705     4.181559584      4.22153398     2.502724033    0.8128278322     2.525023649
      8192     12.56637061     4.189923854     4.137758696     4.238688065     2.522217416    0.8286605563      2.54902623
     16384     12.56637061     4.216597919     4.195163076     4.154609619     2.543734357    0.8398961693     2.484552045
     32768     12.56637061     4.172654943     4.254918758     4.138796913     2.499125182    0.8408843705     2.468444999
     65536     12.56637061     4.227237471     4.154241624      4.18489152     2.545530287    0.8371078263     2.503580734

     Exact     12.56637061     4.188790205     4.188790205     4.188790205     2.513274123     0.837758041     2.513274123

TETRAHEDRON_MONTE_CARLO_PRB
  Normal end of execution.

25 September 2010 03:43:07 PM
