15 April 2014 07:49:52 AM

PYRAMID_MONTE_CARLO_PRB
  C++ version
  Test the PYRAMID_MONTE_CARLO library.

TEST01
  Use PYRAMID01_SAMPLE to estimate integrals
  over the interior of the unit pyramid in 3D.

         N        1               Z             X^2             Y^2             Z^2            X^2Z            Y^2Z             Z^3          X^2Y^2          X^2Z^2

         1         1.33333       0.0805408        0.373326        0.980424      0.00486512        0.022551       0.0592231     0.000293881        0.274513      0.00136221
         2         1.33333        0.828705       0.0211411       0.0535591        0.515958       0.0136013       0.0345134        0.321794       0.0014815       0.0087546
         4         1.33333        0.216938        0.387863        0.614484       0.0497824       0.0623849       0.0855273       0.0129738        0.229948       0.0156092
         8         1.33333        0.472294        0.113265        0.172749        0.229933       0.0305924       0.0485688        0.135519      0.00896647       0.0108669
        16         1.33333        0.411529        0.229055        0.233929         0.19321       0.0548249       0.0534605        0.108439       0.0386064       0.0195821
        32         1.33333        0.281716         0.30371        0.213996       0.0920697       0.0523294        0.031091       0.0382608       0.0592789       0.0149762
        64         1.33333         0.33859        0.309114        0.249012        0.132766       0.0581633       0.0388547       0.0633169        0.071995       0.0176222
       128         1.33333        0.329631        0.226658        0.263372        0.128703       0.0366629       0.0453023       0.0627059       0.0485369      0.00981415
       256         1.33333        0.349132        0.264589        0.268959         0.14403       0.0459386       0.0472589       0.0728824       0.0629474       0.0138414
       512         1.33333        0.344229        0.266463        0.268343        0.139162       0.0458422       0.0477898       0.0698209       0.0614337       0.0133076
      1024         1.33333        0.323395        0.264595        0.259571        0.130926       0.0437822       0.0424851       0.0665184       0.0596971       0.0128269
      2048         1.33333        0.346192         0.25989         0.25794        0.143914       0.0431756       0.0438319       0.0749375        0.062771       0.0125251
      4096         1.33333        0.333751        0.272191        0.258348        0.134109       0.0450484       0.0425979       0.0675956       0.0623705       0.0126667
      8192         1.33333        0.332181        0.264563        0.267983        0.132169       0.0440421       0.0447832       0.0658987       0.0617065       0.0124026
     16384         1.33333        0.334308        0.265773         0.26661        0.134262       0.0440533        0.044185       0.0674713        0.064037       0.0125161
     32768         1.33333         0.33348         0.26574        0.265681        0.133488       0.0443534       0.0442792       0.0668804       0.0630149       0.0126593
     65536         1.33333        0.334955        0.265387        0.267659        0.134301       0.0443835       0.0449525       0.0672506       0.0633764       0.0126845

     Exact         1.33333        0.333333        0.266667        0.266667        0.133333       0.0444444       0.0444444       0.0666667       0.0634921       0.0126984

PYRAMID_MONTE_CARLO_PRB
  Normal end of execution.

15 April 2014 07:49:52 AM
