#  halton_02_00100.latin.txt
#  created at 10 November 2006 12:35:21 PM
#
#  Spatial dimension M = 2
#  Number of points N =  100
#  EPSILON (unit roundoff) = 2.22045e-16
#
#  The data was read from halton_02_00100.txt by DTABLE_DATA_READ.CC
#  The data was latinized by FSU_LATINIZE.C.
#  The data was written to halton_02_00100.latin.txt by DTABLE_DATA_WRITE.CC.
#
     0.005       0.005  
     0.505       0.345  
     0.255       0.675  
     0.755       0.125  
     0.135       0.455  
     0.635       0.785  
     0.385       0.235  
     0.885       0.565  
     0.075       0.895  
     0.575       0.045  
     0.325       0.385  
     0.825       0.715  
     0.195       0.165  
     0.695       0.495  
     0.445       0.825  
     0.945       0.275  
     0.045       0.605  
     0.545       0.935  
     0.295       0.085  
     0.795       0.425  
     0.165       0.755  
     0.665       0.205  
     0.415       0.535  
     0.915       0.865  
     0.105       0.315  
     0.605       0.645  
     0.355       0.975  
     0.855       0.025  
     0.225       0.365  
     0.725       0.695  
     0.475       0.145  
     0.975       0.475  
     0.025       0.805  
     0.525       0.255  
     0.275       0.585  
     0.775       0.915  
     0.155       0.065  
     0.655       0.405  
     0.405       0.735  
     0.905       0.185  
     0.095       0.515  
     0.595       0.845  
     0.345       0.295  
     0.845       0.625  
     0.215       0.955  
     0.715       0.105  
     0.465       0.435  
     0.965       0.765  
     0.065       0.215  
     0.565       0.545  
     0.315       0.875  
     0.815       0.325  
     0.185       0.655  
     0.685       0.985  
     0.435       0.035  
     0.935       0.375  
     0.125       0.705  
     0.625       0.155  
     0.375       0.485  
     0.875       0.815  
     0.245       0.265  
     0.745       0.595  
     0.495       0.925  
     0.995       0.075  
     0.015       0.415  
     0.515       0.745  
     0.265       0.195  
     0.765       0.525  
     0.145       0.855  
     0.645       0.305  
     0.395       0.635  
     0.895       0.965  
     0.085       0.115  
     0.585       0.445  
     0.335       0.775  
     0.835       0.225  
     0.205       0.555  
     0.705       0.885  
     0.455       0.335  
     0.955       0.665  
     0.055       0.995  
     0.555       0.015  
     0.305       0.355  
     0.805       0.685  
     0.175       0.135  
     0.675       0.465  
     0.425       0.795  
     0.925       0.245  
     0.115       0.575  
     0.615       0.905  
     0.365       0.055  
     0.865       0.395  
     0.235       0.725  
     0.735       0.175  
     0.485       0.505  
     0.985       0.835  
     0.035       0.285  
     0.535       0.615  
     0.285       0.945  
     0.785       0.095  
