                         2
         2.103533160284683
          2.07411659202569
         2.039395682450951
         2.025506526764496
         2.100778168407301
         2.134983560381452
         2.218076470276772
         2.289255477138084
         2.177862835739422
         2.059549384861766
          1.92574574460126
          1.96892472918884
          1.97146676908526
         1.893365155176934
         1.932177870658764
         1.932821866948531
         1.917126061696015
         1.939005921197332
         2.069269349339432
          2.08103125905258
          2.09991554087594
         2.071109378047963
         2.202340068623533
         2.208951069554524
         2.303851596752859
         2.245572516250389
         2.163594488747642
         2.275287545246282
          2.27094019391486
         2.313860691209841
         2.259594886127586
         2.237950887821594
         2.203280995297062
          2.21386997169693
         2.190927754087755
         2.174921067188069
         2.183749526550353
         2.067873315792847
         2.101690648647636
         2.182124828563333
         2.136580388831232
         2.187449936829524
         2.146488079060579
         2.195610456935568
         2.170328635013708
         2.061681969844925
         2.023227660659405
          2.14662132529957
         2.164972411085664
         2.129547757227166
         2.093306659714519
         1.954643346858574
         1.977580243772577
         1.853166262595856
          1.83805156172555
         1.878105283226232
         1.880499047542494
         1.854973419275564
         1.821229124368374
         1.843793242961657
         1.825876241917275
         1.818666713515986
          1.67039883198942
          1.66958022170047
         1.586203924381071
           1.6768218407192
         1.728984064707065
         1.665363836360618
         1.803051601214591
          1.81904260374625
         1.900707043746671
         1.975106863602941
         2.038820660939066
          2.09999293150875
         2.126191699208957
          2.23953249859581
         2.264175300476413
            2.202690379341
         2.217632692077102
         2.285939822611583
         2.277862798938291
         2.229659877552533
         2.282526329555203
         2.215259897121134
         2.234363048936005
         2.222426720856048
          2.29884343439605
         2.314002512982035
         2.292271521203907
         2.374200436270905
         2.358576920543301
          2.33112101395792
         2.383311040386354
         2.464264875168546
         2.508439999668285
          2.49862950617324
         2.443622383096722
         2.459383888695232
         2.403556119820978
         2.440829481513094
