  0  0  0  -0
  0.05  0  0  -0
  0.1  0  0  -0
  0.15  0  0  -0
  0.2  0  0  -0
  0.25  0  0  -0
  0.3  0  0  -0
  0.35  0  0  -0
  0.4  0  0  -0
  0.45  0  0  -0
  0.5  0  0  0
  0.55  0  0  0
  0.6  0  0  0
  0.65  0  0  0
  0.7  0  0  0
  0.75  0  0  0
  0.8  0  0  0
  0.85  0  0  0
  0.9  0  0  0
  0.95  0  0  0
  1  0  0  -0
  0  0.05  0  -0
  0.05  0.05  0.00233417  -0.00233417
  0.1  0.05  0.00832815  -0.00387925
  0.15  0.05  0.0165427  -0.00469551
  0.2  0.05  0.0256769  -0.00486807
  0.25  0.05  0.0346099  -0.00450129
  0.3  0.05  0.0424315  -0.00371274
  0.35  0.05  0.0484614  -0.00262693
  0.4  0.05  0.0522563  -0.00136913
  0.45  0.05  0.0536059  -5.94982e-05
  0.5  0.05  0.0525181  0.00119225
  0.55  0.05  0.0491943  0.00229143
  0.6  0.05  0.0439981  0.00316205
  0.65  0.05  0.0374168  0.00374946
  0.7  0.05  0.0300195  0.00402188
  0.75  0.05  0.0224135  0.00397069
  0.8  0.05  0.015201  0.00360974
  0.85  0.05  0.00893808  0.00297344
  0.9  0.05  0.00409863  0.00211394
  0.95  0.05  0.0010439  0.00109746
  1  0.05  0  -0
  0  0.1  0  -0
  0.05  0.1  0.00387925  -0.00832815
  0.1  0.1  0.0138409  -0.0138409
  0.15  0.1  0.027493  -0.0167532
  0.2  0.1  0.0426735  -0.0173689
  0.25  0.1  0.0575195  -0.0160603
  0.3  0.1  0.0705185  -0.0132468
  0.35  0.1  0.0805398  -0.00937271
  0.4  0.1  0.0868467  -0.00488496
  0.45  0.1  0.0890898  -0.000212285
  0.5  0.1  0.0872818  0.00425386
  0.55  0.1  0.0817579  0.00817565
  0.6  0.1  0.0731221  0.011282
  0.65  0.1  0.0621844  0.0133778
  0.7  0.1  0.0498905  0.0143498
  0.75  0.1  0.0372498  0.0141671
  0.8  0.1  0.0252631  0.0128793
  0.85  0.1  0.0148545  0.010609
  0.9  0.1  0.00681167  0.00754238
  0.95  0.1  0.00173489  0.00391566
  1  0.1  0  -0
  0  0.15  0  -0
  0.05  0.15  0.00469551  -0.0165427
  0.1  0.15  0.0167532  -0.027493
  0.15  0.15  0.033278  -0.033278
  0.2  0.15  0.0516527  -0.034501
  0.25  0.15  0.0696227  -0.0319016
  0.3  0.15  0.0853568  -0.026313
  0.35  0.15  0.0974868  -0.0186176
  0.4  0.15  0.105121  -0.0097033
  0.45  0.15  0.107836  -0.000421676
  0.5  0.15  0.105647  0.00844971
  0.55  0.15  0.0989612  0.0162398
  0.6  0.15  0.0885083  0.0224101
  0.65  0.15  0.075269  0.0265732
  0.7  0.15  0.0603883  0.0285038
  0.75  0.15  0.0450878  0.028141
  0.8  0.15  0.0305789  0.0255829
  0.85  0.15  0.0179802  0.0210734
  0.9  0.15  0.00824496  0.0149819
  0.95  0.15  0.00209994  0.00777793
  1  0.15  0  -0
  0  0.2  0  -0
  0.05  0.2  0.00486807  -0.0256769
  0.1  0.2  0.0173689  -0.0426735
  0.15  0.2  0.034501  -0.0516527
  0.2  0.2  0.053551  -0.053551
  0.25  0.2  0.0721813  -0.0495163
  0.3  0.2  0.0884937  -0.0408419
  0.35  0.2  0.101069  -0.0288975
  0.4  0.2  0.108984  -0.0150611
  0.45  0.2  0.111799  -0.000654508
  0.5  0.2  0.10953  0.0131153
  0.55  0.2  0.102598  0.0252068
  0.6  0.2  0.091761  0.034784
  0.65  0.2  0.0780352  0.0412458
  0.7  0.2  0.0626076  0.0442425
  0.75  0.2  0.0467448  0.0436794
  0.8  0.2  0.0317026  0.0397088
  0.85  0.2  0.018641  0.0327092
  0.9  0.2  0.00854796  0.0232543
  0.95  0.2  0.00217711  0.0120726
  1  0.2  0  -0
  0  0.25  0  -0
  0.05  0.25  0.00450129  -0.0346099
  0.1  0.25  0.0160603  -0.0575195
  0.15  0.25  0.0319016  -0.0696227
  0.2  0.25  0.0495163  -0.0721813
  0.25  0.25  0.0667429  -0.0667429
  0.3  0.25  0.0818263  -0.0550507
  0.35  0.25  0.0934545  -0.0389509
  0.4  0.25  0.100773  -0.0203008
  0.45  0.25  0.103376  -0.00088221
  0.5  0.25  0.101278  0.0176781
  0.55  0.25  0.094868  0.0339761
  0.6  0.25  0.0848474  0.0468853
  0.65  0.25  0.0721558  0.0555952
  0.7  0.25  0.0578906  0.0596344
  0.75  0.25  0.0432229  0.0588754
  0.8  0.25  0.0293141  0.0535234
  0.85  0.25  0.0172365  0.0440887
  0.9  0.25  0.00790393  0.0313444
  0.95  0.25  0.00201308  0.0162726
  1  0.25  0  -0
  0  0.3  0  -0
  0.05  0.3  0.00371274  -0.0424315
  0.1  0.3  0.0132468  -0.0705185
  0.15  0.3  0.026313  -0.0853568
  0.2  0.3  0.0408419  -0.0884937
  0.25  0.3  0.0550507  -0.0818263
  0.3  0.3  0.0674918  -0.0674918
  0.35  0.3  0.0770829  -0.0477534
  0.4  0.3  0.0831192  -0.0248886
  0.45  0.3  0.0852659  -0.00108158
  0.5  0.3  0.0835355  0.0216732
  0.55  0.3  0.0782487  0.0416545
  0.6  0.3  0.0699836  0.057481
  0.65  0.3  0.0595153  0.0681593
  0.7  0.3  0.0477491  0.0731113
  0.75  0.3  0.035651  0.0721808
  0.8  0.3  0.0241788  0.0656193
  0.85  0.3  0.014217  0.0540524
  0.9  0.3  0.0065193  0.038428
  0.95  0.3  0.00166043  0.0199501
  1  0.3  0  -0
  0  0.35  0  -0
  0.05  0.35  0.00262693  -0.0484614
  0.1  0.35  0.00937271  -0.0805398
  0.15  0.35  0.0186176  -0.0974868
  0.2  0.35  0.0288975  -0.101069
  0.25  0.35  0.0389509  -0.0934545
  0.3  0.35  0.0477534  -0.0770829
  0.35  0.35  0.0545396  -0.0545396
  0.4  0.35  0.0588105  -0.0284255
  0.45  0.35  0.0603294  -0.00123529
  0.5  0.35  0.0591051  0.0247531
  0.55  0.35  0.0553645  0.0475739
  0.6  0.35  0.0495166  0.0656495
  0.65  0.35  0.0421098  0.0778453
  0.7  0.35  0.0337846  0.083501
  0.75  0.35  0.0252247  0.0824383
  0.8  0.35  0.0171075  0.0749443
  0.85  0.35  0.0100591  0.0617337
  0.9  0.35  0.0046127  0.043889
  0.95  0.35  0.00117483  0.0227852
  1  0.35  0  -0
  0  0.4  0  -0
  0.05  0.4  0.00136913  -0.0522563
  0.1  0.4  0.00488496  -0.0868467
  0.15  0.4  0.0097033  -0.105121
  0.2  0.4  0.0150611  -0.108984
  0.25  0.4  0.0203008  -0.100773
  0.3  0.4  0.0248886  -0.0831192
  0.35  0.4  0.0284255  -0.0588105
  0.4  0.4  0.0306514  -0.0306514
  0.45  0.4  0.0314431  -0.00133202
  0.5  0.4  0.030805  0.0266915
  0.55  0.4  0.0288554  0.0512994
  0.6  0.4  0.0258075  0.0707904
  0.65  0.4  0.0219472  0.0839412
  0.7  0.4  0.0176082  0.0900398
  0.75  0.4  0.0131469  0.0888939
  0.8  0.4  0.00891628  0.0808131
  0.85  0.4  0.00524272  0.0665679
  0.9  0.4  0.00240409  0.0473258
  0.95  0.4  0.000612307  0.0245694
  1  0.4  0  -0
  0  0.45  0  -0
  0.05  0.45  5.94982e-05  -0.0536059
  0.1  0.45  0.000212285  -0.0890898
  0.15  0.45  0.000421676  -0.107836
  0.2  0.45  0.000654508  -0.111799
  0.25  0.45  0.00088221  -0.103376
  0.3  0.45  0.00108158  -0.0852659
  0.35  0.45  0.00123529  -0.0603294
  0.4  0.45  0.00133202  -0.0314431
  0.45  0.45  0.00136642  -0.00136642
  0.5  0.45  0.00133869  0.0273809
  0.55  0.45  0.00125397  0.0526243
  0.6  0.45  0.00112152  0.0726188
  0.65  0.45  0.000953758  0.0861092
  0.7  0.45  0.000765199  0.0923653
  0.75  0.45  0.000571322  0.0911898
  0.8  0.45  0.000387474  0.0829003
  0.85  0.45  0.000227833  0.0682872
  0.9  0.45  0.000104474  0.0485481
  0.95  0.45  2.6609e-05  0.025204
  1  0.45  0  -0
  0  0.5  -0  -0
  0.05  0.5  -0.00119225  -0.0525181
  0.1  0.5  -0.00425386  -0.0872818
  0.15  0.5  -0.00844971  -0.105647
  0.2  0.5  -0.0131153  -0.10953
  0.25  0.5  -0.0176781  -0.101278
  0.3  0.5  -0.0216732  -0.0835355
  0.35  0.5  -0.0247531  -0.0591051
  0.4  0.5  -0.0266915  -0.030805
  0.45  0.5  -0.0273809  -0.00133869
  0.5  0.5  -0.0268252  0.0268252
  0.55  0.5  -0.0251275  0.0515564
  0.6  0.5  -0.0224734  0.0711451
  0.65  0.5  -0.0191118  0.0843617
  0.7  0.5  -0.0153334  0.0904909
  0.75  0.5  -0.0114484  0.0893392
  0.8  0.5  -0.00776437  0.0812179
  0.85  0.5  -0.0045654  0.0669014
  0.9  0.5  -0.0020935  0.0475629
  0.95  0.5  -0.000533202  0.0246925
  1  0.5  -0  -0
  0  0.55  -0  -0
  0.05  0.55  -0.00229143  -0.0491943
  0.1  0.55  -0.00817565  -0.0817579
  0.15  0.55  -0.0162398  -0.0989612
  0.2  0.55  -0.0252068  -0.102598
  0.25  0.55  -0.0339761  -0.094868
  0.3  0.55  -0.0416545  -0.0782487
  0.35  0.55  -0.0475739  -0.0553645
  0.4  0.55  -0.0512994  -0.0288554
  0.45  0.55  -0.0526243  -0.00125397
  0.5  0.55  -0.0515564  0.0251275
  0.55  0.55  -0.0482935  0.0482935
  0.6  0.55  -0.0431924  0.0666424
  0.65  0.55  -0.0367316  0.0790226
  0.7  0.55  -0.0294698  0.0847639
  0.75  0.55  -0.0220031  0.0836851
  0.8  0.55  -0.0149226  0.0760778
  0.85  0.55  -0.00877441  0.0626673
  0.9  0.55  -0.00402357  0.0445527
  0.95  0.55  -0.00102478  0.0231298
  1  0.55  -0  -0
  0  0.6  -0  -0
  0.05  0.6  -0.00316205  -0.0439981
  0.1  0.6  -0.011282  -0.0731221
  0.15  0.6  -0.0224101  -0.0885083
  0.2  0.6  -0.034784  -0.091761
  0.25  0.6  -0.0468853  -0.0848474
  0.3  0.6  -0.057481  -0.0699836
  0.35  0.6  -0.0656495  -0.0495166
  0.4  0.6  -0.0707904  -0.0258075
  0.45  0.6  -0.0726188  -0.00112152
  0.5  0.6  -0.0711451  0.0224734
  0.55  0.6  -0.0666424  0.0431924
  0.6  0.6  -0.0596033  0.0596033
  0.65  0.6  -0.0506877  0.0706758
  0.7  0.6  -0.0406667  0.0758106
  0.75  0.6  -0.0303631  0.0748457
  0.8  0.6  -0.0205924  0.068042
  0.85  0.6  -0.0121082  0.0560481
  0.9  0.6  -0.00555232  0.0398468
  0.95  0.6  -0.00141414  0.0206867
  1  0.6  -0  -0
  0  0.65  -0  -0
  0.05  0.65  -0.00374946  -0.0374168
  0.1  0.65  -0.0133778  -0.0621844
  0.15  0.65  -0.0265732  -0.075269
  0.2  0.65  -0.0412458  -0.0780352
  0.25  0.65  -0.0555952  -0.0721558
  0.3  0.65  -0.0681593  -0.0595153
  0.35  0.65  -0.0778453  -0.0421098
  0.4  0.65  -0.0839412  -0.0219472
  0.45  0.65  -0.0861092  -0.000953758
  0.5  0.65  -0.0843617  0.0191118
  0.55  0.65  -0.0790226  0.0367316
  0.6  0.65  -0.0706758  0.0506877
  0.65  0.65  -0.060104  0.060104
  0.7  0.65  -0.0482214  0.0644707
  0.75  0.65  -0.0360036  0.0636502
  0.8  0.65  -0.0244179  0.0578642
  0.85  0.65  -0.0143576  0.0476643
  0.9  0.65  -0.00658378  0.0338864
  0.95  0.65  -0.00167685  0.0175923
  1  0.65  -0  -0
  0  0.7  -0  -0
  0.05  0.7  -0.00402188  -0.0300195
  0.1  0.7  -0.0143498  -0.0498905
  0.15  0.7  -0.0285038  -0.0603883
  0.2  0.7  -0.0442425  -0.0626076
  0.25  0.7  -0.0596344  -0.0578906
  0.3  0.7  -0.0731113  -0.0477491
  0.35  0.7  -0.083501  -0.0337846
  0.4  0.7  -0.0900398  -0.0176082
  0.45  0.7  -0.0923653  -0.000765199
  0.5  0.7  -0.0904909  0.0153334
  0.55  0.7  -0.0847639  0.0294698
  0.6  0.7  -0.0758106  0.0406667
  0.65  0.7  -0.0644707  0.0482214
  0.7  0.7  -0.0517248  0.0517248
  0.75  0.7  -0.0386194  0.0510665
  0.8  0.7  -0.0261919  0.0464244
  0.85  0.7  -0.0154007  0.038241
  0.9  0.7  -0.00706211  0.0271871
  0.95  0.7  -0.00179868  0.0141143
  1  0.7  -0  -0
  0  0.75  -0  -0
  0.05  0.75  -0.00397069  -0.0224135
  0.1  0.75  -0.0141671  -0.0372498
  0.15  0.75  -0.028141  -0.0450878
  0.2  0.75  -0.0436794  -0.0467448
  0.25  0.75  -0.0588754  -0.0432229
  0.3  0.75  -0.0721808  -0.035651
  0.35  0.75  -0.0824383  -0.0252247
  0.4  0.75  -0.0888939  -0.0131469
  0.45  0.75  -0.0911898  -0.000571322
  0.5  0.75  -0.0893392  0.0114484
  0.55  0.75  -0.0836851  0.0220031
  0.6  0.75  -0.0748457  0.0303631
  0.65  0.75  -0.0636502  0.0360036
  0.7  0.75  -0.0510665  0.0386194
  0.75  0.75  -0.0381279  0.0381279
  0.8  0.75  -0.0258586  0.0346619
  0.85  0.75  -0.0152047  0.028552
  0.9  0.75  -0.00697223  0.0202987
  0.95  0.75  -0.00177578  0.0105382
  1  0.75  -0  -0
  0  0.8  -0  -0
  0.05  0.8  -0.00360974  -0.015201
  0.1  0.8  -0.0128793  -0.0252631
  0.15  0.8  -0.0255829  -0.0305789
  0.2  0.8  -0.0397088  -0.0317026
  0.25  0.8  -0.0535234  -0.0293141
  0.3  0.8  -0.0656193  -0.0241788
  0.35  0.8  -0.0749443  -0.0171075
  0.4  0.8  -0.0808131  -0.00891628
  0.45  0.8  -0.0829003  -0.000387474
  0.5  0.8  -0.0812179  0.00776437
  0.55  0.8  -0.0760778  0.0149226
  0.6  0.8  -0.068042  0.0205924
  0.65  0.8  -0.0578642  0.0244179
  0.7  0.8  -0.0464244  0.0261919
  0.75  0.8  -0.0346619  0.0258586
  0.8  0.8  -0.0235079  0.0235079
  0.85  0.8  -0.0138225  0.0193641
  0.9  0.8  -0.00633843  0.0137667
  0.95  0.8  -0.00161436  0.00714707
  1  0.8  -0  -0
  0  0.85  -0  -0
  0.05  0.85  -0.00297344  -0.00893808
  0.1  0.85  -0.010609  -0.0148545
  0.15  0.85  -0.0210734  -0.0179802
  0.2  0.85  -0.0327092  -0.018641
  0.25  0.85  -0.0440887  -0.0172365
  0.3  0.85  -0.0540524  -0.014217
  0.35  0.85  -0.0617337  -0.0100591
  0.4  0.85  -0.0665679  -0.00524272
  0.45  0.85  -0.0682872  -0.000227833
  0.5  0.85  -0.0669014  0.0045654
  0.55  0.85  -0.0626673  0.00877441
  0.6  0.85  -0.0560481  0.0121082
  0.65  0.85  -0.0476643  0.0143576
  0.7  0.85  -0.038241  0.0154007
  0.75  0.85  -0.028552  0.0152047
  0.8  0.85  -0.0193641  0.0138225
  0.85  0.85  -0.011386  0.011386
  0.9  0.85  -0.00522114  0.00809476
  0.95  0.85  -0.00132979  0.00420244
  1  0.85  -0  -0
  0  0.9  -0  -0
  0.05  0.9  -0.00211394  -0.00409863
  0.1  0.9  -0.00754238  -0.00681167
  0.15  0.9  -0.0149819  -0.00824496
  0.2  0.9  -0.0232543  -0.00854796
  0.25  0.9  -0.0313444  -0.00790393
  0.3  0.9  -0.038428  -0.0065193
  0.35  0.9  -0.043889  -0.0046127
  0.4  0.9  -0.0473258  -0.00240409
  0.45  0.9  -0.0485481  -0.000104474
  0.5  0.9  -0.0475629  0.0020935
  0.55  0.9  -0.0445527  0.00402357
  0.6  0.9  -0.0398468  0.00555232
  0.65  0.9  -0.0338864  0.00658378
  0.7  0.9  -0.0271871  0.00706211
  0.75  0.9  -0.0202987  0.00697223
  0.8  0.9  -0.0137667  0.00633843
  0.85  0.9  -0.00809476  0.00522114
  0.9  0.9  -0.00371192  0.00371192
  0.95  0.9  -0.000945402  0.00192706
  1  0.9  -0  -0
  0  0.95  -0  -0
  0.05  0.95  -0.00109746  -0.0010439
  0.1  0.95  -0.00391566  -0.00173489
  0.15  0.95  -0.00777793  -0.00209994
  0.2  0.95  -0.0120726  -0.00217711
  0.25  0.95  -0.0162726  -0.00201308
  0.3  0.95  -0.0199501  -0.00166043
  0.35  0.95  -0.0227852  -0.00117483
  0.4  0.95  -0.0245694  -0.000612307
  0.45  0.95  -0.025204  -2.6609e-05
  0.5  0.95  -0.0246925  0.000533202
  0.55  0.95  -0.0231298  0.00102478
  0.6  0.95  -0.0206867  0.00141414
  0.65  0.95  -0.0175923  0.00167685
  0.7  0.95  -0.0141143  0.00179868
  0.75  0.95  -0.0105382  0.00177578
  0.8  0.95  -0.00714707  0.00161436
  0.85  0.95  -0.00420244  0.00132979
  0.9  0.95  -0.00192706  0.000945402
  0.95  0.95  -0.00049081  0.00049081
  1  0.95  -0  -0
  0  1  0  -0
  0.05  1  0  -0
  0.1  1  0  -0
  0.15  1  0  -0
  0.2  1  0  -0
  0.25  1  0  -0
  0.3  1  0  -0
  0.35  1  0  -0
  0.4  1  0  -0
  0.45  1  0  -0
  0.5  1  0  0
  0.55  1  0  0
  0.6  1  0  0
  0.65  1  0  0
  0.7  1  0  0
  0.75  1  0  0
  0.8  1  0  0
  0.85  1  0  0
  0.9  1  0  0
  0.95  1  0  0
  1  1  0  -0
