               0
       -0.205428
        -31.7871
        -26.8265
        -26.3111
         -26.322
        -26.0903
        -25.8051
         -25.701
        -18.0511
        -17.4544
        -23.4299
        -24.7886
        -25.9455
        -25.9204
        -25.8424
        -25.7018
        -25.5881
        -24.3518
         -22.328
        -23.3278
        -24.9487
        -25.5139
        -25.6412
        -25.7114
        -25.5646
        -25.2868
        -25.5604
        -24.4315
        -24.5517
        -25.0329
        -25.3645
        -25.6648
        -25.7377
        -25.5413
        -25.0944
        -25.9801
        -25.3121
        -25.1193
        -25.2482
        -25.5534
        -25.8585
        -25.9874
        -25.7946
        -25.1267
        -26.0123
        -25.5655
         -25.369
        -25.4419
        -25.7422
        -26.0738
         -26.555
        -26.6752
        -25.5463
        -25.8199
        -25.5421
        -25.3953
        -25.4655
        -25.5928
         -26.158
        -27.7789
        -28.7787
        -26.7549
        -25.5186
        -25.4049
        -25.2643
        -25.1863
        -25.1612
        -26.3181
        -27.6769
        -33.6523
        -33.0556
        -25.4057
        -25.3016
        -25.0164
        -24.7847
        -24.7956
        -24.2802
        -19.3196
        -50.9013
        -51.1067
