               0               0
            0.75    -2.73219e-17
               1     2.84928e-16
            0.75     8.32667e-17
     3.33067e-16     8.32667e-17
    -1.66533e-16               0
     3.33067e-16    -1.66533e-16
    -3.33067e-16     1.66533e-16
    -1.66533e-16     1.66533e-16
    -3.33067e-16    -1.66533e-16
    -1.66533e-16    -8.32667e-17
     8.32667e-17     1.66533e-16
     1.66533e-16       2.498e-16
    -4.16334e-16    -8.32667e-17
    -1.66533e-16      -2.498e-16
     8.32667e-17    -8.32667e-17
               0               0
               0               0
        0.685006       0.0733953
        0.900053        0.203188
        0.652512        0.389715
        0.195913        0.374095
       0.0474322        0.177964
       0.0153156        0.103151
      0.00820498       0.0865366
       0.0103157       0.0635672
      0.00854567       0.0482425
      0.00630345       0.0349284
      0.00510234       0.0231404
      0.00419808       0.0137188
      0.00307681      0.00652703
       0.0016838      0.00184239
     3.82502e-05     3.82502e-05
               0               0
               0     8.32667e-17
         0.53841       0.0965067
        0.723662        0.253067
         0.62515        0.394746
        0.344872        0.414004
        0.140925        0.290888
       0.0693089        0.207539
       0.0447428        0.169404
       0.0359374        0.127935
       0.0295509       0.0946964
       0.0241154       0.0693797
       0.0200567       0.0487535
       0.0163613        0.031025
       0.0119145       0.0172001
      0.00685039      0.00703626
      0.00184851      0.00171337
               0               0
    -1.35654e-16    -3.76662e-16
        0.386772       0.0782123
        0.548776         0.20672
        0.511635        0.335464
         0.36103         0.37486
        0.230168        0.321581
        0.151676        0.264853
        0.104106        0.219454
       0.0752826        0.175814
       0.0596796        0.134013
       0.0500493        0.101447
       0.0429691       0.0739071
       0.0360547       0.0490682
       0.0273869       0.0286066
       0.0172712       0.0127687
      0.00682792       0.0033308
               0               0
               0    -3.33067e-16
        0.285304       0.0505691
        0.420735        0.153837
        0.437027        0.256541
        0.360636        0.309699
        0.266133        0.309168
        0.198122        0.280775
        0.148964        0.240835
        0.114895         0.20179
       0.0949418        0.162496
       0.0821575        0.127784
       0.0721244       0.0964823
       0.0615947       0.0662471
       0.0484971       0.0398804
       0.0323062       0.0186384
       0.0150427      0.00495708
               0               0
     1.54938e-16    -1.27204e-16
        0.202392       0.0334722
        0.324171         0.10852
        0.359828         0.19592
        0.331741        0.251303
        0.275884        0.273964
        0.220913        0.268364
        0.178568        0.243658
        0.148169        0.215333
         0.12941        0.182418
        0.116982        0.148972
        0.105728        0.115798
       0.0925597       0.0820043
       0.0751122       0.0506172
       0.0525405       0.0241976
       0.0261866       0.0065392
               0               0
               0               0
        0.148341       0.0240609
        0.247994       0.0805956
        0.294383        0.149814
        0.292368        0.202489
        0.264309        0.234177
        0.228446        0.244554
        0.197244        0.236087
        0.174471        0.219942
        0.159514        0.196188
        0.149897         0.16676
        0.140466        0.133498
        0.126983       0.0973279
        0.106806         0.06175
       0.0772868       0.0302714
       0.0405351      0.00832397
               0               0
    -1.53564e-16     2.51749e-16
        0.110334       0.0174536
        0.191598       0.0602723
        0.235607        0.116494
         0.24717         0.16488
         0.23805        0.200664
         0.22007        0.220887
        0.203223        0.225832
         0.19091        0.220721
        0.183586        0.206249
        0.179589        0.182939
        0.174986        0.151828
         0.16454        0.114546
        0.143473       0.0749225
        0.108035       0.0373336
       0.0585279       0.0104489
               0               0
               0     1.66533e-16
       0.0810788       0.0135567
        0.144937       0.0471977
        0.186648       0.0921423
        0.204916         0.13598
         0.20842        0.173178
        0.203835        0.200213
        0.198354        0.215685
        0.196459        0.220912
        0.198354        0.215685
        0.203835        0.200213
         0.20842        0.173178
        0.204916         0.13598
        0.186648       0.0921423
        0.144937       0.0471977
       0.0810788       0.0135567
               0               0
    -1.11719e-15       8.595e-17
       0.0585279       0.0104489
        0.108035       0.0373336
        0.143473       0.0749225
         0.16454        0.114546
        0.174986        0.151828
        0.179589        0.182939
        0.183586        0.206249
         0.19091        0.220721
        0.203223        0.225832
         0.22007        0.220887
         0.23805        0.200664
         0.24717         0.16488
        0.235607        0.116494
        0.191598       0.0602723
        0.110334       0.0174536
               0               0
               0     1.66533e-16
       0.0405351      0.00832397
       0.0772868       0.0302714
        0.106806         0.06175
        0.126983       0.0973279
        0.140466        0.133498
        0.149897         0.16676
        0.159514        0.196188
        0.174471        0.219942
        0.197244        0.236087
        0.228446        0.244554
        0.264309        0.234177
        0.292368        0.202489
        0.294383        0.149814
        0.247994       0.0805956
        0.148341       0.0240609
               0               0
     6.23935e-19    -3.49243e-17
       0.0261866       0.0065392
       0.0525405       0.0241976
       0.0751122       0.0506172
       0.0925597       0.0820043
        0.105728        0.115798
        0.116982        0.148972
         0.12941        0.182418
        0.148169        0.215333
        0.178568        0.243658
        0.220913        0.268364
        0.275884        0.273964
        0.331741        0.251303
        0.359828         0.19592
        0.324171         0.10852
        0.202392       0.0334722
               0               0
               0    -1.66533e-16
       0.0150427      0.00495708
       0.0323062       0.0186384
       0.0484971       0.0398804
       0.0615947       0.0662471
       0.0721244       0.0964823
       0.0821575        0.127784
       0.0949418        0.162496
        0.114895         0.20179
        0.148964        0.240835
        0.198122        0.280775
        0.266133        0.309168
        0.360636        0.309699
        0.437027        0.256541
        0.420735        0.153837
        0.285304       0.0505691
               0               0
    -1.20585e-16     2.78718e-17
      0.00682792       0.0033308
       0.0172712       0.0127687
       0.0273869       0.0286066
       0.0360547       0.0490682
       0.0429691       0.0739071
       0.0500493        0.101447
       0.0596796        0.134013
       0.0752826        0.175814
        0.104106        0.219454
        0.151676        0.264853
        0.230168        0.321581
         0.36103         0.37486
        0.511635        0.335464
        0.548776         0.20672
        0.386772       0.0782123
               0               0
               0    -1.66533e-16
      0.00184851      0.00171337
      0.00685039      0.00703626
       0.0119145       0.0172001
       0.0163613        0.031025
       0.0200567       0.0487535
       0.0241154       0.0693797
       0.0295509       0.0946964
       0.0359374        0.127935
       0.0447428        0.169404
       0.0693089        0.207539
        0.140925        0.290888
        0.344872        0.414004
         0.62515        0.394746
        0.723662        0.253067
         0.53841       0.0965067
               0               0
               0               0
     3.82502e-05     3.82502e-05
       0.0016838      0.00184239
      0.00307681      0.00652703
      0.00419808       0.0137188
      0.00510234       0.0231404
      0.00630345       0.0349284
      0.00854567       0.0482425
       0.0103157       0.0635672
      0.00820498       0.0865366
       0.0153156        0.103151
       0.0474322        0.177964
        0.195913        0.374095
        0.652512        0.389715
        0.900053        0.203188
        0.685006       0.0733953
               0               0
               0               0
               0               0
               0               0
               0               0
               0               0
               0               0
               0               0
               0               0
               0               0
               0               0
               0               0
               0               0
               0               0
            0.75               0
               1               0
            0.75               0
               0               0
