16 December 2011 05:08:20 PM

ASA226_PRB:
  C++ version
  Test the ASA226 library.

TEST01:
  BETANC computes the noncentral incomplete Beta function.
  Compare to tabulated values.

      A        B     LAMBDA        X          FX                        FX2
                                              (Tabulated)               (BETANC)            DIFF

        5        5       54       0.864                 0.4563021        0.4563025441030493   4.441e-07
        5        5      140         0.9                 0.1041337        0.1041334343327464   2.657e-07
        5        5      170       0.956                 0.6022353        0.6022420838845295   6.784e-06
       10       10       54      0.8686                  0.918777        0.9187790482804147   2.048e-06
       10       10      140         0.9                 0.6008106        0.6008070514457213   3.549e-06
       10       10      250         0.9                  0.090285       0.09011751239610681   0.0001675
       20       20       54      0.8787                 0.9998655        0.9998675895701117    2.09e-06
       20       20      140         0.9                 0.9925997        0.9925974154727998   2.285e-06
       20       20      250       0.922        0.9641111999999999        0.9549381863773231    0.009173
       10       20      150       0.868              0.9376626573        0.9376634304539349   7.732e-07
       10       10      120         0.9              0.7306817858        0.7306823166748063   5.309e-07
       15        5       80        0.88              0.1604256918        0.1604256589238378   3.288e-08
       20       10      110        0.85              0.1867485313        0.1867485040405365   2.726e-08
       20       30       65        0.66        0.6559386874000001        0.6559387502319699   6.283e-08
       20       50      130        0.72              0.9796881486        0.9796890618507936   9.133e-07
       30       20       80        0.72              0.1162386423        0.1162385835091246   5.879e-08
       30       40      130         0.8              0.9930430054        0.9930444435470001   1.438e-06
       10        5       20       0.644              0.0506899273       0.05068987981355273   4.749e-08
       10       10       54         0.7              0.1030959706        0.1030959109779997   5.962e-08
       10       30       80        0.78        0.9978417832000001        0.9978446309229052   2.848e-06
       15       20      120        0.76              0.2555552369        0.2555551880567131   4.884e-08
       10        5       55       0.795              0.0668307064       0.06683067475368119   3.165e-08
       12       17       64        0.56              0.0113601067       0.01136007046691207   3.623e-08
       30       30      140         0.8              0.7813366615        0.7813369852072899   3.237e-07
       35       30       20        0.67              0.8867126477        0.8867125569354448   9.076e-08

ASA226_PRB:
  Normal end of execution.

16 December 2011 05:08:20 PM
