           5           0           1          20          21          22
           6           5           1          23          22          24
           6          10           5          25          26          23
          11          10           6          27          25          28
          15          10          11          29          27          30
          15          11          16          30          31          32
           6           1           2          24          33          34
           7           6           2          35          34          36
           7          11           6          37          28          35
          12          11           7          38          37          39
          16          11          12          31          38          40
          16          12          17          40          41          42
           7           2           3          36          43          44
           8           7           3          45          44          46
           8          12           7          47          39          45
          13          12           8          48          47          49
          17          12          13          41          48          50
          17          13          18          50          51          52
           8           3           4          46          53          54
           9           8           4          55          54          56
           9          13           8          57          49          55
          14          13           9          58          57          59
          18          13          14          51          58          60
          18          14          19          60          61          62
