         2.679040256736491         1.181140417319982
        0.4339401876697423         1.599681262593318
          2.21293421737931         2.926711505836283
         2.269380628984426         3.817861228275893
       -0.6660866728319681        -1.230669184747217
        -1.242464038261558         3.274459061969017
         1.039674918514834       -0.3395426468179434
         1.673068195848308         2.013466417615326
        0.7248726492867816         2.649415603733092
         3.164004788036971         2.321468331568024
          1.29778522741511         1.196748150352987
         3.044535582848294         2.167276332609357
         2.398818531028254        0.5149498814764539
       -0.2429851101764848         4.900347031371648
        0.9329163384684864         3.075228059382769
         0.205603963995534         1.438533888722906
        0.4762315303990857         2.271036601000358
        0.6494327866999645         1.570872103828199
         1.131699757540452        -1.153641333132642
         1.537379871211495         4.162581046509745
        0.2935835902769111         3.352723087426098
        0.3665534012089106          3.30060072478703
        0.6106160144137274       -0.9708401564798197
        0.3690649382347713         5.412200219199862
         1.280416291851108         1.041715085624542
        0.4245104309571389        -1.962770822654412
         1.385541756975677         -1.75729906395422
         0.723680241997031         3.238841480124566
         1.039125062199489         1.205171946971383
        0.3847083160504662         2.705139732654015
        0.6711669908147329         1.765806712246673
        -1.838041272247315         1.965925428795216
       -0.7109512613017903         5.201785266020233
          2.01779166271401       -0.1702810401381605
         3.644564785221954         2.504012774372918
         2.460520815169969         4.211052911252368
          2.05496760873769         3.701015082348645
         1.409948867976002         4.992677412205239
         1.361448292722193        0.4047192016657235
          1.22202530237025         3.745732202199797
        0.8786797921816225        0.7593561448545585
          1.77779387533104        0.2671907178427866
          1.28288221669022         1.684969877030411
         2.123547516063387         2.373694171222199
        0.6821513941115553         4.021734331026372
         0.776590499935424         1.318197619105455
         1.734714685468988         3.922739418348034
         1.588916930480651         1.767982451694435
        0.2546379202995626          2.36542491485792
        0.2312830153671324         2.882686328864767
         1.548248085746976        0.3298480715757506
        0.5975306185736005        -1.327009562468326
        0.5378757617517926          2.94002184223369
        0.1800409113633642         3.334057145412232
          2.16268661117803       0.04644335798168453
         1.632571988417346         1.339663343730578
        0.4885198818209563         5.345871780685076
         1.281929768707479        -1.545878312866002
         2.082563231956877        0.1809560757828912
          1.83468266392992         1.521965663108977
          1.67428466822666         2.157736353371779
         3.132330348657102         1.800379639546408
        0.6980186796926457        0.2194075397853268
        0.9140965895612426         1.885580979292544
         -1.29430426781569        0.3677376250824418
         -1.14459719692347        -1.039083697171785
        0.9920363392486045        0.6223062847202026
          1.81194149602158         3.599082645086338
          2.14050290332574       -0.3841899931853985
         1.379812813682258        -2.334460511192373
         2.528673648881425      -0.03448926858424528
         1.712977771948343         3.670439086765221
        0.5529314550096839          2.27764264295423
          1.13508378195167         3.736877150105287
        0.3246136585926969        0.5928341922836016
         3.331459883740656         2.053791356909371
        0.1784542823746718         2.867795078586839
       0.05327876983732782         2.314093560926651
         1.046432429177618       -0.8478920912772159
        0.4024449929514354         2.713139579786299
        0.2136404327038498         1.202588782237325
        0.3819242365227378       -0.4461847229461289
         1.596031391027235         1.352810079625298
        -0.662889402521764       0.02789860528529253
         1.726750389358354        0.3593749907033499
         1.496614918723175         2.495244123579829
       -0.1733724285628011         3.269925649758635
         0.158201975739538         3.139924525646927
         1.175853182596385       0.09574081769779896
         0.604569798448709         3.890306286729276
       0.03525502519260149          1.34109955128063
         2.118072826270683       -0.4611734545793769
        0.3703065991839087         3.620298079552864
       0.06324697911963006         3.084254828821126
          1.61746529501569         3.028675680364154
        0.9047969529615021         1.059292190752686
        -1.244788166543505         2.193528300582828
         1.891265918156708        0.5201106258890744
         1.477768801428533         3.593725767597407
        0.8470751970238561         3.483986232745694
         2.592169278319537         3.272823488271277
        0.9392093629448617         3.519342881493403
        0.4282781482452932          2.37661764122366
         2.415488405325852         2.511930719216527
         1.823703642047317         2.864701896098075
         2.145939299529951         2.137431505788824
        0.6724510545218125         2.429260802736148
        0.9082546003045745         1.104533304820668
         2.227066460143603         1.550164245985501
         2.551912125290719       -0.8355380750919483
        0.5486555866192941          3.27712327617469
         1.572645129604299         6.348640683994072
        0.5782268613288477         2.207718734537578
        0.9381350774674494         4.112695991497088
       -0.4173220936881326         3.074406331508075
         0.876699599081216         2.358963096092856
      -0.06912770948609825        0.3499800038443011
        0.1251074203690058         3.686938659068557
         2.131673180277538         3.048459694252303
         1.523728611481229         2.395994640315311
         4.328581156036087          2.30307059007484
        0.1368396285340172        0.5552762482400482
        0.7447059629888821          3.69866443936273
          1.15303060991153         1.477633623665587
         2.525639210258238         2.659295184916643
         -1.59302992577309         1.708823611832208
        0.2937929512446346          2.91741591584447
      -0.01786677418439919       -0.8668147671454385
         1.109892208278628         4.246262573120587
        0.3055803873661451        0.8440532593628338
         1.192576270054387       -0.7367714403697319
         1.406351111728962        0.5969741863427669
        0.9030423710026378         2.229209428375047
         1.835308208531654         5.037702083732997
        0.3258145021148982         2.447159743477894
         1.123036916461639       -0.8219524735545005
        0.5729545514290408         1.461575306745187
        0.3148175082875779        0.8295715499668908
         1.534305921524243          1.48948884002106
        0.2326944361180537        0.7463257207391301
         2.395929024849428         2.373544773800665
        -1.482908319560053         3.996946201605191
         0.351228758018084         3.139042238146884
        0.1251110897057174        0.6089372701608793
       -0.3154049636849354         5.493630432809868
         2.101674981174568         1.627886812753846
        0.3828857930211663         2.100679307509573
        0.3259817506620269          4.48209131371382
          1.74644786494966          2.12165374586346
          1.26438083541149         2.235786553951382
        0.8629197796655965         1.371104256377549
        0.5436069076896783         3.468098575034315
         1.207790023438564          2.12820812931712
       -0.3633633245360031         1.883975528445762
         1.575250630323069         1.574646305826848
        0.4824227013617216          3.10566579107212
         1.517594178097082         5.292993666913839
        0.2428356425153843         2.080997038264598
        0.1756714123626631         3.445858541764127
         1.239491439932015         3.094256458456211
        0.7030599571410091        0.0618100265370547
        0.8537127092575906         4.241881225900508
         1.682565748536385         1.913929530303243
        0.3936938608341497         3.396904231642733
         3.135601080304038         1.228111033204032
         1.180663069790723         3.417003803292846
      -0.01233888784554504         3.665160357515367
         1.824057206727144         1.406521118550305
        0.7142111537190693         2.387156496980626
        -1.757484867513665         1.333721591607587
         2.362793975014716        0.4506445140576081
          2.61617869300839         2.254671384595589
         1.795007355170769         1.403223193741245
         3.155630555621081        0.7334609922099846
       -0.7494087015121185         1.175232060526411
         2.395766178244833         2.138615548321194
         2.228707133311716         4.229605329543819
      -0.04919942992011883        -1.075945625944989
         1.205263913735545         1.049854873807503
        -1.736368352243395        0.1985583963337703
         1.444513355979098          5.67351407153432
       -0.1272441802191113       -0.9686189553928735
         1.974888849094197         5.551284818340985
         1.657317372705016        0.3787069393039679
          1.50698258483455         2.161415470765891
         1.729035509976174       -0.4875724566528459
        0.8121682662714929        0.6119638692001712
         2.222712059059918         1.052100412141533
         2.465910970790769        0.8425935688120449
         0.789044484575988         2.571489770896843
        0.4965867819269334         4.197232935005374
         2.618718259462574         2.329443692385988
        0.9267501736244901          1.11916104461798
         1.998084830784855         1.684056959849395
        0.1114427397267388        0.5254805680679269
         2.766297564877177        0.2401277793453807
        0.7567278114921838        0.4010459979736087
         1.382659632010296         6.823677702753042
         1.028824892726172           4.0489333503369
        0.2817859157816506        0.7017168635420987
         2.109203548064049         1.311006931198834
         0.723447812605637         1.480762040399331
       -0.9106160357555337         3.072414488412059
        0.4445017436148722       -0.8337870477940199
         1.348579500183515         3.308037825803647
        -1.747714498230223         3.631045714268812
         2.472616940840906         2.563613339183296
         1.801280715343552         1.969561527767789
       -0.3973273523255201         2.747515024543326
          2.77282305635866         1.238585707699757
         1.162838821108729        0.9508602784602622
         1.397432756367623        0.8847116390511995
        0.8606439775895726         4.232627985487197
        0.5058145408583443         2.681073683853032
         1.139048958490623         3.532244780787055
        0.3092015529581387         1.241746297333673
         2.135784327008946        0.8993918918359827
        0.8571602993615924         3.828139638561557
        0.7606369100722467         3.801990331094188
         1.925570952944554         1.853175556449006
         0.707839326206428        0.6186603892721141
        0.7809893220837183         2.480478278187206
        0.4091383205554752      -0.06625435894051135
      -0.02835384005303254         5.077934339460354
        0.4310521956819811         -2.97063509040343
        0.9164287780882731          3.37718880080607
        0.7656289652039319         1.176882944446669
         1.010229775642837         3.546310336698614
        -1.103095590276697          2.71284953378639
       0.01441717479815885         1.297569514489682
        0.1614427222704607         1.686307501222309
        0.9767054435227381      -0.08250040994887131
           2.2177343141348         1.227873308476422
       0.03784973723751517       -0.1130684708071694
        0.8217627064003417         2.272697216161044
         3.034846720383308         1.891288899903235
         1.819136733717158        0.6133453378308682
        0.8557591520829448        0.7429156930728724
       -0.2049083181880365         2.319539477497798
        0.5493031861448148         -1.68740251078219
         1.743533874987149       -0.8038325844305243
        0.8999054984887809         2.048519327154515
         1.572135539424587          3.55748686030489
        0.9212329297778097         1.830220100560722
         1.602422233135912        0.5069490011806672
        0.5502524716675103         1.307542177674596
       -0.4000583651913023         3.497025286439404
        -1.158745669959142         2.946171434131551
         1.201685143054438         3.928200540118028
        0.3865766889941681       -0.3132295509960361
        0.7534661938059209         3.928077942244868
         1.757230252718363          1.95294282444256
         2.364441853745693        -1.240781051478972
       0.08940705930863568         2.257919657475085
         1.006780265105676         2.766927190151376
        0.8082916357174618        0.8675922002068661
          1.53151543152006         4.573712518159843
         1.176096107517481         1.149227625635084
         1.475586425345647         6.247456521100852
         2.046436470880561         3.760817929201683
        0.1894873788175584       -0.7539902734321182
         2.573984726229649           1.0121518479873
       -0.2735013700323525       -0.9400790122390323
         2.017807957816091         1.126539384397379
        0.5074201119762938        0.1274915891060986
        0.5411407540699041        0.6046723846955495
         1.661318764413819       -0.5007414421879868
       -0.6072445126634327         0.388717536665462
         1.110341369099161         1.878445964434905
         1.362818884598973          3.31537960573152
        0.2330692500627298         3.267791579240567
       -0.9698901592638267         5.325275900116656
        -1.339108357135464         3.891332728436673
        0.3081535484940316       -0.8463581398883333
       -0.1220836174585918        0.4548739831527291
       -0.7010670674133366         2.200887532535117
         2.066755534450543         3.442839212656408
         1.659261864762051       0.03409663827403686
        0.8922809415652074          3.06302918138189
          1.67257118461265         3.681829781768411
       -0.4652231995335081          1.85665767150957
        0.8424688921729958          4.25153043320781
          1.17798176396668         4.535885191513348
        0.4059922920402002        -1.134858565843304
         1.141253490500741         2.271398542308205
         1.523213747793633       -0.3173604002258057
       -0.2752821391083149         1.215550475417985
         1.249525921859847         4.640417876893338
        0.2959140837793413          1.60087352153428
         1.908006122469524         1.026795733319708
         1.337721878892105        0.7913739516644611
          1.24778831189358         2.063207915208956
         2.920481317165985         2.915007514840751
       -0.5333029534065161         5.335357712100492
        0.6750108722966937         3.994842048713512
       -0.2085538048271267         1.104286553269626
        0.1149702586824651         6.220806289772123
         1.387146685868963        0.4059394586423686
       -0.2583910281050315         3.082923069580586
         2.130718536170235         5.934285908977966
       -0.1632898259473126         4.022962997230884
         2.212902019726138         0.134947879540305
        0.7041742623054069         1.820781390640817
        0.2223921850344641        0.6144792222143436
       -0.6368857932751657         2.969832395095867
        0.5027696325604473         2.391806743475039
      -0.05949412845220126         3.284046958144008
       -0.3707012350793988         1.409724077420405
       -0.2292598856185468        0.6372748772529151
       -0.2945720559193965           1.9915448780461
         0.272308079126612        0.7300810127483552
         2.046968297354406          3.28722363477493
      -0.07522793666505057       -0.3514386153626483
        0.4911354466205189       0.05037185911582842
          1.95600165857572         2.992431142280906
        0.4452595228106704           4.5093444072172
         1.370145567435374         2.298365940554799
         2.938009009716666         1.097953534908294
         1.304734693837667        0.8496349163226216
        0.7043138687386592         2.522915383893796
         1.559390260680103         1.298460873865582
       0.06615792781819085         2.065967397783921
         1.418947755428901         4.016117921423159
         1.901992158592132         1.273271762097231
       -0.4168243699892671         2.435491877064029
        0.1824152005106738         1.599436310263297
         1.366389323548166         2.630594339957195
        0.2742190901669781         3.995392055772908
          1.78920227003278         3.328869380666448
         3.038736262142087         3.068369513414602
        0.5155457946655118         1.759395262692014
         1.591965708779874        0.1300504617694618
         1.502522005276582         2.512425492131047
         2.237562885800954         3.636134362270472
         0.723501669685902         1.502379846486904
        0.9960768053676592         0.312283060485947
         1.192939744303163         4.071233383077313
         1.062941982808655         2.962426487229273
        0.1429246100617697         6.227227487641683
         3.025151648844382         1.728927777651012
        0.7573216208128003         3.423817875643698
        0.4303034239902205         3.401651489063204
         2.113199864309472         1.792290823307098
         0.842445828816297         2.496186021951922
        0.7235958239703741         3.155359453979053
        0.7556592583864821        0.1368582519404757
         1.606194546588681         2.600558528574521
        0.3134262756779478         1.931344365087373
        0.3168580527350319         1.513581886666868
        0.8836876011652857         0.862760146597723
         1.470687927897556         4.719187228034811
         0.162156763407425         3.082050887649906
        0.1829463969361125         1.458701425832067
         1.298966787012015         3.320833207988219
         2.052971670234542        0.1352240356427379
         2.241322442525515         1.157685271429268
         1.348488307055781         4.985895849829409
       -0.3431264005727837      -0.02304546911433558
         2.899984041863849         3.109010653563965
         2.219923994907794         1.634322125500108
         1.847161244347578         2.900926054816812
        0.7967823406213117         2.575171599295803
         1.791085104594056         2.024676493037509
        0.7919281159228433        -1.248931971466373
         0.265443372294644         2.431664118629687
         2.069287894223671         1.604819634969418
         1.823732578626278         1.445727926683977
        0.8670847104161176         3.027705162236383
         1.325032381590559       -0.9327492377096807
          1.85100983829212        0.8467837335499537
          3.06923092510206         1.952894817399114
        0.4674487902953429          1.60233458587837
         2.302093657216165        0.5431985892085063
         1.177143984669286         1.170767728481449
        0.1221943522927813       -0.6816443218945629
          1.93256695738056         1.260679101098879
         1.217741878670126        0.8898909810110665
        0.3239397992791587       -0.4962738016624351
        0.9155115243970806         1.959501719666315
         1.856058561812397         1.950098773881752
        -2.029754326797863         2.082137118817357
         1.099998244811456          3.64024565498549
         2.479558582714193         1.941939585247124
        0.6376384261547406         4.236431477795875
         1.958448515724552         1.531531990793204
       -0.4911288406514489         2.973494103368327
         2.140987013436443        0.1861506761244531
         1.744576885848704         2.860851168298495
         2.294120057152313         2.430044160056202
       -0.6674735521983854        -1.301172198122608
         1.704688174399429        0.7941585703090255
        0.6602163816178535         4.453238320608575
        0.2668863368344155        0.5974979856411551
         1.510418427801344        -1.544032564513414
         2.527059059853456        0.1034640539258873
       -0.5845939782232348        -2.605326603536722
        0.6792037800032081          3.56974800118087
         1.733867974336193         2.066070036919013
        0.7092919358943459         1.464478321479765
        0.4195340214754499         2.930892460021662
         1.705323511986163        0.3638744290941109
         1.417177220113765         1.398545517460982
        0.5254278871023403        -1.343747857628581
         1.040825384296765       -0.1307255986787319
        0.8546009552501472         1.943827809359251
         1.909415626993507         3.167195379158614
        0.8278516520307782         1.039069791624347
         2.085490070621769         3.177346072579965
       0.06148381969375794        0.9020805515274306
         1.758366108368638         0.386937310122321
         2.473989358413416         1.154767256023628
         1.656320365263895         2.307135459713284
        0.7731246974661303         2.880542341544164
         2.061485787248706         1.438962216795546
         1.321709746655263        0.8105237196781017
       -0.8910100679001616         0.583470614078865
         2.338206505955755         1.386973816730468
        0.3987825699526156       -0.2082159089113715
         1.804611047492186         0.707648397305896
        0.6431104027433761         1.872778597182843
        0.4618238940316041     -0.005822659948732323
         2.029837844937964         1.812301340764896
         1.598184462060119        0.4340483354247093
         1.235440181800032         3.198494455102199
         1.955019752393146        0.6322660748429314
         1.440197355659868         2.296549138437108
       -0.1217712835788525        -0.218450134907946
       -0.7655331095786673         1.353019291751267
       -0.7404819866280477         2.555372716440442
      0.003720458511992986       -0.7599719838299301
         1.677641334939331        0.7322551770709833
       -0.9328819356631637         1.502287716590756
         1.267632545158474       -0.7306389012347947
       -0.7481991562096106         4.857094478353076
        -0.587477873018712         1.466775528954306
         1.276221429731683         1.279166180201467
         1.942987233521255         2.166205330919253
         1.637570352708499         4.590486415747068
        0.5377404268412895         1.439941893836138
      0.002679274030768175       -0.3613181497589055
         1.466522958006091         2.767880185393018
        0.6203508328727622         3.235954382367986
         1.383394282943612         3.492274173897322
         1.073711627417778         3.152230850650913
          0.31468537559745        0.5667503559235614
         1.568152375336723        -2.566226412573694
       -0.1615233317832361         5.941995396434368
         3.553251031266967         2.590689576563907
         2.426008948513051      -0.01964238570493837
        0.6144907450540731        0.1036278887684581
         1.279665858648813         3.501450926389046
        0.7643514899607671         1.941730153876492
        0.4396157755219553         2.509126814427519
        0.6399814405977224       -0.6844128489955987
        0.1934815920213396         1.723133093093723
        0.7962095831831151         2.815540574842657
         2.409870402129714         1.875724261998605
        0.8789579343360111          2.19550557881644
        0.9767718933697493         2.365112938128097
       -0.1942005821775221        0.3898650315240535
        0.4455567622767059         2.383510044697097
         2.618047893852042        0.2791060404804502
        0.7326853178312867         1.926523496680225
         1.828488721850047          3.50231339952333
         2.211700585447711         4.433963727294161
         2.282542133205072         3.155448922583796
         1.123787814723222         2.412138238137401
        0.9120718245887255         3.770326673183668
       -0.4297709534650662         3.042656578769741
        0.9056841831439152         3.932160186138084
         2.305644406809521         1.091670936842787
       -0.4405366300238516         2.136476503005976
         2.031266959626158        0.1518731118319128
      -0.07958993887297683         2.178706336934437
         1.396826241796818        0.4925414508225139
         1.765454330664082         3.346190860220375
         1.434828523835714       -0.6511976839454561
        0.3808300862360109        0.7206565134365985
        -0.920440791221959        0.5279052140195393
           3.4170780581264         5.391684519783556
         2.451324905437648         2.237292467164655
        0.4671027497191258          1.10153676465785
        0.4068904716908566       -0.3419599140867828
       -0.1291119985416127          1.53663326079359
         1.376672457554242         1.056395166244121
         2.312262232619078         2.520629807565195
        0.7725662108760878         4.571715502506253
       -0.1294168464088676        0.2909488659733186
          2.45168083031419        0.7818933877572392
         2.641649946108709          2.41552278727388
         2.633626952535232         3.826496058691499
         2.545969379948352         2.135233219275733
         1.000912289689494         2.364334934227933
          2.50752650956531         4.147104827892237
        0.4663134952720627         1.622811215749041
         1.607595668683566         2.042184477197578
        0.1354027551583457       -0.9236470666186261
         3.545248630701049          3.52524410938384
        0.9865857951964933          1.66050227535614
         1.519666542270565       0.08003973516984919
        0.6037920467760214         2.500294339753723
         1.849666934206027         3.575622168312346
         2.758541949122125       -0.2397515586717942
        0.9168244872711097         2.424113881317492
        0.3758810263702195         3.139625465723019
         3.652529684035411         2.134041411766544
         3.412035099942457         4.460730961175003
         1.570683631161426         1.948247285450544
       -0.5758370427756128       -0.8253927429883547
      -0.04145751858715796         2.043546873463787
        0.6462338072708812          2.11043090158756
        0.3859886481194533          3.62034177520845
          2.18871607792597         3.137217347736041
         1.223608006788265         2.868353503592465
         2.100236145275722         2.495888404992244
         1.277989253554215         2.120278478652655
         1.550236266990171         2.632881042539709
         3.371287055852857         3.601067696753577
      -0.06293368808455502         4.124227187840068
         1.338391891675747          2.34939531633131
         1.008484978636921          1.39373818132065
       -0.4179534306958641        -1.019564981952894
        0.2309436539531943         2.210279996922398
         1.164826075173255        0.5262736561874493
       -0.8062687929260468         4.165314192059878
        0.1233589460057889         5.721998192664693
        0.4453757841639462         2.164085149479967
          1.23857734275641         2.150274523948635
        0.8621239799746512         2.083989789049092
         1.539113640816992         2.026863894317554
        0.6380369949119942         1.872258379098158
         2.315662127126239       -0.3553312549470604
         1.039726359442778         2.551302630783425
         1.338146664309026        0.3840400621202187
         1.619771567557809         4.253194634943183
       -0.2468793817681583          1.79612865895101
       -0.5617318703508711         1.201192894801951
       0.09908099565443207         1.162391637130387
         2.643886403665163         1.895501951910356
        0.7010906258466052          2.74231779669018
         1.011822533728668         3.157171424589602
         0.593792977873735         4.170964260770324
        0.7842676384415997          5.93936324420261
        0.4456854811397382         3.038936308588746
       -0.6457768907323596        0.6414309248025512
        0.5845440100197508         5.191148651193116
         1.029510228588367         7.245569500262579
        0.2012582112512812         1.412429455384563
         1.638208046668804         2.089265456609748
          1.17709402559236         3.895823934237813
        0.1689571428869657         2.504311561427065
        -1.292536422304374         2.836207577129838
         2.545392969146036         2.114008574320347
        0.9577512429391315         1.065774351765516
         1.753207974360246        -1.090600821254612
        0.4114118734587778         3.123281891621857
       -0.1441625766354813       -0.9245187479416814
       -0.5034971022687285        0.1976416104398806
        0.7876280765069128         2.533710090986672
         1.169192641569304         1.379018409675929
          1.82629874980948         2.360612133100563
         2.587022888643584         1.071369914137152
          0.45175517871136        0.3009604060765423
          1.16755917312493         2.125787348420021
        0.9512859003403499         2.256991451537186
       -0.3194537017295391         3.289067452157465
          1.08115682338569         3.322805207356922
         1.602653149558072         3.535382495946485
         1.837696823932824         1.189039300037171
         1.689823737123474         2.944735750212694
         1.889568038313809         2.568296762646657
        0.7151161491331329          5.06144694304998
         1.959276402884051         4.583055304097952
        0.3043466635501014         1.489285103446088
         1.440596120183075         1.683579724250972
         0.288313543373894         3.215450796304519
       -0.0857342130255192         3.139022560006186
        0.9728566510298576         3.265640896859178
       -0.6178852017769372       -0.8900002963701938
      0.001027106724482363         1.799838070119901
          1.32384961109005        0.2553484423721495
       -0.2377858026059565         3.347165029479957
         1.602614344110619         1.715068559216688
          2.80899798222063        0.8113823539301293
         2.706329318562649       0.06043774334264529
         1.544214984743043        0.1716981952896584
         1.004822710187817        0.1599019654583755
       -0.3639971265762547         2.159802090500378
         1.328897375022774         2.841871041955504
         2.164191403118839         1.200907485702475
         1.537181530215156         1.052211793314803
          2.05821379622191         3.470734904038947
         0.388812923515198         1.666526560991159
         1.480006365711087         1.233176603822722
       -0.4386463967518965       -0.3677756389869122
       -0.1823933645245592       -0.9469841722320105
         1.319401764154319         3.285695145807899
         0.400921650815082         1.659000393189965
         1.161358712855517         3.049118179337268
         1.375784570515488         4.478409849798942
         1.707376761632819         1.944103652994352
        0.3644404870704905        -2.092159874394238
        0.2181620667172854         4.245158537689174
       -0.1166417737773542         2.301713311925992
        0.7234172315185776         3.821300364548788
         1.687759382529092         2.568633993669797
       0.05079298997531745      -0.08541528212950356
         1.803795009839996         3.672813273300878
         3.190398672335836         1.113513073036948
        0.8543999672295841         2.034578425351769
        -1.713109554949398        -1.522052666212759
        0.6727085405818247         1.862712843111104
         3.280959093841248         1.350594447092974
         2.662067790277756        0.9009071326657461
         2.253152153366694         2.600774488491044
        0.9745897472107395         4.681798478255205
         1.676771856081646         3.121243575556286
        0.9568178469536981       -0.1907250116919808
        0.7300303425674396         1.857177140479091
        0.4537602942487017         3.986445226235092
         1.719209108769421         2.491824996786558
         1.552822920156527          2.27319677269027
        0.2406372053175476        0.2425630667695635
        0.3471138452486644         2.974893836669989
        0.5619419438051283         4.380452002122201
       -0.6040433199476769         4.296716605683418
         1.532534468688243        0.8297930681886088
        0.4718685422835091         1.272420160134013
         1.430013388769447         2.732754303231591
        -1.234366384160784        0.5949033895650639
        -1.158989994668097          2.15752313479849
        0.6353556433948637         1.436596060403196
         1.040744808615348         2.676088503045427
          1.42509700663042        0.2297302803750327
        0.7365594628709933         3.749290817129865
         1.588496575143205       -0.5760610751269204
          1.40912802861199        -1.604155289766178
         0.826259663387608        0.1431044318681618
        0.5521935604122539         3.913978450485804
        0.3400358326814321         3.179508062684206
        0.4123414206353458         3.099894268928689
        0.9487761342942249        -2.199680286534822
        0.3175344836363208         1.413967083090459
         1.423852872749473        0.5785986893886779
        0.8330696486798533         3.971392883232509
         1.950765558105327       -0.1897279952423139
        0.7557725501221966         -2.08870741789395
         1.123802387522448         4.068542954573695
          2.26857611888358         2.122848145254837
       -0.3179478342765227         1.460935195168525
        0.6806029463124008          2.98169401223179
         2.286514800176361         1.964013244417218
         1.656330197233153         1.882120854869632
       0.03104247050719422         2.320888288328756
         2.861366275765249         2.905387042879692
        0.2311126685218993       -0.2034873989380537
         1.391357504153919        -1.967931780372308
         1.262996754838094         1.097287720579113
         2.078878036855824         3.776491202560637
         2.448075987641267        0.5344224422301618
         1.665405395555676        0.1748493460198131
        0.4663384985530207         2.310178974516698
       -0.2445888923718027          1.80014420500452
         1.532346996523764         1.232604062102559
         2.492458982486453         2.540566568264414
        0.2616843612575013         3.887692456925863
         0.766619975296005       -0.1151114925229808
         1.684342521821936        -1.301956105416517
         1.770710635928449        -1.086358401573284
       -0.6935696854078948         1.146359004148979
        0.4512819562544136        -3.031318062719313
         1.468159056997798         2.581141724723303
         1.349739131838341         4.400886013068166
         1.821913594316393          2.79732076014438
         1.854872065570608         1.512066593026418
        0.1792473713740615         3.447543092717084
      -0.07858470370200976         3.282685204232219
         0.270986483951747         5.876186455278855
       -0.1651251519079613         4.929581526456937
        0.5087001436596204         4.638293309493479
          1.65941910041951       -0.2756096579735612
         1.062766912194972        0.1076188137499066
        0.2759402208520424         1.636980169661161
        0.1544113277183118       -0.7754852953304008
        0.1668163326256189        0.2723237767862223
         1.540149268093343         2.726294894884876
          1.61333021243859         1.523374650095517
         1.337301062548255          2.69303767519062
       -0.7440097801511025         2.380405331687103
       0.09122549719442496        0.2862419453735359
        0.9032610367480041          2.33675803489276
         1.734591078208797         1.557738958354894
         2.883380508405834         2.585816462637333
         2.242911898676989        0.3959582800382233
         2.732896525458301       -0.2505462089219672
         3.827199932020718        -1.307165461106256
         3.119651782734696         2.695496437221895
        0.5183067352589509         2.803741094915287
        0.7399315892643721        0.1586148215157615
         1.391689304718691         3.931222376016092
        0.4062737564325289         5.643831385300251
         1.506559216628947         3.742156518984446
        0.6384449661804341         2.996018585259762
         2.839538270923988         3.459629269379356
          1.84286113396256         5.485678389224196
        0.8079509294674352         3.080723034311402
         2.049029445542677         3.190773599281885
         1.635631911857856         2.170915990526538
        0.8352117047387828         2.232692190398791
         1.032501461928105         1.307497744058984
        0.3687521965590147        -0.811066559527045
          1.03890623125139         7.073245945425712
        0.5942937288634473         4.924752009498482
         1.425664675985451        0.0142922843659623
         1.732792671730734         4.733340290218335
         1.461251220775605          1.84813556206631
         1.750735096735158         3.488378724747128
        0.9584724563712738         1.883638744550408
        0.3075801353885268        -0.512326499532096
        0.7195729309402173         1.355966624584104
        0.3408887415407456         1.969759334647017
       -0.4232502433307634         2.624141925177184
       -0.8192490002830974         1.551950380180144
       -0.4919382354310213         1.546477596715059
        0.5966627527768266         4.904108914072236
         2.476197344240948        0.3970503922829391
         -1.16466065001181         2.159529957114524
        0.4773828186173704         2.939877667730673
        -0.420642027449782         2.378278457139226
       0.07208208115434001        0.6142618820499801
        0.6262888292982447         2.942311134885654
         1.749529717498801         1.910123928083761
         2.651284514250286         4.245640295114697
         2.183624219412833          2.16781881420123
         1.728419618320585        0.3185419164621184
       -0.6961845897987082          3.79680987388018
      -0.01440249767801016       -0.4413815869800541
        0.1169390092652481         2.753310763971542
         1.250736657025703       -0.5134688800103375
         1.301385275789052         2.506268652018363
        0.6190346466249497         1.715802927856883
        -0.391584781210635         2.630310206049445
       -0.4729085399122528         2.707101457205283
       -0.4169268846104301        0.4898049600478531
         2.490912016273552        -1.022279374111671
         1.018146657945897         3.800747199568407
       -0.6666157192934443         4.828827106173248
         0.242255209210459         1.302565097918034
        -1.354835349890979         1.787287877982499
        0.6563830134002557         1.336802205208267
        0.6502170911522622         2.738114527440721
        0.6708710708116765        -1.036969061519276
         1.281605454885275         1.476302524032567
         1.273878222490151         5.605680312139061
        0.4707753955328999          1.56036493945019
         1.703763964730839         2.572776841845229
         2.011651001387729         6.633870422278316
         1.208099576711789        0.6511285829911237
         1.137621206232678         3.414571732092568
         2.695196264721444         3.023179167182444
         1.344640571083724         2.111678914067234
        0.4007043042941121         2.928830516086502
         1.269371925568161         1.807085302619577
         1.781220102457187         4.582707643182134
         1.439070184988581         1.374098327534243
         1.056605099244595          2.17955690488419
         1.131559543462122          1.07321836861101
        -0.333005088064664       -0.5424998367138594
          3.05913781560723         1.466837074963574
         3.223669719877245        0.7277880554356915
        0.5567591303915018         3.521014168748396
       -0.6950204208833941         4.392314384189722
         1.109776643255314        0.1518911977925372
         2.006367092450215         3.123916551533958
        0.6291728859581511         2.101218041587511
       -0.2822147744182455         1.257983492583183
        -1.464035776394367          0.34173267104991
        0.4524867289418393         1.433309211030346
       -0.4714253367632675         2.871299641111096
        0.4986841424799973         4.425024697868746
         2.172809462326192         2.451321686005242
        0.3982752608048288         2.465965385516807
        0.5345722051263071         2.336702913233339
        0.7643221451372795         5.186527097577898
         2.023793983726944         2.572151859408496
        0.7684831188120196          2.83627022923038
         1.676747412937796          2.51504188579683
       -0.2585354063575047          1.28408017275061
       -0.3102394179401624           3.2539561498146
       -0.3647712361028106       0.02879778872427075
         0.259934230437902         2.263787819059798
         1.791156997855292         3.050391622658517
         2.384156314701182         1.916280126114863
        0.7334397725715912        0.3943290835955038
       -0.5370078851325459         2.066158649675498
         1.447830691121836         6.354087891958757
        0.8360526848177002         5.247899351735345
         0.317171311506861         6.531694564597073
        0.6789722647065274        0.4158536647300868
       -0.1923173256562514        0.2160079863016937
         1.328615240876562         4.511278088918427
        0.8344998582181812         3.855594390011264
         1.625665507043966         1.173989599083388
        0.5607582291904745         2.406717952202444
         2.613577392951457         2.302309264052733
       -0.4978198543219734         3.522819957249387
         1.898683114782773         2.168759783582716
         1.118980957791419         1.153014848256505
        0.6984571441412508         3.422350731517366
        -0.681533729718752       -0.3932976599467075
         1.048391424424508         4.189944738554024
        0.2198414451071863         3.830268642476897
         1.441001413735055         2.025177615302187
        0.5177563971035428        -1.339297752811812
        0.5375382380452871        0.4953559429319623
        0.5050880480807592        0.7771822975382852
        0.6341566217888515         3.011358562326419
         1.078374327855721         2.683535188006709
        0.7733655958971439         4.507689376299377
        0.8528739702397469         5.718062139326639
        0.6566705755361522         2.999825570413059
         1.451407542419558         7.064428596460805
         3.156878534773115         4.925955201974446
       -0.2328759048663402         3.784755872478942
       -0.3716468812669984        0.3954426840463821
        0.7575236467056878         4.176134110996015
         1.689153687368935         1.281929276614834
         0.497722002281227         4.446773131662439
        0.6362648521688072         3.785642632592957
        -1.250964436561639       -0.1093989836856357
       -0.2291109825799154         5.111174357654766
         1.131379757814832         2.550392565889559
         2.009161601945203         5.586966405342542
        0.8784318963286746         2.958149478478084
       -0.1199140266478829         3.375799543691059
         2.341860972795971        0.6071410163863373
          1.38820671717908         1.116054262731123
         1.307585753365986           3.2322584484485
        0.3586163332703848       -0.9328036690294064
        0.2279514185942737         2.612459003717876
        0.7441540614251437         3.563924782779334
        0.2709754334966636         4.256840329581596
        0.5734263544170157       -0.7857704141480699
         0.717156500406809         3.153691882761007
        0.5680556612455325         1.687954461383075
        0.6806701854005015         3.969668100810381
         0.732039139075273          6.66791580265505
        0.6717836792476143         2.847892491191621
        0.5495851728163008        0.5648969854446255
        -0.219180115562309        0.5640597018535674
        0.5510636509704425         2.245124029404749
       0.08803218058001561         2.453424801228533
         1.089406239868591        0.7168659543443683
        0.0674547982399768         3.141851920371942
        0.4426506953147811         3.965240062341754
         2.940441116365307         3.478193378152861
        0.9281445314673801         4.482230704147371
        0.3126547981140138          1.49123518615198
         1.622303409763604         1.465726473694999
         3.210615027494097      -0.05758751426751596
        0.9524840480621953         2.303489856220769
         1.651364861963435        -1.579452717047328
         1.115825798357806         1.775399289246473
         1.520104065300041         4.148026841354768
         1.814479628126446         3.346403576390425
        0.7311258268811865      -0.02346769210402222
         2.404744821325242       -0.3251561348625804
          1.64552006778573         1.602841665946694
          3.93479632615534         1.100300722390227
        0.4476237690374814         4.111254225501185
         1.502156860286407         1.851806511478654
          0.89672547403017         3.822747688610564
         1.278312697251866         4.239047073369473
        0.1204423140293178         3.281455231967559
        0.7598619901678678         1.009627313225852
          1.61059521496373         3.068397450620449
         2.193100128302422         2.309497417952195
         1.391739755960354         3.420121585784401
         1.983573089337709        0.8272593016419958
       -0.1942486628363771         3.629599047108369
        0.8947756432275059        0.2970055953407957
         1.811980873814306         5.777807105728615
          1.84759153580684         3.587308786922862
        0.1931812399720174         4.714262929764497
         0.916147103950034          3.83702650743745
        0.8455312896144851        0.8514282043069343
        0.4304028525931742         -1.83879260156402
         2.392724198710503         1.408204265263064
        0.5768824841082076         3.970193577792771
          1.14665102349631         4.571261422289438
       -0.1365092753993813         3.514223605478005
         1.344465890089438        0.2609252012088514
         1.315182735223823       -0.6756587516136769
         1.393437699015964        0.4556022028021285
         1.446421993285659          2.83894190520089
        0.9442898609134669          2.97711846172247
       -0.7271473807336888       -0.9885178405262822
        0.7539080608429586          6.41049930437547
         2.064348064630785        0.8864552720875654
        0.8251630756090957         4.025445539899925
         1.190575960775621         3.306087672952577
         2.009997157186863         2.403384910823662
         0.680606644197441         5.006013086660148
         1.528945582502721         0.427418095237668
       -0.2039443995219188        0.3564600833138458
        0.6987887962890871         2.203207414379181
         1.207239803956442         1.874704758656351
         1.850559258537563         2.551001089432198
         1.317162034915493         4.388261574305226
         1.061498024872468         1.817942408533687
         2.565934975880297         2.473445122326924
       -0.2714203737924941        0.2396640386337512
         1.133110770464619       -0.5268065628105263
         1.671894539554646        0.8691964388283626
         2.108747669849651         1.782089246792605
        0.3982202534556255         2.711282232120275
         0.233225685191315         2.589886550547069
         1.352481971461655       -0.2046572596315896
         1.301627692393811         2.687463098463291
        0.8024073247540149      -0.03189891663441013
        0.5293080270864547         1.879956455507831
         1.750353092908211         3.342316517093561
       0.04598385968086749         5.633955069202207
         2.518997076113342         1.794467245785873
      -0.01995915722799801        0.7514332005191997
         2.179865412991279       -0.1648518171125515
       -0.4824351421129187         5.069160490627782
         2.009704563715328       -0.2285623716634131
       -0.2030066279439857         5.493383659715544
       -0.4256796505334706         2.296732469633252
         1.763495437605299        0.8490436047153278
       -0.4240113753343531        0.5603606726659141
         1.737027354562516         1.870844121946814
       -0.5544638496695566          2.52978944005718
        0.9667452621122917         3.180292567432682
       -0.8301061660859685         2.336068977108064
         1.056091606447368         1.504125126758401
         1.595538442537634         1.309594070860631
         2.393840480735559         3.703713281837809
         0.470118737197925         1.683979455085467
        0.4439784193248825        0.3498617608821288
       -0.8482100721938401        0.3919449332503839
         1.357445252173274        0.6743683051974496
         1.050919587679528         1.857908836983895
       -0.5824847251564629         3.860654119156671
          2.33887745153551         3.852080205679587
        0.2330086885166089         1.248677368198716
         2.495787611806791         2.709534550456311
       -0.9567270432964896          4.69068310247415
        0.6022304909572561         3.654997146895112
         1.309458898933806         2.443674936945024
          2.10307357811624         1.686213233145598
      -0.04009701017017564         1.620656877341807
         1.159653173223555        0.4123129006803576
        0.2597456559524216         3.535774271308284
         1.428605378590926         3.813719913415541
          1.74475442150594        0.5623306515496296
       -0.2549496769113877         1.153588513463604
        0.9595095860753706        0.8065800721221603
         2.671456697341096         2.460649789757184
         2.956472474307135         3.819186777187146
         0.918282382135441         1.145287364418695
         1.318518404628374            4.741222102419
         2.171539570111967         2.169932087476451
         1.508238644007727        0.1241658588939523
          1.37009982650219         1.851589616618428
         1.914991775268803         3.595188850358891
         1.788001923783298          3.08062821690419
         2.205955125546641        0.7129518123037764
        0.7091460032210966         1.104103385867018
         2.151068275744193         6.092902205889248
        0.7322677079876345         4.851671925696288
         0.709311689455242         1.960515009933266
         1.242706449599459         2.906333918841304
         3.001494725870853       -0.2451574136336303
        0.3487610974299424         1.032756051408191
         2.010414070791981         2.556656775902378
         1.738084641707768         2.267312216041618
        0.7658802169557084          4.38071252944553
         1.884824275096422        -2.151325331098412
         2.010207462046148         4.332016629267482
        0.5691463717687614         2.064870733716355
         1.899437433177884         3.033341961774874
        0.7097705013370912        0.3856575502136115
         1.739519033592068         1.978246589679977
          1.53202939585517        0.4311347652367052
        0.6348438310609323         1.216424195227892
         1.503182823219323         3.021378478466218
       -0.8412546513293402         2.483576328815514
         1.179464445421507         1.645578340964777
         2.076558470069839       -0.8382554658518044
        0.2923167229418039          5.75404108506694
         1.078223120344926          1.48161988210298
         2.901323027621363      -0.03269906532181421
        0.9648031747267233         3.266335519662212
        0.2980250690610702       0.08398999252288908
          1.72675262952548         1.256370785266018
         1.877957196704125          2.20357536557104
         1.189620115355742         2.077481306526731
         0.399637484443236         1.042782493119126
