  0  4
  0.036  4
  0.072  4
  0.108  4
  0.144  4
  0.18  4
  0.216  4
  0.252  4
  0.288  4
  0.324  4
  0.36  4
  0.396  4
  0.432  4
  0.468  4
  0.504  5
  0.54  5
  0.576  5
  0.612  5
  0.648  5
  0.684  5
  0.72  5
  0.756  5
  0.792  5
  0.828  5
  0.864  5
  0.9  5
  0.936  5
  0.972  5
  1.008  5
  1.044  5
  1.08  5
  1.116  5
  1.152  5
  1.188  5
  1.224  5
  1.26  5
  1.296  5
  1.332  5
  1.368  5
  1.404  5
  1.44  5
  1.476  5
  1.512  6
  1.548  6
  1.584  6
  1.62  6
  1.656  6
  1.692  6
  1.728  6
  1.764  6
  1.8  6
  1.836  6
  1.872  6
  1.908  6
  1.944  6
  1.98  6
  2.016  6
  2.052  6
  2.088  6
  2.124  6
  2.16  6
  2.196  6
  2.232  6
  2.268  6
  2.304  6
  2.34  6
  2.376  6
  2.412  6
  2.448  6
  2.484  6
  2.52  6
  2.556  6
  2.592  6
  2.628  6
  2.664  6
  2.7  6
  2.736  6
  2.772  6
  2.808  6
  2.844  6
  2.88  6
  2.916  6
  2.952  6
  2.988  6
  3.024  6
  3.06  6
  3.096  6
  3.132  6
  3.168  6
  3.204  6
  3.24  6
  3.276  6
  3.312  6
  3.348  6
  3.384  6
  3.42  6
  3.456  6
  3.492  6
  3.528  6
  3.564  6
  3.6  6
  3.636  6
  3.672  6
  3.708  6
  3.744  6
  3.78  6
  3.816  6
  3.852  6
  3.888  6
  3.924  6
  3.96  6
  3.996  6
  4.032  6
  4.068  6
  4.104  6
  4.14  6
  4.176  6
  4.212  6
  4.248  6
  4.284  6
  4.32  6
  4.356  6
  4.392  6
  4.428  6
  4.464  6
  4.5  6
  4.536  5
  4.572  5
  4.608  5
  4.644  5
  4.68  5
  4.716  5
  4.752  5
  4.788  5
  4.824  5
  4.86  5
  4.896  5
  4.932  5
  4.968  5
  5.004  5
  5.04  5
  5.076  5
  5.112  5
  5.148  5
  5.184  5
  5.22  5
  5.256  5
  5.292  5
  5.328  5
  5.364  5
  5.4  5
  5.436  5
  5.472  5
  5.508  3
  5.544  3
  5.58  3
  5.616  3
  5.652  3
  5.688  3
  5.724  3
  5.76  3
  5.796  3
  5.832  3
  5.868  3
  5.904  3
  5.94  3
  5.976  3
  6.012  3
  6.048  3
  6.084  3
  6.12  3
  6.156  3
  6.192  3
  6.228  3
  6.264  3
  6.3  3
  6.336  3
  6.372  3
  6.408  3
  6.444  3
  6.48  3
  6.516  1
  6.552  1
  6.588  1
  6.624  1
  6.66  1
  6.696  1
  6.732  1
  6.768  1
  6.804  1
  6.84  1
  6.876  1
  6.912  1
  6.948  1
  6.984  1
  7.02  1
  7.056  1
  7.092  1
  7.128  1
  7.164  1
  7.2  1
  7.236  1
  7.272  1
  7.308  1
  7.344  1
  7.38  1
  7.416  1
  7.452  1
  7.488  1
  7.524  1
  7.56  1
  7.596  1
  7.632  1
  7.668  1
  7.704  1
  7.74  1
  7.776  1
  7.812  1
  7.848  1
  7.884  1
  7.92  1
  7.956  1
  7.992  1
  8.028  1
  8.064  1
  8.1  1
  8.136  1
  8.172  1
  8.208  1
  8.244  1
  8.28  1
  8.316  1
  8.352  1
  8.388  1
  8.424  1
  8.46  1
  8.496  1
  8.532  1
  8.568  1
  8.604  1
  8.64  1
  8.676  1
  8.712  1
  8.748  1
  8.784  1
  8.82  1
  8.856  1
  8.892  1
  8.928  1
  8.964  1
  9  1
  9.036  1
  9.072  1
  9.108  1
  9.144  1
  9.18  1
  9.216  1
  9.252  1
  9.288  1
  9.324  1
  9.36  1
  9.396  1
  9.432  1
  9.468  1
  9.504  3
  9.54  3
  9.576  3
  9.612  3
  9.648  3
  9.684  3
  9.72  3
  9.756  3
  9.792  3
  9.828  3
  9.864  3
  9.9  3
  9.936  3
  9.972  3
  10.008  3
  10.044  3
  10.08  3
  10.116  3
  10.152  3
  10.188  3
  10.224  3
  10.26  3
  10.296  3
  10.332  3
  10.368  3
  10.404  3
  10.44  3
  10.476  3
  10.512  4
  10.548  4
  10.584  4
  10.62  4
  10.656  4
  10.692  4
  10.728  4
  10.764  4
  10.8  4
  10.836  4
  10.872  4
  10.908  4
  10.944  4
  10.98  4
  11.016  4
  11.052  4
  11.088  4
  11.124  4
  11.16  4
  11.196  4
  11.232  4
  11.268  4
  11.304  4
  11.34  4
  11.376  4
  11.412  4
  11.448  4
  11.484  4
  11.52  4
  11.556  4
  11.592  4
  11.628  4
  11.664  4
  11.7  4
  11.736  4
  11.772  4
  11.808  4
  11.844  4
  11.88  4
  11.916  4
  11.952  4
  11.988  4
  12.024  4
  12.06  4
  12.096  4
  12.132  4
  12.168  4
  12.204  4
  12.24  4
  12.276  4
  12.312  4
  12.348  4
  12.384  4
  12.42  4
  12.456  4
  12.492  4
  12.528  3
  12.564  3
  12.6  3
  12.636  3
  12.672  3
  12.708  3
  12.744  3
  12.78  3
  12.816  3
  12.852  3
  12.888  3
  12.924  3
  12.96  3
  12.996  3
  13.032  3
  13.068  3
  13.104  3
  13.14  3
  13.176  3
  13.212  3
  13.248  3
  13.284  3
  13.32  3
  13.356  3
  13.392  3
  13.428  3
  13.464  3
  13.5  3
  13.536  3
  13.572  3
  13.608  3
  13.644  3
  13.68  3
  13.716  3
  13.752  3
  13.788  3
  13.824  3
  13.86  3
  13.896  3
  13.932  3
  13.968  3
  14.004  3
  14.04  3
  14.076  3
  14.112  3
  14.148  3
  14.184  3
  14.22  3
  14.256  3
  14.292  3
  14.328  3
  14.364  3
  14.4  3
  14.436  3
  14.472  3
  14.508  4
  14.544  4
  14.58  4
  14.616  4
  14.652  4
  14.688  4
  14.724  4
  14.76  4
  14.796  4
  14.832  4
  14.868  4
  14.904  4
  14.94  4
  14.976  4
  15.012  4
  15.048  4
  15.084  4
  15.12  4
  15.156  4
  15.192  4
  15.228  4
  15.264  4
  15.3  4
  15.336  4
  15.372  4
  15.408  4
  15.444  4
  15.48  4
  15.516  4
  15.552  4
  15.588  4
  15.624  4
  15.66  4
  15.696  4
  15.732  4
  15.768  4
  15.804  4
  15.84  4
  15.876  4
  15.912  4
  15.948  4
  15.984  4
  16.02  4
  16.056  4
  16.092  4
  16.128  4
  16.164  4
  16.2  4
  16.236  4
  16.272  4
  16.308  4
  16.344  4
  16.38  4
  16.416  4
  16.452  4
  16.488  4
  16.524  3
  16.56  3
  16.596  3
  16.632  3
  16.668  3
  16.704  3
  16.74  3
  16.776  3
  16.812  3
  16.848  3
  16.884  3
  16.92  3
  16.956  3
  16.992  3
  17.028  3
  17.064  3
  17.1  3
  17.136  3
  17.172  3
  17.208  3
  17.244  3
  17.28  3
  17.316  3
  17.352  3
  17.388  3
  17.424  3
  17.46  3
  17.496  3
  17.532  0
  17.568  0
  17.604  0
  17.64  0
  17.676  0
  17.712  0
  17.748  0
  17.784  0
  17.82  0
  17.856  0
  17.892  0
  17.928  0
  17.964  0
  18  0
