  0  0
  0.002  0
  0.004  0
  0.006  0
  0.008  0
  0.01  0
  0.012  0
  0.014  0
  0.016  0
  0.018  0
  0.02  0
  0.022  0
  0.024  0
  0.026  0
  0.028  0
  0.03  0
  0.032  0
  0.034  0
  0.036  0
  0.038  0
  0.04  0
  0.042  0
  0.044  0
  0.046  0
  0.048  0
  0.05  0
  0.052  0.9
  0.054  0.9
  0.056  0.9
  0.058  0.9
  0.06  0.9
  0.062  0.9
  0.064  0.9
  0.066  0.9
  0.068  0.9
  0.07  0.9
  0.072  0.9
  0.074  0.9
  0.076  0.9
  0.078  0.9
  0.08  0.9
  0.082  0.9
  0.084  0.9
  0.086  0.9
  0.088  0.9
  0.09  0.9
  0.092  0.9
  0.094  0.9
  0.096  0.9
  0.098  0.9
  0.1  0.9
  0.102  0.9
  0.104  0.9
  0.106  0.9
  0.108  0.9
  0.11  0.9
  0.112  0.9
  0.114  0.9
  0.116  0.9
  0.118  0.9
  0.12  0.9
  0.122  0.9
  0.124  0.9
  0.126  0.9
  0.128  0.9
  0.13  0.9
  0.132  0.9
  0.134  0.9
  0.136  0.9
  0.138  0.9
  0.14  0.9
  0.142  0.9
  0.144  0.9
  0.146  0.9
  0.148  0.9
  0.15  0.9
  0.152  0.95
  0.154  0.95
  0.156  0.95
  0.158  0.95
  0.16  0.95
  0.162  0.95
  0.164  0.95
  0.166  0.95
  0.168  0.95
  0.17  0.95
  0.172  0.95
  0.174  0.95
  0.176  0.95
  0.178  0.95
  0.18  0.95
  0.182  0.95
  0.184  0.95
  0.186  0.95
  0.188  0.95
  0.19  0.95
  0.192  0.95
  0.194  0.95
  0.196  0.95
  0.198  0.95
  0.2  0.95
  0.202  0.95
  0.204  0.95
  0.206  0.95
  0.208  0.95
  0.21  0.95
  0.212  0.95
  0.214  0.95
  0.216  0.95
  0.218  0.95
  0.22  0.95
  0.222  0.95
  0.224  0.95
  0.226  0.95
  0.228  0.95
  0.23  0.95
  0.232  0.95
  0.234  0.95
  0.236  0.95
  0.238  0.95
  0.24  0.95
  0.242  0.95
  0.244  0.95
  0.246  0.95
  0.248  0.95
  0.25  0.95
  0.252  0.9
  0.254  0.9
  0.256  0.9
  0.258  0.9
  0.26  0.9
  0.262  0.9
  0.264  0.9
  0.266  0.9
  0.268  0.9
  0.27  0.9
  0.272  0.9
  0.274  0.9
  0.276  0.9
  0.278  0.9
  0.28  0.9
  0.282  0.9
  0.284  0.9
  0.286  0.9
  0.288  0.9
  0.29  0.9
  0.292  0.9
  0.294  0.9
  0.296  0.9
  0.298  0.9
  0.3  0.9
  0.302  0.9
  0.304  0.9
  0.306  0.9
  0.308  0.9
  0.31  0.9
  0.312  0.9
  0.314  0.9
  0.316  0.9
  0.318  0.9
  0.32  0.9
  0.322  0.9
  0.324  0.9
  0.326  0.9
  0.328  0.9
  0.33  0.9
  0.332  0.9
  0.334  0.9
  0.336  0.9
  0.338  0.9
  0.34  0.9
  0.342  0.9
  0.344  0.9
  0.346  0.9
  0.348  0.9
  0.35  0.9
  0.352  0.1
  0.354  0.1
  0.356  0.1
  0.358  0.1
  0.36  0.1
  0.362  0.1
  0.364  0.1
  0.366  0.1
  0.368  0.1
  0.37  0.1
  0.372  0.1
  0.374  0.1
  0.376  0.1
  0.378  0.1
  0.38  0.1
  0.382  0.1
  0.384  0.1
  0.386  0.1
  0.388  0.1
  0.39  0.1
  0.392  0.1
  0.394  0.1
  0.396  0.1
  0.398  0.1
  0.4  0.1
  0.402  0.1
  0.404  0.1
  0.406  0.1
  0.408  0.1
  0.41  0.1
  0.412  0.1
  0.414  0.1
  0.416  0.1
  0.418  0.1
  0.42  0.1
  0.422  0.1
  0.424  0.1
  0.426  0.1
  0.428  0.1
  0.43  0.1
  0.432  0.1
  0.434  0.1
  0.436  0.1
  0.438  0.1
  0.44  0.1
  0.442  0.1
  0.444  0.1
  0.446  0.1
  0.448  0.1
  0.45  0.1
  0.452  0.05
  0.454  0.05
  0.456  0.05
  0.458  0.05
  0.46  0.05
  0.462  0.05
  0.464  0.05
  0.466  0.05
  0.468  0.05
  0.47  0.05
  0.472  0.05
  0.474  0.05
  0.476  0.05
  0.478  0.05
  0.48  0.05
  0.482  0.05
  0.484  0.05
  0.486  0.05
  0.488  0.05
  0.49  0.05
  0.492  0.05
  0.494  0.05
  0.496  0.05
  0.498  0.05
  0.5  0.05
  0.502  0.05
  0.504  0.05
  0.506  0.05
  0.508  0.05
  0.51  0.05
  0.512  0.05
  0.514  0.05
  0.516  0.05
  0.518  0.05
  0.52  0.05
  0.522  0.05
  0.524  0.05
  0.526  0.05
  0.528  0.05
  0.53  0.05
  0.532  0.05
  0.534  0.05
  0.536  0.05
  0.538  0.05
  0.54  0.05
  0.542  0.05
  0.544  0.05
  0.546  0.05
  0.548  0.05
  0.55  0.05
  0.552  0.05
  0.554  0.05
  0.556  0.05
  0.558  0.05
  0.56  0.05
  0.562  0.05
  0.564  0.05
  0.566  0.05
  0.568  0.05
  0.57  0.05
  0.572  0.05
  0.574  0.05
  0.576  0.05
  0.578  0.05
  0.58  0.05
  0.582  0.05
  0.584  0.05
  0.586  0.05
  0.588  0.05
  0.59  0.05
  0.592  0.05
  0.594  0.05
  0.596  0.05
  0.598  0.05
  0.6  0.05
  0.602  0.05
  0.604  0.05
  0.606  0.05
  0.608  0.05
  0.61  0.05
  0.612  0.05
  0.614  0.05
  0.616  0.05
  0.618  0.05
  0.62  0.05
  0.622  0.05
  0.624  0.05
  0.626  0.05
  0.628  0.05
  0.63  0.05
  0.632  0.05
  0.634  0.05
  0.636  0.05
  0.638  0.05
  0.64  0.05
  0.642  0.05
  0.644  0.05
  0.646  0.05
  0.648  0.05
  0.65  0.05
  0.652  0.05
  0.654  0.05
  0.656  0.05
  0.658  0.05
  0.66  0.05
  0.662  0.05
  0.664  0.05
  0.666  0.05
  0.668  0.05
  0.67  0.05
  0.672  0.05
  0.674  0.05
  0.676  0.05
  0.678  0.05
  0.68  0.05
  0.682  0.05
  0.684  0.05
  0.686  0.05
  0.688  0.05
  0.69  0.05
  0.692  0.05
  0.694  0.05
  0.696  0.05
  0.698  0.05
  0.7  0.05
  0.702  0.2
  0.704  0.2
  0.706  0.2
  0.708  0.2
  0.71  0.2
  0.712  0.2
  0.714  0.2
  0.716  0.2
  0.718  0.2
  0.72  0.2
  0.722  0.2
  0.724  0.2
  0.726  0.2
  0.728  0.2
  0.73  0.2
  0.732  0.2
  0.734  0.2
  0.736  0.2
  0.738  0.2
  0.74  0.2
  0.742  0.2
  0.744  0.2
  0.746  0.2
  0.748  0.2
  0.75  0.2
  0.752  0.2
  0.754  0.2
  0.756  0.2
  0.758  0.2
  0.76  0.2
  0.762  0.2
  0.764  0.2
  0.766  0.2
  0.768  0.2
  0.77  0.2
  0.772  0.2
  0.774  0.2
  0.776  0.2
  0.778  0.2
  0.78  0.2
  0.782  0.2
  0.784  0.2
  0.786  0.2
  0.788  0.2
  0.79  0.2
  0.792  0.2
  0.794  0.2
  0.796  0.2
  0.798  0.2
  0.8  0.2
  0.802  0.2
  0.804  0.2
  0.806  0.2
  0.808  0.2
  0.81  0.2
  0.812  0.2
  0.814  0.2
  0.816  0.2
  0.818  0.2
  0.82  0.2
  0.822  0.2
  0.824  0.2
  0.826  0.2
  0.828  0.2
  0.83  0.2
  0.832  0.2
  0.834  0.2
  0.836  0.2
  0.838  0.2
  0.84  0.2
  0.842  0.2
  0.844  0.2
  0.846  0.2
  0.848  0.2
  0.85  0.2
  0.852  0.2
  0.854  0.2
  0.856  0.2
  0.858  0.2
  0.86  0.2
  0.862  0.2
  0.864  0.2
  0.866  0.2
  0.868  0.2
  0.87  0.2
  0.872  0.2
  0.874  0.2
  0.876  0.2
  0.878  0.2
  0.88  0.2
  0.882  0.2
  0.884  0.2
  0.886  0.2
  0.888  0.2
  0.89  0.2
  0.892  0.2
  0.894  0.2
  0.896  0.2
  0.898  0.2
  0.9  0.2
  0.902  1
  0.904  1
  0.906  1
  0.908  1
  0.91  1
  0.912  1
  0.914  1
  0.916  1
  0.918  1
  0.92  1
  0.922  1
  0.924  1
  0.926  1
  0.928  1
  0.93  1
  0.932  1
  0.934  1
  0.936  1
  0.938  1
  0.94  1
  0.942  1
  0.944  1
  0.946  1
  0.948  1
  0.95  1
  0.952  1
  0.954  1
  0.956  1
  0.958  1
  0.96  1
  0.962  1
  0.964  1
  0.966  1
  0.968  1
  0.97  1
  0.972  1
  0.974  1
  0.976  1
  0.978  1
  0.98  1
  0.982  1
  0.984  1
  0.986  1
  0.988  1
  0.99  1
  0.992  1
  0.994  1
  0.996  1
  0.998  1
  1  1
