  0  0
  0.062  0
  0.124  0
  0.186  0
  0.248  0
  0.31  0
  0.372  0
  0.434  0
  0.496  0
  0.558  0
  0.62  0
  0.682  5
  0.744  5
  0.806  5
  0.868  5
  0.93  5
  0.992  5
  1.054  5
  1.116  5
  1.178  5
  1.24  5
  1.302  5
  1.364  5
  1.426  5
  1.488  5
  1.55  5
  1.612  5
  1.674  5
  1.736  5
  1.798  5
  1.86  5
  1.922  5
  1.984  5
  2.046  5
  2.108  5
  2.17  5
  2.232  5
  2.294  5
  2.356  5
  2.418  5
  2.48  5
  2.542  5
  2.604  5
  2.666  5
  2.728  5
  2.79  5
  2.852  5
  2.914  5
  2.976  5
  3.038  5
  3.1  5
  3.162  5
  3.224  8.66
  3.286  8.66
  3.348  8.66
  3.41  8.66
  3.472  8.66
  3.534  8.66
  3.596  8.66
  3.658  8.66
  3.72  8.66
  3.782  8.66
  3.844  8.66
  3.906  8.66
  3.968  8.66
  4.03  8.66
  4.092  8.66
  4.154  8.66
  4.216  8.66
  4.278  8.66
  4.34  8.66
  4.402  8.66
  4.464  8.66
  4.526  8.66
  4.588  8.66
  4.65  8.66
  4.712  8.66
  4.774  8.66
  4.836  8.66
  4.898  8.66
  4.96  8.66
  5.022  8.66
  5.084  8.66
  5.146  8.66
  5.208  8.66
  5.27  8.66
  5.332  8.66
  5.394  8.66
  5.456  8.66
  5.518  8.66
  5.58  8.66
  5.642  8.66
  5.704  8.66
  5.766  8.66
  5.828  8.66
  5.89  8.66
  5.952  8.66
  6.014  8.66
  6.076  8.66
  6.138  8.66
  6.2  8.66
  6.262  8.66
  6.324  8.66
  6.386  8.66
  6.448  8.66
  6.51  8.66
  6.572  8.66
  6.634  8.66
  6.696  8.66
  6.758  8.66
  6.82  8.66
  6.882  8.66
  6.944  8.66
  7.006  8.66
  7.068  8.66
  7.13  8.66
  7.192  8.66
  7.254  8.66
  7.316  8.66
  7.378  8.66
  7.44  8.66
  7.502  10
  7.564  10
  7.626  10
  7.688  10
  7.75  10
  7.812  10
  7.874  10
  7.936  10
  7.998  10
  8.06  10
  8.122  10
  8.184  10
  8.246  10
  8.308  10
  8.37  10
  8.432  10
  8.494  10
  8.556  10
  8.618  10
  8.68  10
  8.742  10
  8.804  10
  8.866  10
  8.928  10
  8.99  10
  9.052  10
  9.114  10
  9.176  10
  9.238  10
  9.3  10
  9.362  10
  9.424  10
  9.486  10
  9.548  10
  9.61  10
  9.672  10
  9.734  10
  9.796  10
  9.858  10
  9.92  10
  9.982  10
  10.044  10
  10.106  10
  10.168  10
  10.23  10
  10.292  10
  10.354  10.4
  10.416  10.4
  10.478  10.4
  10.54  10.4
  10.602  10.4
  10.664  12
  10.726  28.6
  10.788  30.2
  10.85  30.2
  10.912  30.2
  10.974  30.2
  11.036  30.2
  11.098  30.2
  11.16  30.6
  11.222  30.6
  11.284  30.6
  11.346  30.6
  11.408  30.6
  11.47  30.6
  11.532  30.6
  11.594  30.6
  11.656  30.6
  11.718  30.6
  11.78  30.6
  11.842  30.6
  11.904  30.6
  11.966  30.6
  12.028  30.6
  12.09  30.6
  12.152  30.6
  12.214  30.6
  12.276  30.6
  12.338  30.6
  12.4  30.6
  12.462  30.6
  12.524  30.6
  12.586  30.6
  12.648  30.6
  12.71  30.6
  12.772  30.6
  12.834  30.6
  12.896  30.6
  12.958  30.6
  13.02  30.6
  13.082  30.6
  13.144  30.6
  13.206  30.6
  13.268  30.6
  13.33  30.6
  13.392  30.6
  13.454  30.6
  13.516  30.6
  13.578  30.6
  13.64  30.6
  13.702  30.6
  13.764  30.6
  13.826  30.6
  13.888  30.6
  13.95  30.6
  14.012  30.6
  14.074  30.6
  14.136  30.6
  14.198  30.6
  14.26  30.6
  14.322  30.6
  14.384  30.6
  14.446  30.6
  14.508  30.6
  14.57  30.6
  14.632  30.6
  14.694  30.6
  14.756  30.6
  14.818  30.6
  14.88  30.6
  14.942  30.6
  15.004  30.6
  15.066  30.6
  15.128  30.6
  15.19  30.6
  15.252  30.6
  15.314  30.6
  15.376  30.6
  15.438  30.6
  15.5  30.6
  15.562  30.6
  15.624  30.6
  15.686  30.6
  15.748  30.6
  15.81  30.6
  15.872  30.6
  15.934  30.6
  15.996  30.6
  16.058  30.6
  16.12  30.6
  16.182  30.6
  16.244  30.6
  16.306  30.6
  16.368  30.6
  16.43  30.6
  16.492  30.6
  16.554  30.6
  16.616  30.6
  16.678  30.6
  16.74  30.6
  16.802  30.6
  16.864  30.6
  16.926  30.6
  16.988  30.6
  17.05  30.6
  17.112  30.6
  17.174  30.6
  17.236  30.6
  17.298  30.6
  17.36  30.6
  17.422  30.6
  17.484  30.6
  17.546  30.6
  17.608  30.6
  17.67  30.6
  17.732  30.6
  17.794  30.6
  17.856  30.6
  17.918  30.6
  17.98  30.6
  18.042  30.6
  18.104  30.6
  18.166  30.6
  18.228  30.6
  18.29  30.6
  18.352  30.6
  18.414  30.6
  18.476  30.6
  18.538  30.6
  18.6  30.6
  18.662  30.6
  18.724  30.6
  18.786  30.6
  18.848  30.6
  18.91  30.6
  18.972  30.6
  19.034  30.6
  19.096  30.6
  19.158  30.6
  19.22  30.6
  19.282  30.6
  19.344  30.6
  19.406  30.6
  19.468  30.6
  19.53  30.6
  19.592  30.6
  19.654  30.6
  19.716  30.6
  19.778  30.6
  19.84  30.6
  19.902  30.2
  19.964  30.2
  20.026  30.2
  20.088  30.2
  20.15  30.2
  20.212  30.2
  20.274  28.6
  20.336  12
  20.398  10.4
  20.46  10.4
  20.522  10.4
  20.584  10.4
  20.646  10.4
  20.708  10
  20.77  10
  20.832  10
  20.894  10
  20.956  10
  21.018  10
  21.08  10
  21.142  10
  21.204  10
  21.266  10
  21.328  10
  21.39  10
  21.452  10
  21.514  10
  21.576  10
  21.638  10
  21.7  10
  21.762  10
  21.824  10
  21.886  10
  21.948  10
  22.01  10
  22.072  10
  22.134  10
  22.196  10
  22.258  10
  22.32  10
  22.382  10
  22.444  10
  22.506  10
  22.568  10
  22.63  10
  22.692  10
  22.754  10
  22.816  10
  22.878  10
  22.94  10
  23.002  10
  23.064  10
  23.126  10
  23.188  10
  23.25  10
  23.312  10
  23.374  10
  23.436  10
  23.498  10
  23.56  8.66
  23.622  8.66
  23.684  8.66
  23.746  8.66
  23.808  8.66
  23.87  8.66
  23.932  8.66
  23.994  8.66
  24.056  8.66
  24.118  8.66
  24.18  8.66
  24.242  8.66
  24.304  8.66
  24.366  8.66
  24.428  8.66
  24.49  8.66
  24.552  8.66
  24.614  8.66
  24.676  8.66
  24.738  8.66
  24.8  8.66
  24.862  8.66
  24.924  8.66
  24.986  8.66
  25.048  8.66
  25.11  8.66
  25.172  8.66
  25.234  8.66
  25.296  8.66
  25.358  8.66
  25.42  8.66
  25.482  8.66
  25.544  8.66
  25.606  8.66
  25.668  8.66
  25.73  8.66
  25.792  8.66
  25.854  8.66
  25.916  8.66
  25.978  8.66
  26.04  8.66
  26.102  8.66
  26.164  8.66
  26.226  8.66
  26.288  8.66
  26.35  8.66
  26.412  8.66
  26.474  8.66
  26.536  8.66
  26.598  8.66
  26.66  8.66
  26.722  8.66
  26.784  8.66
  26.846  8.66
  26.908  8.66
  26.97  8.66
  27.032  8.66
  27.094  8.66
  27.156  8.66
  27.218  8.66
  27.28  8.66
  27.342  8.66
  27.404  8.66
  27.466  8.66
  27.528  8.66
  27.59  8.66
  27.652  8.66
  27.714  8.66
  27.776  8.66
  27.838  5
  27.9  5
  27.962  5
  28.024  5
  28.086  5
  28.148  5
  28.21  5
  28.272  5
  28.334  5
  28.396  5
  28.458  5
  28.52  5
  28.582  5
  28.644  5
  28.706  5
  28.768  5
  28.83  5
  28.892  5
  28.954  5
  29.016  5
  29.078  5
  29.14  5
  29.202  5
  29.264  5
  29.326  5
  29.388  5
  29.45  5
  29.512  5
  29.574  5
  29.636  5
  29.698  5
  29.76  5
  29.822  5
  29.884  5
  29.946  5
  30.008  5
  30.07  5
  30.132  5
  30.194  5
  30.256  5
  30.318  5
  30.38  0
  30.442  0
  30.504  0
  30.566  0
  30.628  0
  30.69  0
  30.752  0
  30.814  0
  30.876  0
  30.938  0
  31  0
