  0  0
  0.03  0
  0.06  0
  0.09  0
  0.12  0
  0.15  0
  0.18  0
  0.21  0
  0.24  0
  0.27  0
  0.3  0
  0.33  0
  0.36  0
  0.39  0
  0.42  0
  0.45  0
  0.48  0
  0.51  0
  0.54  0
  0.57  0
  0.6  0
  0.63  0
  0.66  0
  0.69  0
  0.72  0
  0.75  0
  0.78  0
  0.81  0
  0.84  0
  0.87  0
  0.9  0
  0.93  0
  0.96  0
  0.99  0
  1.02  10
  1.05  10
  1.08  10
  1.11  10
  1.14  10
  1.17  10
  1.2  10
  1.23  10
  1.26  10
  1.29  10
  1.32  10
  1.35  10
  1.38  10
  1.41  10
  1.44  10
  1.47  10
  1.5  10
  1.53  10
  1.56  10
  1.59  10
  1.62  10
  1.65  10
  1.68  10
  1.71  10
  1.74  10
  1.77  10
  1.8  10
  1.83  10
  1.86  10
  1.89  10
  1.92  10
  1.95  10
  1.98  10
  2.01  10
  2.04  10
  2.07  10
  2.1  10
  2.13  10
  2.16  10
  2.19  10
  2.22  10
  2.25  10
  2.28  10
  2.31  10
  2.34  10
  2.37  10
  2.4  10
  2.43  10
  2.46  10
  2.49  10
  2.52  10
  2.55  10
  2.58  10
  2.61  10
  2.64  10
  2.67  10
  2.7  10
  2.73  10
  2.76  10
  2.79  10
  2.82  10
  2.85  10
  2.88  10
  2.91  10
  2.94  10
  2.97  10
  3  10
  3.03  10
  3.06  10
  3.09  10
  3.12  10
  3.15  10
  3.18  10
  3.21  10
  3.24  10
  3.27  10
  3.3  10
  3.33  10
  3.36  10
  3.39  10
  3.42  10
  3.45  10
  3.48  10
  3.51  10
  3.54  10
  3.57  10
  3.6  10
  3.63  10
  3.66  10
  3.69  10
  3.72  10
  3.75  10
  3.78  10
  3.81  10
  3.84  10
  3.87  10
  3.9  10
  3.93  10
  3.96  10
  3.99  10
  4.02  10
  4.05  10
  4.08  10
  4.11  10
  4.14  10
  4.17  10
  4.2  10
  4.23  10
  4.26  10
  4.29  10
  4.32  10
  4.35  10
  4.38  10
  4.41  10
  4.44  10
  4.47  10
  4.5  10
  4.53  10
  4.56  10
  4.59  10
  4.62  10
  4.65  10
  4.68  10
  4.71  10
  4.74  10
  4.77  10
  4.8  10
  4.83  10
  4.86  10
  4.89  10
  4.92  10
  4.95  10
  4.98  10
  5.01  10
  5.04  10
  5.07  10
  5.1  10
  5.13  10
  5.16  10
  5.19  10
  5.22  10
  5.25  10
  5.28  10
  5.31  10
  5.34  10
  5.37  10
  5.4  10
  5.43  10
  5.46  10
  5.49  10
  5.52  10
  5.55  10
  5.58  10
  5.61  10
  5.64  10
  5.67  10
  5.7  10
  5.73  10
  5.76  10
  5.79  10
  5.82  10
  5.85  10
  5.88  10
  5.91  10
  5.94  10
  5.97  10
  6  10
  6.03  10
  6.06  10
  6.09  10
  6.12  10
  6.15  10
  6.18  10
  6.21  10
  6.24  10
  6.27  10
  6.3  10
  6.33  10
  6.36  10
  6.39  10
  6.42  10
  6.45  10
  6.48  10
  6.51  10
  6.54  10
  6.57  10
  6.6  10
  6.63  10
  6.66  10
  6.69  10
  6.72  10
  6.75  10
  6.78  10
  6.81  10
  6.84  10
  6.87  10
  6.9  10
  6.93  10
  6.96  10
  6.99  10
  7.02  10
  7.05  10
  7.08  10
  7.11  10
  7.14  10
  7.17  10
  7.2  10
  7.23  10
  7.26  10
  7.29  10
  7.32  10
  7.35  10
  7.38  10
  7.41  10
  7.44  10
  7.47  10
  7.5  10
  7.53  10
  7.56  10
  7.59  10
  7.62  10
  7.65  10
  7.68  10
  7.71  10
  7.74  10
  7.77  10
  7.8  10
  7.83  10
  7.86  10
  7.89  10
  7.92  10
  7.95  10
  7.98  10
  8.01  10
  8.04  10
  8.07  10
  8.1  10
  8.13  10
  8.16  10
  8.19  10
  8.22  10
  8.25  10
  8.28  10
  8.31  10
  8.34  10
  8.37  10
  8.4  10
  8.43  10
  8.46  10
  8.49  10
  8.52  10.5
  8.55  10.5
  8.58  10.5
  8.61  10.5
  8.64  10.5
  8.67  10.5
  8.7  10.5
  8.73  10.5
  8.76  10.5
  8.79  10.5
  8.82  10.5
  8.85  10.5
  8.88  10.5
  8.91  10.5
  8.94  10.5
  8.97  10.5
  9  10.5
  9.03  10.5
  9.06  10.5
  9.09  10.5
  9.12  10.5
  9.15  10.5
  9.18  10.5
  9.21  10.5
  9.24  10.5
  9.27  10.5
  9.3  10.5
  9.33  10.5
  9.36  10.5
  9.39  10.5
  9.42  10.5
  9.45  10.5
  9.48  10.5
  9.51  10.5
  9.54  10.5
  9.57  10.5
  9.6  10.5
  9.63  10.5
  9.66  10.5
  9.69  10.5
  9.72  10.5
  9.75  10.5
  9.78  10.5
  9.81  10.5
  9.84  10.5
  9.87  10.5
  9.9  10.5
  9.93  10.5
  9.96  10.5
  9.99  10.5
  10.02  15
  10.05  15
  10.08  15
  10.11  15
  10.14  15
  10.17  15
  10.2  15
  10.23  15
  10.26  15
  10.29  15
  10.32  15
  10.35  15
  10.38  15
  10.41  15
  10.44  15
  10.47  15
  10.5  15
  10.53  15
  10.56  15
  10.59  15
  10.62  15
  10.65  15
  10.68  15
  10.71  15
  10.74  15
  10.77  15
  10.8  15
  10.83  15
  10.86  15
  10.89  15
  10.92  15
  10.95  15
  10.98  15
  11.01  15
  11.04  15
  11.07  15
  11.1  15
  11.13  15
  11.16  15
  11.19  15
  11.22  15
  11.25  15
  11.28  15
  11.31  15
  11.34  15
  11.37  15
  11.4  15
  11.43  15
  11.46  15
  11.49  15
  11.52  50
  11.55  50
  11.58  50
  11.61  50
  11.64  50
  11.67  50
  11.7  50
  11.73  50
  11.76  50
  11.79  50
  11.82  50
  11.85  50
  11.88  50
  11.91  50
  11.94  50
  11.97  50
  12  50
  12.03  50
  12.06  50
  12.09  50
  12.12  50
  12.15  50
  12.18  50
  12.21  50
  12.24  50
  12.27  50
  12.3  50
  12.33  50
  12.36  50
  12.39  50
  12.42  50
  12.45  50
  12.48  50
  12.51  50
  12.54  50
  12.57  50
  12.6  50
  12.63  50
  12.66  50
  12.69  50
  12.72  50
  12.75  50
  12.78  50
  12.81  50
  12.84  50
  12.87  50
  12.9  50
  12.93  50
  12.96  50
  12.99  50
  13.02  60
  13.05  60
  13.08  60
  13.11  60
  13.14  60
  13.17  60
  13.2  60
  13.23  60
  13.26  60
  13.29  60
  13.32  60
  13.35  60
  13.38  60
  13.41  60
  13.44  60
  13.47  60
  13.5  60
  13.53  60
  13.56  60
  13.59  60
  13.62  60
  13.65  60
  13.68  60
  13.71  60
  13.74  60
  13.77  60
  13.8  60
  13.83  60
  13.86  60
  13.89  60
  13.92  60
  13.95  60
  13.98  60
  14.01  60
  14.04  60
  14.07  60
  14.1  60
  14.13  60
  14.16  60
  14.19  60
  14.22  60
  14.25  60
  14.28  60
  14.31  60
  14.34  60
  14.37  60
  14.4  60
  14.43  60
  14.46  60
  14.49  60
  14.52  85
  14.55  85
  14.58  85
  14.61  85
  14.64  85
  14.67  85
  14.7  85
  14.73  85
  14.76  85
  14.79  85
  14.82  85
  14.85  85
  14.88  85
  14.91  85
  14.94  85
  14.97  85
  15  85
