  0  0
  0.002  0
  0.004  0
  0.006  0
  0.008  0
  0.01  0
  0.012  0
  0.014  0
  0.016  0
  0.018  0
  0.02  0
  0.022  0
  0.024  0
  0.026  0.7
  0.028  0.7
  0.03  0.7
  0.032  0.7
  0.034  0.7
  0.036  0.7
  0.038  0.7
  0.04  0.7
  0.042  0.7
  0.044  0.7
  0.046  0.7
  0.048  0.7
  0.05  0.7
  0.052  0.7
  0.054  0.7
  0.056  0.7
  0.058  0.7
  0.06  0.7
  0.062  0.7
  0.064  0.7
  0.066  0.7
  0.068  0.7
  0.07  0.7
  0.072  0.7
  0.074  0.7
  0.076  1
  0.078  1
  0.08  1
  0.082  1
  0.084  1
  0.086  1
  0.088  1
  0.09  1
  0.092  1
  0.094  1
  0.096  1
  0.098  1
  0.1  1
  0.102  1
  0.104  1
  0.106  1
  0.108  1
  0.11  1
  0.112  1
  0.114  1
  0.116  1
  0.118  1
  0.12  1
  0.122  1
  0.124  1
  0.126  1
  0.128  1
  0.13  1
  0.132  1
  0.134  1
  0.136  1
  0.138  1
  0.14  1
  0.142  1
  0.144  1
  0.146  1
  0.148  1
  0.15  1
  0.152  1
  0.154  1
  0.156  1
  0.158  1
  0.16  1
  0.162  1
  0.164  1
  0.166  1
  0.168  1
  0.17  1
  0.172  1
  0.174  1
  0.176  1
  0.178  1
  0.18  1
  0.182  1
  0.184  1
  0.186  1
  0.188  1
  0.19  1
  0.192  1
  0.194  1
  0.196  1
  0.198  1
  0.2  1
  0.202  1
  0.204  1
  0.206  1
  0.208  1
  0.21  1
  0.212  1
  0.214  1
  0.216  1
  0.218  1
  0.22  1
  0.222  1
  0.224  1
  0.226  1
  0.228  1
  0.23  1
  0.232  1
  0.234  1
  0.236  1
  0.238  1
  0.24  1
  0.242  1
  0.244  1
  0.246  1
  0.248  1
  0.25  1
  0.252  1
  0.254  1
  0.256  1
  0.258  1
  0.26  1
  0.262  1
  0.264  1
  0.266  1
  0.268  1
  0.27  1
  0.272  1
  0.274  1
  0.276  1
  0.278  1
  0.28  1
  0.282  1
  0.284  1
  0.286  1
  0.288  1
  0.29  1
  0.292  1
  0.294  1
  0.296  1
  0.298  1
  0.3  1
  0.302  1
  0.304  1
  0.306  1
  0.308  1
  0.31  1
  0.312  1
  0.314  1
  0.316  1
  0.318  1
  0.32  1
  0.322  1
  0.324  1
  0.326  1
  0.328  1
  0.33  1
  0.332  1
  0.334  1
  0.336  1
  0.338  1
  0.34  1
  0.342  1
  0.344  1
  0.346  1
  0.348  1
  0.35  1
  0.352  1
  0.354  1
  0.356  1
  0.358  1
  0.36  1
  0.362  1
  0.364  1
  0.366  1
  0.368  1
  0.37  1
  0.372  1
  0.374  1
  0.376  1
  0.378  1
  0.38  1
  0.382  1
  0.384  1
  0.386  1
  0.388  1
  0.39  1
  0.392  1
  0.394  1
  0.396  1
  0.398  1
  0.4  1
  0.402  1
  0.404  1
  0.406  1
  0.408  1
  0.41  1
  0.412  1
  0.414  1
  0.416  1
  0.418  1
  0.42  1
  0.422  1
  0.424  1
  0.426  1
  0.428  1
  0.43  1
  0.432  1
  0.434  1
  0.436  1
  0.438  1
  0.44  1
  0.442  1
  0.444  1
  0.446  1
  0.448  1
  0.45  1
  0.452  1
  0.454  1
  0.456  1
  0.458  1
  0.46  1
  0.462  1
  0.464  1
  0.466  1
  0.468  1
  0.47  1
  0.472  1
  0.474  1
  0.476  1
  0.478  1
  0.48  1
  0.482  1
  0.484  1
  0.486  1
  0.488  1
  0.49  1
  0.492  1
  0.494  1
  0.496  1
  0.498  1
  0.5  1
  0.502  0.3
  0.504  0.3
  0.506  0.3
  0.508  0.3
  0.51  0.3
  0.512  0.3
  0.514  0.3
  0.516  0.3
  0.518  0.3
  0.52  0.3
  0.522  0.3
  0.524  0.3
  0.526  0.3
  0.528  0.3
  0.53  0.3
  0.532  0.3
  0.534  0.3
  0.536  0.3
  0.538  0.3
  0.54  0.3
  0.542  0.3
  0.544  0.3
  0.546  0.3
  0.548  0.3
  0.55  0.3
  0.552  0.3
  0.554  0.3
  0.556  0.3
  0.558  0.3
  0.56  0.3
  0.562  0.3
  0.564  0.3
  0.566  0.3
  0.568  0.3
  0.57  0.3
  0.572  0.3
  0.574  0.3
  0.576  0.3
  0.578  0.3
  0.58  0.3
  0.582  0.3
  0.584  0.3
  0.586  0.3
  0.588  0.3
  0.59  0.3
  0.592  0.3
  0.594  0.3
  0.596  0.3
  0.598  0.3
  0.6  0.3
  0.602  0.3
  0.604  0.3
  0.606  0.3
  0.608  0.3
  0.61  0.3
  0.612  0.3
  0.614  0.3
  0.616  0.3
  0.618  0.3
  0.62  0.3
  0.622  0.3
  0.624  0.3
  0.626  0.3
  0.628  0.3
  0.63  0.3
  0.632  0.3
  0.634  0.3
  0.636  0.3
  0.638  0.3
  0.64  0.3
  0.642  0.3
  0.644  0.3
  0.646  0.3
  0.648  0.3
  0.65  0.3
  0.652  0.3
  0.654  0.3
  0.656  0.3
  0.658  0.3
  0.66  0.3
  0.662  0.3
  0.664  0.3
  0.666  0.3
  0.668  0.3
  0.67  0.3
  0.672  0.3
  0.674  0.3
  0.676  0.3
  0.678  0.3
  0.68  0.3
  0.682  0.3
  0.684  0.3
  0.686  0.3
  0.688  0.3
  0.69  0.3
  0.692  0.3
  0.694  0.3
  0.696  0.3
  0.698  0.3
  0.7  0.3
  0.702  0.3
  0.704  0.3
  0.706  0.3
  0.708  0.3
  0.71  0.3
  0.712  0.3
  0.714  0.3
  0.716  0.3
  0.718  0.3
  0.72  0.3
  0.722  0.3
  0.724  0.3
  0.726  0.3
  0.728  0.3
  0.73  0.3
  0.732  0.3
  0.734  0.3
  0.736  0.3
  0.738  0.3
  0.74  0.3
  0.742  0.3
  0.744  0.3
  0.746  0.3
  0.748  0.3
  0.75  0.3
  0.752  0.3
  0.754  0.3
  0.756  0.3
  0.758  0.3
  0.76  0.3
  0.762  0.3
  0.764  0.3
  0.766  0.3
  0.768  0.3
  0.77  0.3
  0.772  0.3
  0.774  0.3
  0.776  0.3
  0.778  0.3
  0.78  0.3
  0.782  0.3
  0.784  0.3
  0.786  0.3
  0.788  0.3
  0.79  0.3
  0.792  0.3
  0.794  0.3
  0.796  0.3
  0.798  0.3
  0.8  0.3
  0.802  0.3
  0.804  0.3
  0.806  0.3
  0.808  0.3
  0.81  0.3
  0.812  0.3
  0.814  0.3
  0.816  0.3
  0.818  0.3
  0.82  0.3
  0.822  0.3
  0.824  0.3
  0.826  0.05
  0.828  0.05
  0.83  0.05
  0.832  0.05
  0.834  0.05
  0.836  0.05
  0.838  0.05
  0.84  0.05
  0.842  0.05
  0.844  0.05
  0.846  0.05
  0.848  0.05
  0.85  0.05
  0.852  0.05
  0.854  0.05
  0.856  0.05
  0.858  0.05
  0.86  0.05
  0.862  0.05
  0.864  0.05
  0.866  0.05
  0.868  0.05
  0.87  0.05
  0.872  0.05
  0.874  0.05
  0.876  0.1
  0.878  0.1
  0.88  0.1
  0.882  0.1
  0.884  0.1
  0.886  0.1
  0.888  0.1
  0.89  0.1
  0.892  0.1
  0.894  0.1
  0.896  0.1
  0.898  0.1
  0.9  0.1
  0.902  0.1
  0.904  0.1
  0.906  0.1
  0.908  0.1
  0.91  0.1
  0.912  0.1
  0.914  0.1
  0.916  0.1
  0.918  0.1
  0.92  0.1
  0.922  0.1
  0.924  0.1
  0.926  0.1
  0.928  0.1
  0.93  0.1
  0.932  0.1
  0.934  0.1
  0.936  0.1
  0.938  0.1
  0.94  0.1
  0.942  0.1
  0.944  0.1
  0.946  0.1
  0.948  0.1
  0.95  0.1
  0.952  1
  0.954  1
  0.956  1
  0.958  1
  0.96  1
  0.962  1
  0.964  1
  0.966  1
  0.968  1
  0.97  1
  0.972  1
  0.974  1
  0.976  1
  0.978  1
  0.98  1
  0.982  1
  0.984  1
  0.986  1
  0.988  1
  0.99  1
  0.992  1
  0.994  1
  0.996  1
  0.998  1
  1  1
