  -1  1
  -0.996  1
  -0.992  1
  -0.988  1
  -0.984  1
  -0.98  1
  -0.976  1
  -0.972  1
  -0.968  1
  -0.964  1
  -0.96  1
  -0.956  1
  -0.952  1
  -0.948  1
  -0.944  1
  -0.94  1
  -0.936  1
  -0.932  1
  -0.928  1
  -0.924  1
  -0.92  1
  -0.916  1
  -0.912  1
  -0.908  1
  -0.904  1
  -0.9  1
  -0.896  0.64
  -0.892  0.64
  -0.888  0.64
  -0.884  0.64
  -0.88  0.64
  -0.876  0.64
  -0.872  0.64
  -0.868  0.64
  -0.864  0.64
  -0.86  0.64
  -0.856  0.64
  -0.852  0.64
  -0.848  0.64
  -0.844  0.64
  -0.84  0.64
  -0.836  0.64
  -0.832  0.64
  -0.828  0.64
  -0.824  0.64
  -0.82  0.64
  -0.816  0.64
  -0.812  0.64
  -0.808  0.64
  -0.804  0.64
  -0.8  0.64
  -0.796  0.64
  -0.792  0.64
  -0.788  0.64
  -0.784  0.64
  -0.78  0.64
  -0.776  0.64
  -0.772  0.64
  -0.768  0.64
  -0.764  0.64
  -0.76  0.64
  -0.756  0.64
  -0.752  0.64
  -0.748  0.64
  -0.744  0.64
  -0.74  0.64
  -0.736  0.64
  -0.732  0.64
  -0.728  0.64
  -0.724  0.64
  -0.72  0.64
  -0.716  0.64
  -0.712  0.64
  -0.708  0.64
  -0.704  0.64
  -0.7  0.36
  -0.696  0.36
  -0.692  0.36
  -0.688  0.36
  -0.684  0.36
  -0.68  0.36
  -0.676  0.36
  -0.672  0.36
  -0.668  0.36
  -0.664  0.36
  -0.66  0.36
  -0.656  0.36
  -0.652  0.36
  -0.648  0.36
  -0.644  0.36
  -0.64  0.36
  -0.636  0.36
  -0.632  0.36
  -0.628  0.36
  -0.624  0.36
  -0.62  0.36
  -0.616  0.36
  -0.612  0.36
  -0.608  0.36
  -0.604  0.36
  -0.6  0.36
  -0.596  0.36
  -0.592  0.36
  -0.588  0.36
  -0.584  0.36
  -0.58  0.36
  -0.576  0.36
  -0.572  0.36
  -0.568  0.36
  -0.564  0.36
  -0.56  0.36
  -0.556  0.36
  -0.552  0.36
  -0.548  0.36
  -0.544  0.36
  -0.54  0.36
  -0.536  0.36
  -0.532  0.36
  -0.528  0.36
  -0.524  0.36
  -0.52  0.36
  -0.516  0.36
  -0.512  0.36
  -0.508  0.36
  -0.504  0.36
  -0.5  0.36
  -0.496  0.16
  -0.492  0.16
  -0.488  0.16
  -0.484  0.16
  -0.48  0.16
  -0.476  0.16
  -0.472  0.16
  -0.468  0.16
  -0.464  0.16
  -0.46  0.16
  -0.456  0.16
  -0.452  0.16
  -0.448  0.16
  -0.444  0.16
  -0.44  0.16
  -0.436  0.16
  -0.432  0.16
  -0.428  0.16
  -0.424  0.16
  -0.42  0.16
  -0.416  0.16
  -0.412  0.16
  -0.408  0.16
  -0.404  0.16
  -0.4  0.16
  -0.396  0.16
  -0.392  0.16
  -0.388  0.16
  -0.384  0.16
  -0.38  0.16
  -0.376  0.16
  -0.372  0.16
  -0.368  0.16
  -0.364  0.16
  -0.36  0.16
  -0.356  0.16
  -0.352  0.16
  -0.348  0.16
  -0.344  0.16
  -0.34  0.16
  -0.336  0.16
  -0.332  0.16
  -0.328  0.16
  -0.324  0.16
  -0.32  0.16
  -0.316  0.16
  -0.312  0.16
  -0.308  0.16
  -0.304  0.16
  -0.3  0.04
  -0.296  0.04
  -0.292  0.04
  -0.288  0.04
  -0.284  0.04
  -0.28  0.04
  -0.276  0.04
  -0.272  0.04
  -0.268  0.04
  -0.264  0.04
  -0.26  0.04
  -0.256  0.04
  -0.252  0.04
  -0.248  0.04
  -0.244  0.04
  -0.24  0.04
  -0.236  0.04
  -0.232  0.04
  -0.228  0.04
  -0.224  0.04
  -0.22  0.04
  -0.216  0.04
  -0.212  0.04
  -0.208  0.04
  -0.204  0.04
  -0.2  0.04
  -0.196  0.04
  -0.192  0.04
  -0.188  0.04
  -0.184  0.04
  -0.18  0.04
  -0.176  0.04
  -0.172  0.04
  -0.168  0.04
  -0.164  0.04
  -0.16  0.04
  -0.156  0.04
  -0.152  0.04
  -0.148  0.04
  -0.144  0.04
  -0.14  0.04
  -0.136  0.04
  -0.132  0.04
  -0.128  0.04
  -0.124  0.04
  -0.12  0.04
  -0.116  0.04
  -0.112  0.04
  -0.108  0.04
  -0.104  0.04
  -0.1  0.04
  -0.096  0
  -0.092  0
  -0.088  0
  -0.084  0
  -0.08  0
  -0.076  0
  -0.072  0
  -0.068  0
  -0.064  0
  -0.06  0
  -0.056  0
  -0.052  0
  -0.048  0
  -0.044  0
  -0.04  0
  -0.036  0
  -0.032  0
  -0.028  0
  -0.024  0
  -0.02  0
  -0.016  0
  -0.012  0
  -0.008  0
  -0.004  0
  0  0
  0.004  0
  0.008  0
  0.012  0
  0.016  0
  0.02  0
  0.024  0
  0.028  0
  0.032  0
  0.036  0
  0.04  0
  0.044  0
  0.048  0
  0.052  0
  0.056  0
  0.06  0
  0.064  0
  0.068  0
  0.072  0
  0.076  0
  0.08  0
  0.084  0
  0.088  0
  0.092  0
  0.096  0
  0.1  0
  0.104  0.04
  0.108  0.04
  0.112  0.04
  0.116  0.04
  0.12  0.04
  0.124  0.04
  0.128  0.04
  0.132  0.04
  0.136  0.04
  0.14  0.04
  0.144  0.04
  0.148  0.04
  0.152  0.04
  0.156  0.04
  0.16  0.04
  0.164  0.04
  0.168  0.04
  0.172  0.04
  0.176  0.04
  0.18  0.04
  0.184  0.04
  0.188  0.04
  0.192  0.04
  0.196  0.04
  0.2  0.04
  0.204  0.05
  0.208  0.05
  0.212  0.05
  0.216  0.05
  0.22  0.05
  0.224  0.05
  0.228  0.05
  0.232  0.05
  0.236  0.05
  0.24  0.05
  0.244  0.05
  0.248  0.05
  0.252  0.05
  0.256  0.05
  0.26  0.05
  0.264  0.05
  0.268  0.05
  0.272  0.05
  0.276  0.05
  0.28  0.05
  0.284  0.05
  0.288  0.05
  0.292  0.05
  0.296  0.05
  0.3  0.05
  0.304  0.16
  0.308  0.16
  0.312  0.16
  0.316  0.16
  0.32  0.16
  0.324  0.16
  0.328  0.16
  0.332  0.16
  0.336  0.16
  0.34  0.16
  0.344  0.16
  0.348  0.16
  0.352  0.16
  0.356  0.16
  0.36  0.16
  0.364  0.16
  0.368  0.16
  0.372  0.16
  0.376  0.16
  0.38  0.16
  0.384  0.16
  0.388  0.16
  0.392  0.16
  0.396  0.16
  0.4  0.16
  0.404  0.16
  0.408  0.16
  0.412  0.16
  0.416  0.16
  0.42  0.16
  0.424  0.16
  0.428  0.16
  0.432  0.16
  0.436  0.16
  0.44  0.16
  0.444  0.16
  0.448  0.16
  0.452  0.16
  0.456  0.16
  0.46  0.16
  0.464  0.16
  0.468  0.16
  0.472  0.16
  0.476  0.16
  0.48  0.16
  0.484  0.16
  0.488  0.16
  0.492  0.16
  0.496  0.16
  0.5  0.16
  0.504  0.36
  0.508  0.36
  0.512  0.36
  0.516  0.36
  0.52  0.36
  0.524  0.36
  0.528  0.36
  0.532  0.36
  0.536  0.36
  0.54  0.36
  0.544  0.36
  0.548  0.36
  0.552  0.36
  0.556  0.36
  0.56  0.36
  0.564  0.36
  0.568  0.36
  0.572  0.36
  0.576  0.36
  0.58  0.36
  0.584  0.36
  0.588  0.36
  0.592  0.36
  0.596  0.36
  0.6  0.36
  0.604  0.36
  0.608  0.36
  0.612  0.36
  0.616  0.36
  0.62  0.36
  0.624  0.36
  0.628  0.36
  0.632  0.36
  0.636  0.36
  0.64  0.36
  0.644  0.36
  0.648  0.36
  0.652  0.36
  0.656  0.36
  0.66  0.36
  0.664  0.36
  0.668  0.36
  0.672  0.36
  0.676  0.36
  0.68  0.36
  0.684  0.36
  0.688  0.36
  0.692  0.36
  0.696  0.36
  0.7  0.36
  0.704  0.64
  0.708  0.64
  0.712  0.64
  0.716  0.64
  0.72  0.64
  0.724  0.64
  0.728  0.64
  0.732  0.64
  0.736  0.64
  0.74  0.64
  0.744  0.64
  0.748  0.64
  0.752  0.64
  0.756  0.64
  0.76  0.64
  0.764  0.64
  0.768  0.64
  0.772  0.64
  0.776  0.64
  0.78  0.64
  0.784  0.64
  0.788  0.64
  0.792  0.64
  0.796  0.64
  0.8  0.64
  0.804  0.64
  0.808  0.64
  0.812  0.64
  0.816  0.64
  0.82  0.64
  0.824  0.64
  0.828  0.64
  0.832  0.64
  0.836  0.64
  0.84  0.64
  0.844  0.64
  0.848  0.64
  0.852  0.64
  0.856  0.64
  0.86  0.64
  0.864  0.64
  0.868  0.64
  0.872  0.64
  0.876  0.64
  0.88  0.64
  0.884  0.64
  0.888  0.64
  0.892  0.64
  0.896  0.64
  0.9  0.64
  0.904  1
  0.908  1
  0.912  1
  0.916  1
  0.92  1
  0.924  1
  0.928  1
  0.932  1
  0.936  1
  0.94  1
  0.944  1
  0.948  1
  0.952  1
  0.956  1
  0.96  1
  0.964  1
  0.968  1
  0.972  1
  0.976  1
  0.98  1
  0.984  1
  0.988  1
  0.992  1
  0.996  1
  1  1
