  595  0.644
  595.96  0.644
  596.92  0.644
  597.88  0.644
  598.84  0.644
  599.8  0.644
  600.76  0.622
  601.72  0.622
  602.68  0.622
  603.64  0.622
  604.6  0.622
  605.56  0.622
  606.52  0.622
  607.48  0.622
  608.44  0.622
  609.4  0.622
  610.36  0.638
  611.32  0.638
  612.28  0.638
  613.24  0.638
  614.2  0.638
  615.16  0.638
  616.12  0.638
  617.08  0.638
  618.04  0.638
  619  0.638
  619.96  0.638
  620.92  0.649
  621.88  0.649
  622.84  0.649
  623.8  0.649
  624.76  0.649
  625.72  0.649
  626.68  0.649
  627.64  0.649
  628.6  0.649
  629.56  0.649
  630.52  0.652
  631.48  0.652
  632.44  0.652
  633.4  0.652
  634.36  0.652
  635.32  0.652
  636.28  0.652
  637.24  0.652
  638.2  0.652
  639.16  0.652
  640.12  0.639
  641.08  0.639
  642.04  0.639
  643  0.639
  643.96  0.639
  644.92  0.639
  645.88  0.639
  646.84  0.639
  647.8  0.639
  648.76  0.639
  649.72  0.639
  650.68  0.646
  651.64  0.646
  652.6  0.646
  653.56  0.646
  654.52  0.646
  655.48  0.646
  656.44  0.646
  657.4  0.646
  658.36  0.646
  659.32  0.646
  660.28  0.657
  661.24  0.657
  662.2  0.657
  663.16  0.657
  664.12  0.657
  665.08  0.657
  666.04  0.657
  667  0.657
  667.96  0.657
  668.92  0.657
  669.88  0.657
  670.84  0.652
  671.8  0.652
  672.76  0.652
  673.72  0.652
  674.68  0.652
  675.64  0.652
  676.6  0.652
  677.56  0.652
  678.52  0.652
  679.48  0.652
  680.44  0.655
  681.4  0.655
  682.36  0.655
  683.32  0.655
  684.28  0.655
  685.24  0.655
  686.2  0.655
  687.16  0.655
  688.12  0.655
  689.08  0.655
  690.04  0.644
  691  0.644
  691.96  0.644
  692.92  0.644
  693.88  0.644
  694.84  0.644
  695.8  0.644
  696.76  0.644
  697.72  0.644
  698.68  0.644
  699.64  0.644
  700.6  0.663
  701.56  0.663
  702.52  0.663
  703.48  0.663
  704.44  0.663
  705.4  0.663
  706.36  0.663
  707.32  0.663
  708.28  0.663
  709.24  0.663
  710.2  0.663
  711.16  0.663
  712.12  0.663
  713.08  0.663
  714.04  0.663
  715  0.663
  715.96  0.663
  716.92  0.663
  717.88  0.663
  718.84  0.663
  719.8  0.663
  720.76  0.668
  721.72  0.668
  722.68  0.668
  723.64  0.668
  724.6  0.668
  725.56  0.668
  726.52  0.668
  727.48  0.668
  728.44  0.668
  729.4  0.668
  730.36  0.676
  731.32  0.676
  732.28  0.676
  733.24  0.676
  734.2  0.676
  735.16  0.676
  736.12  0.676
  737.08  0.676
  738.04  0.676
  739  0.676
  739.96  0.676
  740.92  0.676
  741.88  0.676
  742.84  0.676
  743.8  0.676
  744.76  0.676
  745.72  0.676
  746.68  0.676
  747.64  0.676
  748.6  0.676
  749.56  0.676
  750.52  0.686
  751.48  0.686
  752.44  0.686
  753.4  0.686
  754.36  0.686
  755.32  0.686
  756.28  0.686
  757.24  0.686
  758.2  0.686
  759.16  0.686
  760.12  0.679
  761.08  0.679
  762.04  0.679
  763  0.679
  763.96  0.679
  764.92  0.679
  765.88  0.679
  766.84  0.679
  767.8  0.679
  768.76  0.679
  769.72  0.679
  770.68  0.678
  771.64  0.678
  772.6  0.678
  773.56  0.678
  774.52  0.678
  775.48  0.678
  776.44  0.678
  777.4  0.678
  778.36  0.678
  779.32  0.678
  780.28  0.683
  781.24  0.683
  782.2  0.683
  783.16  0.683
  784.12  0.683
  785.08  0.683
  786.04  0.683
  787  0.683
  787.96  0.683
  788.92  0.683
  789.88  0.683
  790.84  0.694
  791.8  0.694
  792.76  0.694
  793.72  0.694
  794.68  0.694
  795.64  0.694
  796.6  0.694
  797.56  0.694
  798.52  0.694
  799.48  0.694
  800.44  0.699
  801.4  0.699
  802.36  0.699
  803.32  0.699
  804.28  0.699
  805.24  0.699
  806.2  0.699
  807.16  0.699
  808.12  0.699
  809.08  0.699
  810.04  0.71
  811  0.71
  811.96  0.71
  812.92  0.71
  813.88  0.71
  814.84  0.71
  815.8  0.71
  816.76  0.71
  817.72  0.71
  818.68  0.71
  819.64  0.71
  820.6  0.73
  821.56  0.73
  822.52  0.73
  823.48  0.73
  824.44  0.73
  825.4  0.73
  826.36  0.73
  827.32  0.73
  828.28  0.73
  829.24  0.73
  830.2  0.763
  831.16  0.763
  832.12  0.763
  833.08  0.763
  834.04  0.763
  835  0.763
  835.96  0.763
  836.92  0.763
  837.88  0.763
  838.84  0.763
  839.8  0.763
  840.76  0.812
  841.72  0.812
  842.68  0.812
  843.64  0.812
  844.6  0.812
  845.56  0.812
  846.52  0.812
  847.48  0.812
  848.44  0.812
  849.4  0.812
  850.36  0.907
  851.32  0.907
  852.28  0.907
  853.24  0.907
  854.2  0.907
  855.16  0.907
  856.12  0.907
  857.08  0.907
  858.04  0.907
  859  0.907
  859.96  0.907
  860.92  1.044
  861.88  1.044
  862.84  1.044
  863.8  1.044
  864.76  1.044
  865.72  1.044
  866.68  1.044
  867.64  1.044
  868.6  1.044
  869.56  1.044
  870.52  1.336
  871.48  1.336
  872.44  1.336
  873.4  1.336
  874.36  1.336
  875.32  1.336
  876.28  1.336
  877.24  1.336
  878.2  1.336
  879.16  1.336
  880.12  1.881
  881.08  1.881
  882.04  1.881
  883  1.881
  883.96  1.881
  884.92  1.881
  885.88  1.881
  886.84  1.881
  887.8  1.881
  888.76  1.881
  889.72  1.881
  890.68  2.169
  891.64  2.169
  892.6  2.169
  893.56  2.169
  894.52  2.169
  895.48  2.169
  896.44  2.169
  897.4  2.169
  898.36  2.169
  899.32  2.169
  900.28  2.075
  901.24  2.075
  902.2  2.075
  903.16  2.075
  904.12  2.075
  905.08  2.075
  906.04  2.075
  907  2.075
  907.96  2.075
  908.92  2.075
  909.88  2.075
  910.84  1.598
  911.8  1.598
  912.76  1.598
  913.72  1.598
  914.68  1.598
  915.64  1.598
  916.6  1.598
  917.56  1.598
  918.52  1.598
  919.48  1.598
  920.44  1.211
  921.4  1.211
  922.36  1.211
  923.32  1.211
  924.28  1.211
  925.24  1.211
  926.2  1.211
  927.16  1.211
  928.12  1.211
  929.08  1.211
  930.04  0.916
  931  0.916
  931.96  0.916
  932.92  0.916
  933.88  0.916
  934.84  0.916
  935.8  0.916
  936.76  0.916
  937.72  0.916
  938.68  0.916
  939.64  0.916
  940.6  0.746
  941.56  0.746
  942.52  0.746
  943.48  0.746
  944.44  0.746
  945.4  0.746
  946.36  0.746
  947.32  0.746
  948.28  0.746
  949.24  0.746
  950.2  0.672
  951.16  0.672
  952.12  0.672
  953.08  0.672
  954.04  0.672
  955  0.672
  955.96  0.672
  956.92  0.672
  957.88  0.672
  958.84  0.672
  959.8  0.672
  960.76  0.627
  961.72  0.627
  962.68  0.627
  963.64  0.627
  964.6  0.627
  965.56  0.627
  966.52  0.627
  967.48  0.627
  968.44  0.627
  969.4  0.627
  970.36  0.615
  971.32  0.615
  972.28  0.615
  973.24  0.615
  974.2  0.615
  975.16  0.615
  976.12  0.615
  977.08  0.615
  978.04  0.615
  979  0.615
  979.96  0.615
  980.92  0.607
  981.88  0.607
  982.84  0.607
  983.8  0.607
  984.76  0.607
  985.72  0.607
  986.68  0.607
  987.64  0.607
  988.6  0.607
  989.56  0.607
  990.52  0.606
  991.48  0.606
  992.44  0.606
  993.4  0.606
  994.36  0.606
  995.32  0.606
  996.28  0.606
  997.24  0.606
  998.2  0.606
  999.16  0.606
  1000.12  0.609
  1001.08  0.609
  1002.04  0.609
  1003  0.609
  1003.96  0.609
  1004.92  0.609
  1005.88  0.609
  1006.84  0.609
  1007.8  0.609
  1008.76  0.609
  1009.72  0.609
  1010.68  0.603
  1011.64  0.603
  1012.6  0.603
  1013.56  0.603
  1014.52  0.603
  1015.48  0.603
  1016.44  0.603
  1017.4  0.603
  1018.36  0.603
  1019.32  0.603
  1020.28  0.601
  1021.24  0.601
  1022.2  0.601
  1023.16  0.601
  1024.12  0.601
  1025.08  0.601
  1026.04  0.601
  1027  0.601
  1027.96  0.601
  1028.92  0.601
  1029.88  0.601
  1030.84  0.603
  1031.8  0.603
  1032.76  0.603
  1033.72  0.603
  1034.68  0.603
  1035.64  0.603
  1036.6  0.603
  1037.56  0.603
  1038.52  0.603
  1039.48  0.603
  1040.44  0.601
  1041.4  0.601
  1042.36  0.601
  1043.32  0.601
  1044.28  0.601
  1045.24  0.601
  1046.2  0.601
  1047.16  0.601
  1048.12  0.601
  1049.08  0.601
  1050.04  0.611
  1051  0.611
  1051.96  0.611
  1052.92  0.611
  1053.88  0.611
  1054.84  0.611
  1055.8  0.611
  1056.76  0.611
  1057.72  0.611
  1058.68  0.611
  1059.64  0.611
  1060.6  0.601
  1061.56  0.601
  1062.52  0.601
  1063.48  0.601
  1064.44  0.601
  1065.4  0.601
  1066.36  0.601
  1067.32  0.601
  1068.28  0.601
  1069.24  0.601
  1070.2  0.608
  1071.16  0.608
  1072.12  0.608
  1073.08  0.608
  1074.04  0.608
  1075  0.608
