            -1.5            -0.4         11.8198
         -1.4625            -0.4         11.7687
          -1.425            -0.4         11.6996
         -1.3875            -0.4         11.6158
           -1.35            -0.4         11.5208
         -1.3125            -0.4         11.4182
          -1.275            -0.4         11.3117
         -1.2375            -0.4         11.2046
            -1.2            -0.4         11.0995
         -1.1625            -0.4          10.999
          -1.125            -0.4         10.9045
         -1.0875            -0.4         10.8174
           -1.05            -0.4         10.7382
         -1.0125            -0.4         10.6672
          -0.975            -0.4         10.6044
         -0.9375            -0.4         10.5494
            -0.9            -0.4         10.5019
         -0.8625            -0.4         10.4614
          -0.825            -0.4         10.4272
         -0.7875            -0.4         10.3989
           -0.75            -0.4          10.376
         -0.7125            -0.4          10.358
          -0.675            -0.4         10.3445
         -0.6375            -0.4         10.3354
            -0.6            -0.4         10.3304
         -0.5625            -0.4         10.3294
          -0.525            -0.4         10.3323
         -0.4875            -0.4         10.3393
           -0.45            -0.4         10.3504
         -0.4125            -0.4          10.366
          -0.375            -0.4         10.3863
         -0.3375            -0.4         10.4117
            -0.3            -0.4         10.4428
         -0.2625            -0.4         10.4799
          -0.225            -0.4         10.5237
         -0.1875            -0.4         10.5747
           -0.15            -0.4         10.6334
         -0.1125            -0.4         10.7001
          -0.075            -0.4         10.7751
         -0.0375            -0.4         10.8581
               0            -0.4         10.9489

            -1.5           -0.36         12.0281
         -1.4625           -0.36         11.9711
          -1.425           -0.36         11.8942
         -1.3875           -0.36         11.8008
           -1.35           -0.36         11.6949
         -1.3125           -0.36         11.5806
          -1.275           -0.36         11.4619
         -1.2375           -0.36         11.3425
            -1.2           -0.36         11.2254
         -1.1625           -0.36         11.1133
          -1.125           -0.36         11.0081
         -1.0875           -0.36          10.911
           -1.05           -0.36         10.8227
         -1.0125           -0.36         10.7436
          -0.975           -0.36         10.6735
         -0.9375           -0.36         10.6123
            -0.9           -0.36         10.5594
         -0.8625           -0.36         10.5142
          -0.825           -0.36         10.4761
         -0.7875           -0.36         10.4446
           -0.75           -0.36          10.419
         -0.7125           -0.36         10.3989
          -0.675           -0.36          10.384
         -0.6375           -0.36         10.3738
            -0.6           -0.36         10.3682
         -0.5625           -0.36         10.3671
          -0.525           -0.36         10.3704
         -0.4875           -0.36         10.3781
           -0.45           -0.36         10.3905
         -0.4125           -0.36         10.4079
          -0.375           -0.36         10.4305
         -0.3375           -0.36         10.4589
            -0.3           -0.36         10.4935
         -0.2625           -0.36         10.5349
          -0.225           -0.36         10.5837
         -0.1875           -0.36         10.6405
           -0.15           -0.36         10.7059
         -0.1125           -0.36         10.7803
          -0.075           -0.36         10.8638
         -0.0375           -0.36         10.9564
               0           -0.36         11.0575

            -1.5           -0.32         12.2652
         -1.4625           -0.32         12.2015
          -1.425           -0.32         12.1156
         -1.3875           -0.32         12.0113
           -1.35           -0.32          11.893
         -1.3125           -0.32         11.7653
          -1.275           -0.32         11.6328
         -1.2375           -0.32         11.4994
            -1.2           -0.32         11.3687
         -1.1625           -0.32         11.2435
          -1.125           -0.32         11.1259
         -1.0875           -0.32         11.0174
           -1.05           -0.32         10.9188
         -1.0125           -0.32         10.8305
          -0.975           -0.32         10.7523
         -0.9375           -0.32         10.6839
            -0.9           -0.32         10.6248
         -0.8625           -0.32         10.5743
          -0.825           -0.32         10.5317
         -0.7875           -0.32         10.4965
           -0.75           -0.32          10.468
         -0.7125           -0.32         10.4456
          -0.675           -0.32         10.4289
         -0.6375           -0.32         10.4175
            -0.6           -0.32         10.4113
         -0.5625           -0.32           10.41
          -0.525           -0.32         10.4136
         -0.4875           -0.32         10.4223
           -0.45           -0.32         10.4362
         -0.4125           -0.32         10.4556
          -0.375           -0.32         10.4808
         -0.3375           -0.32         10.5125
            -0.3           -0.32         10.5511
         -0.2625           -0.32         10.5974
          -0.225           -0.32         10.6519
         -0.1875           -0.32         10.7154
           -0.15           -0.32         10.7885
         -0.1125           -0.32         10.8715
          -0.075           -0.32         10.9648
         -0.0375           -0.32         11.0682
               0           -0.32         11.1811

            -1.5           -0.28          12.531
         -1.4625           -0.28         12.4599
          -1.425           -0.28         12.3639
         -1.3875           -0.28         12.2473
           -1.35           -0.28         12.1152
         -1.3125           -0.28         11.9725
          -1.275           -0.28         11.8244
         -1.2375           -0.28         11.6753
            -1.2           -0.28         11.5293
         -1.1625           -0.28         11.3894
          -1.125           -0.28         11.2581
         -1.0875           -0.28         11.1368
           -1.05           -0.28         11.0267
         -1.0125           -0.28         10.9279
          -0.975           -0.28         10.8406
         -0.9375           -0.28         10.7641
            -0.9           -0.28         10.6981
         -0.8625           -0.28         10.6417
          -0.825           -0.28         10.5941
         -0.7875           -0.28         10.5548
           -0.75           -0.28         10.5229
         -0.7125           -0.28         10.4979
          -0.675           -0.28         10.4792
         -0.6375           -0.28         10.4665
            -0.6           -0.28         10.4595
         -0.5625           -0.28         10.4581
          -0.525           -0.28         10.4622
         -0.4875           -0.28         10.4719
           -0.45           -0.28         10.4874
         -0.4125           -0.28          10.509
          -0.375           -0.28         10.5373
         -0.3375           -0.28         10.5727
            -0.3           -0.28         10.6158
         -0.2625           -0.28         10.6675
          -0.225           -0.28         10.7284
         -0.1875           -0.28         10.7994
           -0.15           -0.28          10.881
         -0.1125           -0.28         10.9738
          -0.075           -0.28          11.078
         -0.0375           -0.28         11.1935
               0           -0.28         11.3197

            -1.5           -0.24         12.8243
         -1.4625           -0.24         12.7449
          -1.425           -0.24         12.6378
         -1.3875           -0.24         12.5077
           -1.35           -0.24         12.3602
         -1.3125           -0.24         12.2011
          -1.275           -0.24         12.0358
         -1.2375           -0.24         11.8694
            -1.2           -0.24         11.7065
         -1.1625           -0.24         11.5504
          -1.125           -0.24         11.4038
         -1.0875           -0.24         11.2685
           -1.05           -0.24         11.1456
         -1.0125           -0.24         11.0354
          -0.975           -0.24         10.9379
         -0.9375           -0.24         10.8527
            -0.9           -0.24          10.779
         -0.8625           -0.24          10.716
          -0.825           -0.24          10.663
         -0.7875           -0.24         10.6191
           -0.75           -0.24         10.5835
         -0.7125           -0.24         10.5556
          -0.675           -0.24         10.5347
         -0.6375           -0.24         10.5206
            -0.6           -0.24         10.5128
         -0.5625           -0.24         10.5112
          -0.525           -0.24         10.5157
         -0.4875           -0.24         10.5265
           -0.45           -0.24         10.5438
         -0.4125           -0.24          10.568
          -0.375           -0.24         10.5995
         -0.3375           -0.24          10.639
            -0.3           -0.24         10.6872
         -0.2625           -0.24         10.7448
          -0.225           -0.24         10.8128
         -0.1875           -0.24          10.892
           -0.15           -0.24         10.9831
         -0.1125           -0.24         11.0866
          -0.075           -0.24         11.2029
         -0.0375           -0.24         11.3318
               0           -0.24         11.4726

            -1.5            -0.2         13.1419
         -1.4625            -0.2         13.0536
          -1.425            -0.2         12.9344
         -1.3875            -0.2         12.7897
           -1.35            -0.2         12.6256
         -1.3125            -0.2         12.4486
          -1.275            -0.2         12.2647
         -1.2375            -0.2         12.0796
            -1.2            -0.2         11.8984
         -1.1625            -0.2         11.7247
          -1.125            -0.2         11.5617
         -1.0875            -0.2         11.4112
           -1.05            -0.2         11.2744
         -1.0125            -0.2         11.1519
          -0.975            -0.2         11.0434
         -0.9375            -0.2         10.9485
            -0.9            -0.2         10.8665
         -0.8625            -0.2         10.7965
          -0.825            -0.2         10.7375
         -0.7875            -0.2         10.6887
           -0.75            -0.2         10.6491
         -0.7125            -0.2          10.618
          -0.675            -0.2         10.5949
         -0.6375            -0.2         10.5791
            -0.6            -0.2         10.5704
         -0.5625            -0.2         10.5687
          -0.525            -0.2         10.5737
         -0.4875            -0.2         10.5858
           -0.45            -0.2          10.605
         -0.4125            -0.2         10.6319
          -0.375            -0.2         10.6669
         -0.3375            -0.2         10.7109
            -0.3            -0.2         10.7644
         -0.2625            -0.2         10.8286
          -0.225            -0.2         10.9042
         -0.1875            -0.2         10.9923
           -0.15            -0.2         11.0936
         -0.1125            -0.2         11.2088
          -0.075            -0.2         11.3381
         -0.0375            -0.2         11.4816
               0            -0.2         11.6382

            -1.5           -0.16         13.4786
         -1.4625           -0.16         13.3809
          -1.425           -0.16         13.2489
         -1.3875           -0.16         13.0887
           -1.35           -0.16         12.9071
         -1.3125           -0.16          12.711
          -1.275           -0.16         12.5074
         -1.2375           -0.16         12.3025
            -1.2           -0.16         12.1018
         -1.1625           -0.16         11.9096
          -1.125           -0.16          11.729
         -1.0875           -0.16         11.5624
           -1.05           -0.16          11.411
         -1.0125           -0.16         11.2753
          -0.975           -0.16         11.1552
         -0.9375           -0.16         11.0502
            -0.9           -0.16         10.9594
         -0.8625           -0.16         10.8819
          -0.825           -0.16         10.8166
         -0.7875           -0.16         10.7625
           -0.75           -0.16         10.7187
         -0.7125           -0.16         10.6843
          -0.675           -0.16         10.6586
         -0.6375           -0.16         10.6412
            -0.6           -0.16         10.6316
         -0.5625           -0.16         10.6296
          -0.525           -0.16         10.6352
         -0.4875           -0.16         10.6485
           -0.45           -0.16         10.6698
         -0.4125           -0.16         10.6996
          -0.375           -0.16         10.7384
         -0.3375           -0.16          10.787
            -0.3           -0.16         10.8464
         -0.2625           -0.16         10.9174
          -0.225           -0.16         11.0012
         -0.1875           -0.16         11.0987
           -0.15           -0.16         11.2108
         -0.1125           -0.16         11.3383
          -0.075           -0.16         11.4816
         -0.0375           -0.16         11.6404
               0           -0.16         11.8138

            -1.5           -0.12         13.8271
         -1.4625           -0.12         13.7195
          -1.425           -0.12         13.5744
         -1.3875           -0.12         13.3981
           -1.35           -0.12         13.1983
         -1.3125           -0.12         12.9826
          -1.275           -0.12         12.7586
         -1.2375           -0.12         12.5332
            -1.2           -0.12         12.3124
         -1.1625           -0.12         12.1009
          -1.125           -0.12         11.9023
         -1.0875           -0.12          11.719
           -1.05           -0.12         11.5524
         -1.0125           -0.12         11.4031
          -0.975           -0.12          11.271
         -0.9375           -0.12         11.1554
            -0.9           -0.12         11.0555
         -0.8625           -0.12         10.9702
          -0.825           -0.12         10.8984
         -0.7875           -0.12         10.8389
           -0.75           -0.12         10.7906
         -0.7125           -0.12         10.7528
          -0.675           -0.12         10.7246
         -0.6375           -0.12         10.7054
            -0.6           -0.12         10.6949
         -0.5625           -0.12         10.6927
          -0.525           -0.12         10.6989
         -0.4875           -0.12         10.7135
           -0.45           -0.12         10.7369
         -0.4125           -0.12         10.7697
          -0.375           -0.12         10.8124
         -0.3375           -0.12         10.8659
            -0.3           -0.12         10.9312
         -0.2625           -0.12         11.0093
          -0.225           -0.12         11.1014
         -0.1875           -0.12         11.2087
           -0.15           -0.12         11.3321
         -0.1125           -0.12         11.4724
          -0.075           -0.12           11.63
         -0.0375           -0.12         11.8047
               0           -0.12         11.9955

            -1.5           -0.08         14.1775
         -1.4625           -0.08         14.0601
          -1.425           -0.08         13.9016
         -1.3875           -0.08         13.7093
           -1.35           -0.08         13.4911
         -1.3125           -0.08         13.2557
          -1.275           -0.08         13.0112
         -1.2375           -0.08         12.7652
            -1.2           -0.08         12.5241
         -1.1625           -0.08         12.2932
          -1.125           -0.08         12.0764
         -1.0875           -0.08         11.8764
           -1.05           -0.08         11.6945
         -1.0125           -0.08         11.5316
          -0.975           -0.08         11.3873
         -0.9375           -0.08         11.2612
            -0.9           -0.08         11.1522
         -0.8625           -0.08         11.0591
          -0.825           -0.08         10.9806
         -0.7875           -0.08         10.9157
           -0.75           -0.08          10.863
         -0.7125           -0.08         10.8217
          -0.675           -0.08         10.7909
         -0.6375           -0.08           10.77
            -0.6           -0.08         10.7585
         -0.5625           -0.08         10.7561
          -0.525           -0.08         10.7628
         -0.4875           -0.08         10.7788
           -0.45           -0.08         10.8044
         -0.4125           -0.08         10.8402
          -0.375           -0.08         10.8868
         -0.3375           -0.08         10.9452
            -0.3           -0.08         11.0164
         -0.2625           -0.08         11.1017
          -0.225           -0.08         11.2023
         -0.1875           -0.08         11.3194
           -0.15           -0.08         11.4541
         -0.1125           -0.08         11.6072
          -0.075           -0.08         11.7792
         -0.0375           -0.08         11.9699
               0           -0.08         12.1782

            -1.5           -0.04         14.5181
         -1.4625           -0.04         14.3911
          -1.425           -0.04         14.2197
         -1.3875           -0.04         14.0117
           -1.35           -0.04         13.7757
         -1.3125           -0.04         13.5211
          -1.275           -0.04         13.2567
         -1.2375           -0.04         12.9906
            -1.2           -0.04         12.7299
         -1.1625           -0.04         12.4802
          -1.125           -0.04         12.2457
         -1.0875           -0.04         12.0293
           -1.05           -0.04         11.8327
         -1.0125           -0.04         11.6564
          -0.975           -0.04         11.5005
         -0.9375           -0.04          11.364
            -0.9           -0.04         11.2461
         -0.8625           -0.04         11.1454
          -0.825           -0.04         11.0606
         -0.7875           -0.04         10.9903
           -0.75           -0.04         10.9334
         -0.7125           -0.04         10.8887
          -0.675           -0.04         10.8554
         -0.6375           -0.04         10.8328
            -0.6           -0.04         10.8203
         -0.5625           -0.04         10.8178
          -0.525           -0.04          10.825
         -0.4875           -0.04         10.8423
           -0.45           -0.04           10.87
         -0.4125           -0.04         10.9086
          -0.375           -0.04         10.9591
         -0.3375           -0.04         11.0222
            -0.3           -0.04         11.0993
         -0.2625           -0.04         11.1915
          -0.225           -0.04         11.3003
         -0.1875           -0.04         11.4269
           -0.15           -0.04         11.5726
         -0.1125           -0.04         11.7382
          -0.075           -0.04         11.9243
         -0.0375           -0.04         12.1305
               0           -0.04         12.3558

            -1.5               0         14.8355
         -1.4625               0         14.6996
          -1.425               0         14.5162
         -1.3875               0         14.2935
           -1.35               0          14.041
         -1.3125               0         13.7685
          -1.275               0         13.4855
         -1.2375               0         13.2007
            -1.2               0         12.9217
         -1.1625               0         12.6544
          -1.125               0         12.4035
         -1.0875               0         12.1719
           -1.05               0         11.9614
         -1.0125               0         11.7728
          -0.975               0         11.6059
         -0.9375               0         11.4599
            -0.9               0         11.3337
         -0.8625               0         11.2259
          -0.825               0         11.1351
         -0.7875               0         11.0599
           -0.75               0          10.999
         -0.7125               0         10.9512
          -0.675               0         10.9155
         -0.6375               0         10.8913
            -0.6               0         10.8779
         -0.5625               0         10.8752
          -0.525               0          10.883
         -0.4875               0         10.9015
           -0.45               0         10.9311
         -0.4125               0         10.9725
          -0.375               0         11.0264
         -0.3375               0          11.094
            -0.3               0         11.1765
         -0.2625               0         11.2753
          -0.225               0         11.3917
         -0.1875               0         11.5272
           -0.15               0         11.6831
         -0.1125               0         11.8604
          -0.075               0         12.0595
         -0.0375               0         12.2802
               0               0         12.5213

            -1.5            0.04         15.1158
         -1.4625            0.04         14.9721
          -1.425            0.04          14.778
         -1.3875            0.04         14.5424
           -1.35            0.04         14.2753
         -1.3125            0.04         13.9869
          -1.275            0.04         13.6875
         -1.2375            0.04         13.3862
            -1.2            0.04         13.0911
         -1.1625            0.04         12.8083
          -1.125            0.04         12.5428
         -1.0875            0.04         12.2978
           -1.05            0.04         12.0752
         -1.0125            0.04         11.8756
          -0.975            0.04          11.699
         -0.9375            0.04         11.5445
            -0.9            0.04          11.411
         -0.8625            0.04          11.297
          -0.825            0.04         11.2009
         -0.7875            0.04         11.1214
           -0.75            0.04         11.0569
         -0.7125            0.04         11.0063
          -0.675            0.04         10.9686
         -0.6375            0.04          10.943
            -0.6            0.04         10.9288
         -0.5625            0.04         10.9259
          -0.525            0.04         10.9342
         -0.4875            0.04         10.9538
           -0.45            0.04         10.9851
         -0.4125            0.04         11.0289
          -0.375            0.04         11.0859
         -0.3375            0.04         11.1575
            -0.3            0.04         11.2447
         -0.2625            0.04         11.3492
          -0.225            0.04         11.4724
         -0.1875            0.04         11.6157
           -0.15            0.04         11.7807
         -0.1125            0.04         11.9682
          -0.075            0.04         12.1789
         -0.0375            0.04         12.4124
               0            0.04         12.6675

            -1.5            0.08         15.3455
         -1.4625            0.08         15.1953
          -1.425            0.08         14.9925
         -1.3875            0.08         14.7464
           -1.35            0.08         14.4672
         -1.3125            0.08         14.1659
          -1.275            0.08         13.8531
         -1.2375            0.08         13.5383
            -1.2            0.08         13.2298
         -1.1625            0.08         12.9344
          -1.125            0.08          12.657
         -1.0875            0.08          12.401
           -1.05            0.08         12.1683
         -1.0125            0.08         11.9598
          -0.975            0.08         11.7752
         -0.9375            0.08         11.6138
            -0.9            0.08         11.4743
         -0.8625            0.08         11.3552
          -0.825            0.08         11.2548
         -0.7875            0.08         11.1717
           -0.75            0.08         11.1044
         -0.7125            0.08         11.0515
          -0.675            0.08         11.0121
         -0.6375            0.08         10.9853
            -0.6            0.08         10.9706
         -0.5625            0.08         10.9675
          -0.525            0.08         10.9761
         -0.4875            0.08         10.9966
           -0.45            0.08         11.0293
         -0.4125            0.08         11.0751
          -0.375            0.08         11.1347
         -0.3375            0.08         11.2094
            -0.3            0.08         11.3006
         -0.2625            0.08         11.4098
          -0.225            0.08         11.5385
         -0.1875            0.08         11.6883
           -0.15            0.08         11.8606
         -0.1125            0.08         12.0566
          -0.075            0.08         12.2767
         -0.0375            0.08         12.5207
               0            0.08         12.7873

            -1.5            0.12         15.5127
         -1.4625            0.12         15.3578
          -1.425            0.12         15.1487
         -1.3875            0.12         14.8948
           -1.35            0.12         14.6069
         -1.3125            0.12         14.2962
          -1.275            0.12         13.9736
         -1.2375            0.12         13.6489
            -1.2            0.12         13.3309
         -1.1625            0.12         13.0262
          -1.125            0.12         12.7401
         -1.0875            0.12         12.4761
           -1.05            0.12         12.2361
         -1.0125            0.12         12.0211
          -0.975            0.12         11.8308
         -0.9375            0.12         11.6643
            -0.9            0.12         11.5204
         -0.8625            0.12         11.3976
          -0.825            0.12         11.2941
         -0.7875            0.12         11.2083
           -0.75            0.12         11.1389
         -0.7125            0.12         11.0844
          -0.675            0.12         11.0437
         -0.6375            0.12         11.0161
            -0.6            0.12         11.0009
         -0.5625            0.12         10.9978
          -0.525            0.12         11.0067
         -0.4875            0.12         11.0278
           -0.45            0.12         11.0615
         -0.4125            0.12         11.1087
          -0.375            0.12         11.1702
         -0.3375            0.12         11.2473
            -0.3            0.12         11.3413
         -0.2625            0.12         11.4539
          -0.225            0.12         11.5866
         -0.1875            0.12         11.7411
           -0.15            0.12         11.9188
         -0.1125            0.12         12.1209
          -0.075            0.12         12.3479
         -0.0375            0.12         12.5995
               0            0.12         12.8745

            -1.5            0.16         15.6083
         -1.4625            0.16         15.4507
          -1.425            0.16         15.2379
         -1.3875            0.16         14.9797
           -1.35            0.16         14.6868
         -1.3125            0.16         14.3707
          -1.275            0.16         14.0425
         -1.2375            0.16         13.7122
            -1.2            0.16         13.3886
         -1.1625            0.16         13.0786
          -1.125            0.16         12.7876
         -1.0875            0.16          12.519
           -1.05            0.16         12.2749
         -1.0125            0.16         12.0561
          -0.975            0.16         11.8625
         -0.9375            0.16         11.6932
            -0.9            0.16         11.5468
         -0.8625            0.16         11.4218
          -0.825            0.16         11.3165
         -0.7875            0.16         11.2293
           -0.75            0.16         11.1586
         -0.7125            0.16         11.1032
          -0.675            0.16         11.0618
         -0.6375            0.16         11.0337
            -0.6            0.16         11.0183
         -0.5625            0.16         11.0151
          -0.525            0.16         11.0241
         -0.4875            0.16         11.0456
           -0.45            0.16         11.0799
         -0.4125            0.16         11.1279
          -0.375            0.16         11.1905
         -0.3375            0.16         11.2689
            -0.3            0.16         11.3645
         -0.2625            0.16         11.4791
          -0.225            0.16         11.6141
         -0.1875            0.16         11.7713
           -0.15            0.16         11.9521
         -0.1125            0.16         12.1577
          -0.075            0.16         12.3886
         -0.0375            0.16         12.6446
               0            0.16         12.9243

            -1.5             0.2         15.6268
         -1.4625             0.2         15.4687
          -1.425             0.2         15.2552
         -1.3875             0.2         14.9961
           -1.35             0.2         14.7023
         -1.3125             0.2         14.3851
          -1.275             0.2         14.0558
         -1.2375             0.2         13.7245
            -1.2             0.2         13.3998
         -1.1625             0.2         13.0888
          -1.125             0.2         12.7968
         -1.0875             0.2         12.5273
           -1.05             0.2         12.2824
         -1.0125             0.2         12.0629
          -0.975             0.2         11.8687
         -0.9375             0.2         11.6988
            -0.9             0.2         11.5519
         -0.8625             0.2         11.4265
          -0.825             0.2         11.3209
         -0.7875             0.2         11.2334
           -0.75             0.2         11.1625
         -0.7125             0.2         11.1068
          -0.675             0.2         11.0653
         -0.6375             0.2         11.0371
            -0.6             0.2         11.0216
         -0.5625             0.2         11.0184
          -0.525             0.2         11.0275
         -0.4875             0.2          11.049
           -0.45             0.2         11.0835
         -0.4125             0.2         11.1316
          -0.375             0.2         11.1944
         -0.3375             0.2         11.2731
            -0.3             0.2         11.3691
         -0.2625             0.2         11.4839
          -0.225             0.2         11.6194
         -0.1875             0.2         11.7771
           -0.15             0.2         11.9585
         -0.1125             0.2         12.1648
          -0.075             0.2         12.3965
         -0.0375             0.2         12.6533
               0             0.2         12.9339

            -1.5            0.24         15.5673
         -1.4625            0.24         15.4108
          -1.425            0.24         15.1997
         -1.3875            0.24         14.9433
           -1.35            0.24         14.6525
         -1.3125            0.24         14.3388
          -1.275            0.24         14.0129
         -1.2375            0.24         13.6851
            -1.2            0.24         13.3638
         -1.1625            0.24         13.0561
          -1.125            0.24         12.7672
         -1.0875            0.24         12.5006
           -1.05            0.24         12.2583
         -1.0125            0.24         12.0411
          -0.975            0.24         11.8489
         -0.9375            0.24         11.6808
            -0.9            0.24         11.5355
         -0.8625            0.24         11.4114
          -0.825            0.24         11.3069
         -0.7875            0.24         11.2203
           -0.75            0.24         11.1502
         -0.7125            0.24         11.0951
          -0.675            0.24         11.0541
         -0.6375            0.24         11.0262
            -0.6            0.24         11.0108
         -0.5625            0.24         11.0077
          -0.525            0.24         11.0166
         -0.4875            0.24         11.0379
           -0.45            0.24          11.072
         -0.4125            0.24         11.1197
          -0.375            0.24         11.1818
         -0.3375            0.24         11.2596
            -0.3            0.24         11.3546
         -0.2625            0.24         11.4683
          -0.225            0.24         11.6023
         -0.1875            0.24         11.7583
           -0.15            0.24         11.9378
         -0.1125            0.24         12.1419
          -0.075            0.24         12.3711
         -0.0375            0.24         12.6253
               0            0.24         12.9029

            -1.5            0.28         15.4331
         -1.4625            0.28         15.2804
          -1.425            0.28         15.0743
         -1.3875            0.28         14.8241
           -1.35            0.28         14.5404
         -1.3125            0.28         14.2342
          -1.275            0.28         13.9162
         -1.2375            0.28         13.5962
            -1.2            0.28         13.2827
         -1.1625            0.28         12.9825
          -1.125            0.28         12.7005
         -1.0875            0.28         12.4403
           -1.05            0.28         12.2038
         -1.0125            0.28         11.9919
          -0.975            0.28         11.8043
         -0.9375            0.28         11.6403
            -0.9            0.28         11.4985
         -0.8625            0.28         11.3774
          -0.825            0.28         11.2754
         -0.7875            0.28         11.1909
           -0.75            0.28         11.1224
         -0.7125            0.28         11.0687
          -0.675            0.28         11.0287
         -0.6375            0.28         11.0014
            -0.6            0.28         10.9864
         -0.5625            0.28         10.9834
          -0.525            0.28         10.9921
         -0.4875            0.28         11.0129
           -0.45            0.28         11.0462
         -0.4125            0.28         11.0927
          -0.375            0.28         11.1533
         -0.3375            0.28         11.2292
            -0.3            0.28         11.3219
         -0.2625            0.28         11.4329
          -0.225            0.28         11.5637
         -0.1875            0.28         11.7159
           -0.15            0.28         11.8911
         -0.1125            0.28         12.0903
          -0.075            0.28          12.314
         -0.0375            0.28          12.562
               0            0.28         12.8329

            -1.5            0.32         15.2316
         -1.4625            0.32         15.0846
          -1.425            0.32         14.8862
         -1.3875            0.32         14.6452
           -1.35            0.32          14.372
         -1.3125            0.32         14.0772
          -1.275            0.32          13.771
         -1.2375            0.32         13.4629
            -1.2            0.32          13.161
         -1.1625            0.32         12.8719
          -1.125            0.32         12.6004
         -1.0875            0.32         12.3498
           -1.05            0.32         12.1221
         -1.0125            0.32          11.918
          -0.975            0.32         11.7374
         -0.9375            0.32         11.5795
            -0.9            0.32         11.4429
         -0.8625            0.32         11.3263
          -0.825            0.32         11.2281
         -0.7875            0.32         11.1467
           -0.75            0.32         11.0808
         -0.7125            0.32         11.0291
          -0.675            0.32         10.9905
         -0.6375            0.32         10.9643
            -0.6            0.32         10.9499
         -0.5625            0.32         10.9469
          -0.525            0.32         10.9553
         -0.4875            0.32         10.9754
           -0.45            0.32         11.0074
         -0.4125            0.32         11.0521
          -0.375            0.32         11.1105
         -0.3375            0.32         11.1837
            -0.3            0.32         11.2729
         -0.2625            0.32         11.3797
          -0.225            0.32         11.5057
         -0.1875            0.32         11.6523
           -0.15            0.32          11.821
         -0.1125            0.32         12.0128
          -0.075            0.32         12.2282
         -0.0375            0.32          12.467
               0            0.32         12.7279

            -1.5            0.36         14.9736
         -1.4625            0.36         14.8339
          -1.425            0.36         14.6452
         -1.3875            0.36         14.4162
           -1.35            0.36         14.1564
         -1.3125            0.36         13.8761
          -1.275            0.36          13.585
         -1.2375            0.36         13.2921
            -1.2            0.36         13.0051
         -1.1625            0.36         12.7303
          -1.125            0.36         12.4722
         -1.0875            0.36         12.2339
           -1.05            0.36         12.0175
         -1.0125            0.36         11.8235
          -0.975            0.36         11.6517
         -0.9375            0.36         11.5016
            -0.9            0.36         11.3718
         -0.8625            0.36         11.2609
          -0.825            0.36         11.1675
         -0.7875            0.36         11.0902
           -0.75            0.36         11.0275
         -0.7125            0.36         10.9783
          -0.675            0.36         10.9417
         -0.6375            0.36         10.9168
            -0.6            0.36          10.903
         -0.5625            0.36         10.9002
          -0.525            0.36         10.9082
         -0.4875            0.36         10.9273
           -0.45            0.36         10.9577
         -0.4125            0.36         11.0003
          -0.375            0.36         11.0558
         -0.3375            0.36         11.1253
            -0.3            0.36         11.2101
         -0.2625            0.36         11.3117
          -0.225            0.36         11.4314
         -0.1875            0.36         11.5708
           -0.15            0.36         11.7312
         -0.1125            0.36         11.9135
          -0.075            0.36         12.1183
         -0.0375            0.36         12.3453
               0            0.36         12.5934

            -1.5             0.4          14.672
         -1.4625             0.4         14.5407
          -1.425             0.4         14.3635
         -1.3875             0.4         14.1484
           -1.35             0.4         13.9044
         -1.3125             0.4         13.6411
          -1.275             0.4         13.3676
         -1.2375             0.4         13.0925
            -1.2             0.4         12.8229
         -1.1625             0.4         12.5647
          -1.125             0.4         12.3222
         -1.0875             0.4         12.0985
           -1.05             0.4         11.8951
         -1.0125             0.4         11.7129
          -0.975             0.4         11.5516
         -0.9375             0.4         11.4105
            -0.9             0.4         11.2886
         -0.8625             0.4         11.1844
          -0.825             0.4         11.0967
         -0.7875             0.4         11.0241
           -0.75             0.4         10.9652
         -0.7125             0.4          10.919
          -0.675             0.4         10.8846
         -0.6375             0.4         10.8612
            -0.6             0.4         10.8483
         -0.5625             0.4         10.8456
          -0.525             0.4         10.8531
         -0.4875             0.4          10.871
           -0.45             0.4         10.8996
         -0.4125             0.4         10.9396
          -0.375             0.4         10.9917
         -0.3375             0.4         11.0571
            -0.3             0.4         11.1368
         -0.2625             0.4         11.2321
          -0.225             0.4         11.3446
         -0.1875             0.4         11.4756
           -0.15             0.4         11.6262
         -0.1125             0.4         11.7975
          -0.075             0.4         11.9898
         -0.0375             0.4         12.2031
               0             0.4         12.4361

            -1.5            0.44         14.3407
         -1.4625            0.44         14.2187
          -1.425            0.44         14.0541
         -1.3875            0.44         13.8542
           -1.35            0.44         13.6275
         -1.3125            0.44         13.3828
          -1.275            0.44         13.1288
         -1.2375            0.44         12.8732
            -1.2            0.44         12.6227
         -1.1625            0.44         12.3828
          -1.125            0.44         12.1575
         -1.0875            0.44         11.9496
           -1.05            0.44         11.7607
         -1.0125            0.44         11.5914
          -0.975            0.44         11.4415
         -0.9375            0.44         11.3105
            -0.9            0.44         11.1972
         -0.8625            0.44         11.1004
          -0.825            0.44          11.019
         -0.7875            0.44         10.9514
           -0.75            0.44         10.8968
         -0.7125            0.44         10.8538
          -0.675            0.44         10.8218
         -0.6375            0.44         10.8001
            -0.6            0.44         10.7881
         -0.5625            0.44         10.7856
          -0.525            0.44         10.7926
         -0.4875            0.44         10.8093
           -0.45            0.44         10.8358
         -0.4125            0.44          10.873
          -0.375            0.44         10.9214
         -0.3375            0.44         10.9821
            -0.3            0.44         11.0561
         -0.2625            0.44         11.1448
          -0.225            0.44         11.2493
         -0.1875            0.44         11.3709
           -0.15            0.44         11.5109
         -0.1125            0.44           11.67
          -0.075            0.44         11.8487
         -0.0375            0.44         12.0469
               0            0.44         12.2633

            -1.5            0.48         13.9933
         -1.4625            0.48         13.8811
          -1.425            0.48         13.7296
         -1.3875            0.48         13.5458
           -1.35            0.48         13.3372
         -1.3125            0.48         13.1121
          -1.275            0.48         12.8784
         -1.2375            0.48         12.6433
            -1.2            0.48         12.4128
         -1.1625            0.48         12.1921
          -1.125            0.48         11.9849
         -1.0875            0.48         11.7936
           -1.05            0.48         11.6198
         -1.0125            0.48         11.4641
          -0.975            0.48         11.3262
         -0.9375            0.48         11.2056
            -0.9            0.48         11.1014
         -0.8625            0.48         11.0124
          -0.825            0.48         10.9374
         -0.7875            0.48         10.8753
           -0.75            0.48          10.825
         -0.7125            0.48         10.7855
          -0.675            0.48         10.7561
         -0.6375            0.48         10.7361
            -0.6            0.48          10.725
         -0.5625            0.48         10.7228
          -0.525            0.48         10.7292
         -0.4875            0.48         10.7445
           -0.45            0.48          10.769
         -0.4125            0.48         10.8031
          -0.375            0.48         10.8477
         -0.3375            0.48         10.9035
            -0.3            0.48         10.9716
         -0.2625            0.48         11.0532
          -0.225            0.48         11.1493
         -0.1875            0.48         11.2612
           -0.15            0.48           11.39
         -0.1125            0.48         11.5364
          -0.075            0.48         11.7008
         -0.0375            0.48         11.8831
               0            0.48         12.0822

            -1.5            0.52         13.6426
         -1.4625            0.52         13.5402
          -1.425            0.52         13.4021
         -1.3875            0.52         13.2343
           -1.35            0.52         13.0441
         -1.3125            0.52         12.8388
          -1.275            0.52         12.6256
         -1.2375            0.52         12.4111
            -1.2            0.52         12.2009
         -1.1625            0.52         11.9996
          -1.125            0.52         11.8106
         -1.0875            0.52         11.6361
           -1.05            0.52         11.4776
         -1.0125            0.52         11.3355
          -0.975            0.52         11.2097
         -0.9375            0.52         11.0997
            -0.9            0.52         11.0046
         -0.8625            0.52         10.9235
          -0.825            0.52         10.8551
         -0.7875            0.52         10.7984
           -0.75            0.52         10.7525
         -0.7125            0.52         10.7165
          -0.675            0.52         10.6897
         -0.6375            0.52         10.6714
            -0.6            0.52         10.6614
         -0.5625            0.52         10.6593
          -0.525            0.52         10.6652
         -0.4875            0.52         10.6791
           -0.45            0.52         10.7014
         -0.4125            0.52         10.7326
          -0.375            0.52         10.7732
         -0.3375            0.52         10.8241
            -0.3            0.52         10.8863
         -0.2625            0.52         10.9607
          -0.225            0.52         11.0484
         -0.1875            0.52         11.1504
           -0.15            0.52         11.2679
         -0.1125            0.52         11.4014
          -0.075            0.52         11.5514
         -0.0375            0.52         11.7177
               0            0.52         11.8993

            -1.5            0.56         13.2992
         -1.4625            0.56         13.2065
          -1.425            0.56         13.0814
         -1.3875            0.56         12.9294
           -1.35            0.56         12.7572
         -1.3125            0.56         12.5712
          -1.275            0.56         12.3781
         -1.2375            0.56         12.1838
            -1.2            0.56         11.9934
         -1.1625            0.56         11.8111
          -1.125            0.56         11.6399
         -1.0875            0.56         11.4819
           -1.05            0.56         11.3383
         -1.0125            0.56         11.2096
          -0.975            0.56         11.0957
         -0.9375            0.56         10.9961
            -0.9            0.56         10.9099
         -0.8625            0.56         10.8364
          -0.825            0.56         10.7745
         -0.7875            0.56         10.7232
           -0.75            0.56         10.6816
         -0.7125            0.56          10.649
          -0.675            0.56         10.6247
         -0.6375            0.56         10.6081
            -0.6            0.56          10.599
         -0.5625            0.56         10.5971
          -0.525            0.56         10.6025
         -0.4875            0.56         10.6151
           -0.45            0.56         10.6353
         -0.4125            0.56         10.6635
          -0.375            0.56         10.7003
         -0.3375            0.56         10.7465
            -0.3            0.56         10.8027
         -0.2625            0.56         10.8701
          -0.225            0.56         10.9495
         -0.1875            0.56          11.042
           -0.15            0.56         11.1484
         -0.1125            0.56         11.2693
          -0.075            0.56         11.4052
         -0.0375            0.56         11.5558
               0            0.56         11.7203

            -1.5             0.6         12.9718
         -1.4625             0.6         12.8883
          -1.425             0.6         12.7756
         -1.3875             0.6         12.6387
           -1.35             0.6         12.4835
         -1.3125             0.6          12.316
          -1.275             0.6         12.1421
         -1.2375             0.6         11.9671
            -1.2             0.6         11.7956
         -1.1625             0.6         11.6314
          -1.125             0.6         11.4771
         -1.0875             0.6         11.3348
           -1.05             0.6         11.2055
         -1.0125             0.6         11.0895
          -0.975             0.6         10.9869
         -0.9375             0.6         10.8972
            -0.9             0.6         10.8196
         -0.8625             0.6         10.7534
          -0.825             0.6         10.6976
         -0.7875             0.6         10.6514
           -0.75             0.6          10.614
         -0.7125             0.6         10.5846
          -0.675             0.6         10.5627
         -0.6375             0.6         10.5478
            -0.6             0.6         10.5396
         -0.5625             0.6         10.5379
          -0.525             0.6         10.5427
         -0.4875             0.6          10.554
           -0.45             0.6         10.5722
         -0.4125             0.6         10.5977
          -0.375             0.6         10.6308
         -0.3375             0.6         10.6724
            -0.3             0.6         10.7231
         -0.2625             0.6         10.7837
          -0.225             0.6         10.8553
         -0.1875             0.6         10.9386
           -0.15             0.6         11.0344
         -0.1125             0.6         11.1433
          -0.075             0.6         11.2657
         -0.0375             0.6         11.4014
               0             0.6         11.5496

            -1.5            0.64         12.6665
         -1.4625            0.64         12.5916
          -1.425            0.64         12.4904
         -1.3875            0.64         12.3677
           -1.35            0.64         12.2284
         -1.3125            0.64         12.0781
          -1.275            0.64          11.922
         -1.2375            0.64          11.765
            -1.2            0.64         11.6112
         -1.1625            0.64         11.4638
          -1.125            0.64         11.3254
         -1.0875            0.64         11.1977
           -1.05            0.64         11.0816
         -1.0125            0.64         10.9776
          -0.975            0.64         10.8856
         -0.9375            0.64          10.805
            -0.9            0.64         10.7354
         -0.8625            0.64          10.676
          -0.825            0.64          10.626
         -0.7875            0.64         10.5845
           -0.75            0.64         10.5509
         -0.7125            0.64         10.5245
          -0.675            0.64         10.5049
         -0.6375            0.64         10.4915
            -0.6            0.64         10.4841
         -0.5625            0.64         10.4826
          -0.525            0.64         10.4869
         -0.4875            0.64         10.4971
           -0.45            0.64         10.5135
         -0.4125            0.64         10.5363
          -0.375            0.64          10.566
         -0.3375            0.64         10.6033
            -0.3            0.64         10.6488
         -0.2625            0.64         10.7032
          -0.225            0.64         10.7674
         -0.1875            0.64         10.8422
           -0.15            0.64         10.9281
         -0.1125            0.64         11.0259
          -0.075            0.64         11.1357
         -0.0375            0.64         11.2574
               0            0.64         11.3904

            -1.5            0.68         12.3875
         -1.4625            0.68         12.3204
          -1.425            0.68         12.2298
         -1.3875            0.68         12.1199
           -1.35            0.68         11.9952
         -1.3125            0.68         11.8606
          -1.275            0.68         11.7209
         -1.2375            0.68         11.5803
            -1.2            0.68         11.4425
         -1.1625            0.68         11.3106
          -1.125            0.68         11.1867
         -1.0875            0.68         11.0723
           -1.05            0.68         10.9684
         -1.0125            0.68         10.8753
          -0.975            0.68         10.7929
         -0.9375            0.68         10.7208
            -0.9            0.68         10.6585
         -0.8625            0.68         10.6053
          -0.825            0.68         10.5604
         -0.7875            0.68         10.5233
           -0.75            0.68         10.4932
         -0.7125            0.68         10.4696
          -0.675            0.68          10.452
         -0.6375            0.68         10.4401
            -0.6            0.68         10.4335
         -0.5625            0.68         10.4321
          -0.525            0.68          10.436
         -0.4875            0.68         10.4451
           -0.45            0.68         10.4597
         -0.4125            0.68         10.4801
          -0.375            0.68         10.5068
         -0.3375            0.68         10.5402
            -0.3            0.68         10.5809
         -0.2625            0.68         10.6296
          -0.225            0.68         10.6871
         -0.1875            0.68          10.754
           -0.15            0.68          10.831
         -0.1125            0.68         10.9185
          -0.075            0.68         11.0168
         -0.0375            0.68         11.1258
               0            0.68         11.2449

            -1.5            0.72         12.1367
         -1.4625            0.72         12.0767
          -1.425            0.72         11.9956
         -1.3875            0.72         11.8972
           -1.35            0.72         11.7856
         -1.3125            0.72         11.6652
          -1.275            0.72         11.5401
         -1.2375            0.72         11.4143
            -1.2            0.72          11.291
         -1.1625            0.72         11.1729
          -1.125            0.72         11.0621
         -1.0875            0.72         10.9597
           -1.05            0.72         10.8667
         -1.0125            0.72         10.7834
          -0.975            0.72         10.7096
         -0.9375            0.72         10.6451
            -0.9            0.72         10.5893
         -0.8625            0.72         10.5417
          -0.825            0.72         10.5016
         -0.7875            0.72         10.4684
           -0.75            0.72         10.4414
         -0.7125            0.72         10.4203
          -0.675            0.72         10.4046
         -0.6375            0.72         10.3938
            -0.6            0.72         10.3879
         -0.5625            0.72         10.3867
          -0.525            0.72         10.3902
         -0.4875            0.72         10.3984
           -0.45            0.72         10.4114
         -0.4125            0.72         10.4297
          -0.375            0.72         10.4536
         -0.3375            0.72         10.4834
            -0.3            0.72         10.5199
         -0.2625            0.72         10.5635
          -0.225            0.72          10.615
         -0.1875            0.72         10.6748
           -0.15            0.72         10.7437
         -0.1125            0.72         10.8221
          -0.075            0.72           10.91
         -0.0375            0.72         11.0076
               0            0.72         11.1141

            -1.5            0.76         11.9149
         -1.4625            0.76          11.861
          -1.425            0.76         11.7884
         -1.3875            0.76         11.7002
           -1.35            0.76         11.6002
         -1.3125            0.76         11.4923
          -1.275            0.76         11.3802
         -1.2375            0.76         11.2675
            -1.2            0.76          11.157
         -1.1625            0.76         11.0512
          -1.125            0.76         10.9518
         -1.0875            0.76         10.8601
           -1.05            0.76         10.7767
         -1.0125            0.76          10.702
          -0.975            0.76         10.6359
         -0.9375            0.76         10.5781
            -0.9            0.76         10.5281
         -0.8625            0.76         10.4854
          -0.825            0.76         10.4495
         -0.7875            0.76         10.4197
           -0.75            0.76         10.3956
         -0.7125            0.76         10.3767
          -0.675            0.76         10.3625
         -0.6375            0.76         10.3529
            -0.6            0.76         10.3477
         -0.5625            0.76         10.3466
          -0.525            0.76         10.3497
         -0.4875            0.76          10.357
           -0.45            0.76         10.3687
         -0.4125            0.76         10.3851
          -0.375            0.76         10.4065
         -0.3375            0.76         10.4332
            -0.3            0.76         10.4659
         -0.2625            0.76          10.505
          -0.225            0.76         10.5511
         -0.1875            0.76         10.6048
           -0.15            0.76         10.6665
         -0.1125            0.76         10.7367
          -0.075            0.76         10.8155
         -0.0375            0.76          10.903
               0            0.76         10.9984

            -1.5             0.8         11.7213
         -1.4625             0.8         11.6729
          -1.425             0.8         11.6076
         -1.3875             0.8         11.5284
           -1.35             0.8         11.4385
         -1.3125             0.8         11.3415
          -1.275             0.8         11.2407
         -1.2375             0.8         11.1394
            -1.2             0.8           11.04
         -1.1625             0.8         10.9449
          -1.125             0.8         10.8556
         -1.0875             0.8         10.7731
           -1.05             0.8         10.6982
         -1.0125             0.8         10.6311
          -0.975             0.8         10.5716
         -0.9375             0.8         10.5197
            -0.9             0.8         10.4747
         -0.8625             0.8         10.4364
          -0.825             0.8         10.4041
         -0.7875             0.8         10.3773
           -0.75             0.8         10.3556
         -0.7125             0.8         10.3386
          -0.675             0.8         10.3259
         -0.6375             0.8         10.3173
            -0.6             0.8         10.3125
         -0.5625             0.8         10.3115
          -0.525             0.8         10.3143
         -0.4875             0.8         10.3209
           -0.45             0.8         10.3315
         -0.4125             0.8         10.3462
          -0.375             0.8         10.3654
         -0.3375             0.8         10.3894
            -0.3             0.8         10.4188
         -0.2625             0.8          10.454
          -0.225             0.8         10.4954
         -0.1875             0.8         10.5436
           -0.15             0.8         10.5991
         -0.1125             0.8         10.6622
          -0.075             0.8         10.7331
         -0.0375             0.8         10.8117
               0             0.8         10.8975

