              -1         11.2377
           -0.96         10.6141
           -0.92         10.3274
           -0.88         10.1985
           -0.84         10.1426
            -0.8         10.1237
           -0.76         10.1292
           -0.72         10.1582
           -0.68         10.2172
           -0.64         10.3161
            -0.6         10.4585
           -0.56         10.6264
           -0.52           10.77
           -0.48         10.8281
           -0.44         10.7739
            -0.4         10.6374
           -0.36         10.4784
           -0.32          10.343
           -0.28          10.248
           -0.24         10.1906
            -0.2         10.1629
           -0.16         10.1596
           -0.12         10.1811
           -0.08         10.2361
           -0.04          10.344
               0         10.5373
            0.04         10.8556
            0.08         11.3201
            0.12         11.8878
            0.16         12.4241
             0.2         12.7547
            0.24         12.7832
            0.28         12.5573
            0.32         12.2178
            0.36         11.9003
             0.4         11.6863
            0.44         11.6149
            0.48         11.7176
            0.52         12.0514
            0.56         12.7277
             0.6          13.926
            0.64         15.8538
            0.68         18.5646
            0.72         21.6144
            0.76         23.8597
             0.8         23.9932
            0.84         21.7076
            0.88         18.1271
            0.92         14.7936
            0.96         12.5102
               1         11.2377
