
17 December 2011 11:02:46 AM

ASA243_PRB:
  C++ version
  Test the ASA243 library.

TEST01:
  TNC computes the noncentral Student T
  Cumulative Density Function.
  Compare with tabulated values.

        X         LAMBDA        DF      CDF             CDF           DIFF
                                        Tabulated       PRNCST

           3           0         1        0.8975836176504333        0.8975836176189371    3.15e-11
           3           0         2              0.9522670169        0.9522670168676521   3.235e-11
           3           0         3        0.9711655571887813        0.9711655571881732   6.081e-13
           3         0.5         1        0.8231218863999999        0.8231218872874918   8.875e-10
           3         0.5         2               0.904902151         0.904902151886547   8.865e-10
           3         0.5         3              0.9363471834        0.9363471843665093   9.665e-10
           3           1         1              0.7301025986        0.7301026052504616    6.65e-09
           3           1         2              0.8335594263        0.8335594330258447   6.726e-09
           3           1         3              0.8774010255        0.8774010322113766   6.711e-09
           3           2         1              0.5248571617        0.5248571616410547   5.895e-11
           3           2         2              0.6293856597        0.6293856597119885   1.199e-11
           3           2         3              0.6800271741        0.6800271740463306   5.367e-11
           3           4         1             0.20590131975        0.2059013196112342   1.388e-10
           3           4         2              0.2112148916        0.2112148915268549   7.315e-11
           3           4         3              0.2074730718        0.2074730717622091   3.779e-11
          15           7        15              0.9981130072        0.9981130071290588   7.094e-11
          15           7        20               0.999487385        0.9994873849205516   7.945e-11
          15           7        25              0.9998391562        0.9998391561566266   4.337e-11
        0.05           1         1            0.168610566972        0.1686105736722351     6.7e-09
        0.05           1         2             0.16967950985        0.1696795165523957   6.702e-09
        0.05           1         3              0.1701041003        0.1701041069776647   6.678e-09
           4           2        10              0.9247683363        0.9247683363739255   7.393e-11
           4           3        10              0.7483139269        0.7483139271789115   2.789e-10
           4           4        10              0.4659802096        0.4659802101528353   5.528e-10
           5           2        10              0.9761872541        0.9761872541661104   6.611e-11
           5           3        10              0.8979689357        0.8979689357569784   5.698e-11
           5           4        10              0.7181904627        0.7181904629912231   2.912e-10
           6           2        10              0.9923658945        0.9923658945377936   3.779e-11
           6           3        10              0.9610341649        0.9610341648809945   1.901e-11
           6           4        10               0.868800735        0.8688007351174195   1.174e-10

ASA243_PRB:
  Normal end of execution.

17 December 2011 11:02:46 AM
