       -0.3388705988897079       0.01675340162381828
        0.2824812486728784        0.1569440353605716
        0.7825570377429854       -0.4298366524932539
       -0.1674619691259452       -0.5531835204979456
        0.7299741973311574       -0.2365080415984989
        0.8940360332303028        0.2323463308841487
       -0.2758342820213709        0.7053068666022321
         0.912816278462522       -0.1288422829967036
        0.1140571277219183      -0.03875049071135857
        0.4327773982943218        0.8164430761673444
       -0.8882885592038422       -0.2300806532231864
       -0.4649326373463848         0.597190551440368
       0.06590320157009434       -0.3357842754871006
        0.5739674301580717        0.6996874727960024
        0.2327627697242009        0.5518371264281627
         0.322777679395847        0.6925554511479434
       -0.3711342679350658       -0.1612731021669563
        0.3798532514509064       -0.3872020464410561
        0.7410365792383418        0.1359519055576311
        0.4753549600541945       -0.7740113496002584
       -0.1684590684085729        0.8994578670811479
        0.4088152171970994       -0.5815896725919587
       -0.7969358748003934        0.4568909089888856
       -0.5346912825091985      -0.03403151145419011
        0.5605694761920599        -0.323087198164261
        0.5824146079236356       -0.1404911522455845
       -0.6738509528529997        0.3055135141912699
       0.04293065769634598        0.5897691066428671
       -0.7659904860832136        0.1509062539247935
        0.7054024122431382        0.3207671360666116
       -0.1066172152874771       -0.3597321090565737
       -0.1471348884304059        0.5568563428044636
       -0.4236187495248805        0.1685663250617128
       -0.2534769929054393       -0.7118137778014724
        0.2726552025871641       -0.6770080772618877
      -0.04633745678144718         0.238229171403987
       -0.4823637767609786         0.350786006560697
       -0.1911459270470657       -0.8888820316944258
        0.1247734256195184        0.3878997356730929
        0.1288442106368336        0.1846493646191563
        0.2125086928272344         -0.24259175052992
       -0.4300672784295072       -0.3526880437505654
       -0.9133807857264621        0.1017331330368133
       -0.6409253437907469         -0.66359561115337
        0.2418270217759489         0.878706497031482
        -0.749197570992492       -0.5265165048355103
        0.5999405166931088       -0.6840324586786833
        0.4376673376836527        0.5357036415738192
        0.5905443465767807        0.4585848088709557
        0.1638172693247087       -0.8717869880743697
       -0.1828149331721702        0.3538144262532011
        0.9077461832230432       0.05266942453386689
       -0.8682796914597739        0.2861152733924775
       -0.5229962026983451       -0.5089401960869336
         0.571960236768303       -0.4757540353103934
       -0.5011686814781035         -0.75785516738363
        0.2150303562924174       -0.4709557799576881
        0.4479589903482551        0.3184175549211867
        0.7559302773838706      -0.05531774666907677
      -0.02486454551854259        0.4268876404174721
       -0.5207108824484429        0.7480046811483579
        0.4391433346447787        0.1044148449804368
       0.01663109034896018       -0.5223649684791341
       -0.8151643437432564       -0.3770557731891276
        0.4347730261202294      -0.04183411751271916
        0.1092935786363972         -0.68549088589298
       -0.8972949081762834      -0.06935512059605606
        0.7163347715803339        0.5688510959193941
       -0.5896039054407816        0.4772723877968972
       -0.7169371748939078       -0.0126991172985804
       -0.3343805270306744         0.302144747246821
        0.2941327604037788        0.3630284854365989
        -0.333348821071826        0.4879564341127722
       -0.5464090583946727       -0.2061275393235711
        0.7299604099362842       -0.5745011427724861
       -0.5917606472395091        0.1384694467270441
       -0.3763818776820998       -0.5873456577818137
       -0.7174059186821107       -0.1992505283301587
       -0.2876989524612614       -0.4356851309310483
      -0.06817970061016569        0.7392510709585073
      -0.03211335635022117       0.05351438732093929
        0.8736209750328248        -0.281804359277007
      -0.01810126205159722       -0.1762545195296131
        0.4069701246195271       -0.2119890098990835
      -0.06531131136369345       -0.7249833062320705
       -0.1858369829186937      -0.04768833138722581
       -0.6338693693663767       -0.3688121144230354
       -0.3620818016823741        0.8504083616212078
        0.3353161610489124       -0.8636458011486572
       0.04412077108913239        0.9121287511627828
       -0.3590589419767335       -0.8554032785022844
        0.6018517653233383         0.032613903581991
        0.1347337213391318        0.7427814054033262
       0.01367550806644623       -0.9059561340523105
       -0.2109934323472905       -0.2395753343115947
       -0.2076081895580051        0.1533948138482383
        0.5823871640568745        0.2258639284830209
        0.8224434736870749        0.4168432990386594
       -0.6761178818081344        0.6241227292717705
        0.2730958586185845      -0.05395841195000367
