    0.866085
    0.251899
     1.17266
    0.150044
    0.381154
    0.252003
   0.0856959
    0.154857
    0.252919
   0.0475663
    0.108161
   0.0235064
    0.233709
    0.275193
   0.0158059
    0.142125
    0.101512
   0.0355756
   0.0987531
     0.15774
    0.075901
    0.044634
   0.0571128
    0.197409
    0.536637
   0.0881155
    0.073802
    0.167701
    0.146812
    0.174846
    0.106942
    0.107216
   0.0678166
    0.102502
    0.119476
    0.179575
    0.302951
   0.0591652
   0.0798811
    0.106339
   0.0281615
   0.0874601
   0.0309034
    0.021632
   0.0140741
   0.0872691
   0.0695653
   0.0297091
   0.0537446
    0.134801
    0.179125
   0.0419933
   0.0379709
    0.091407
   0.0152536
   0.0609595
   0.0475642
    0.100443
   0.0359376
    0.182856
   0.0334575
    0.218475
    0.535773
   0.0278405
    0.144501
   0.0674902
  0.00148649
   0.0496925
   0.0329959
   0.0309051
