           9           8          15
          16           9          15
          16          10           9
          17          11          10
           7          11          12
          14           8          13
          14          15           8
          12          11          17
          17          10          16
          23          17          16
          21          15          14
          16          15          21
          12          17          18
          14          13          19
          22          16          21
          20          14          19
          20          21          14
          18          17          23
          23          16          22
          29          23          22
          27          21          20
          22          21          27
          18          23          24
          20          19          25
          28          22          27
          26          20          25
          27          20          26
          24          23          29
          33          27          26
          29          22          28
          35          29          28
          28          27          33
          24          29          30
          26          25          31
          34          28          33
          32          26          31
          33          26          32
          30          29          35
          39          33          32
          35          28          34
          41          35          34
          34          33          39
          30          35          36
          32          31          37
          40          34          39
          38          32          37
          39          32          38
          36          35          41
          45          39          38
          41          34          40
          47          41          40
          40          39          45
          36          41          42
          38          37          43
          46          40          45
          44          38          43
          45          38          44
          42          41          47
          51          45          44
          47          40          46
          53          47          46
          50          44          49
          42          47          48
          44          43          49
          51          46          45
          52          46          51
          51          44          50
          48          47          53
          57          51          50
          53          46          52
          59          53          52
          56          50          55
          48          53          54
          50          49          55
          57          52          51
          58          52          57
          57          50          56
          54          53          59
          63          57          56
          59          52          58
          65          59          58
          62          56          61
          54          59          60
          56          55          61
          63          58          57
          64          58          63
          63          56          62
          60          59          65
          69          63          62
          65          58          64
          71          65          64
          68          62          67
          60          65          66
          62          61          67
          69          64          63
          70          64          69
          69          62          68
          66          65          71
          75          69          68
          71          64          70
          77          71          70
          74          68          73
          66          71          72
          68          67          73
          75          70          69
          76          70          75
          75          68          74
          72          71          77
          81          75          74
          77          70          76
          83          77          76
          80          74          79
          72          77          78
          74          73          79
          81          76          75
          82          76          81
          81          74          80
          78          77          83
          87          81          80
          83          76          82
          89          83          82
          86          80          85
          78          83          84
          80          79          85
          87          82          81
          88          82          87
          87          80          86
          84          83          89
          93          87          86
          89          82          88
          95          89          88
          92          86          91
          84          89          90
          86          85          91
          93          88          87
          94          88          93
          93          86          92
          90          89          95
          99          93          92
          95          88          94
         101          95          94
          98          92          97
          90          95          96
          92          91          97
          99          94          93
         100          94          99
          99          92          98
          96          95         101
         105          99          98
         101          94         100
         107         101         100
         100          99         105
          96         101         102
         106         100         105
          98          97         103
         104          98         103
         105          98         104
         102         101         107
         107         100         106
         113         107         106
         111         105         104
         106         105         111
         102         107         108
         108         107         113
         112         106         111
         104         103         109
         110         104         109
         110         111         104
         113         106         112
         108         113         114
         119         113         112
         117         111         110
         117         112         111
         114         113         119
         118         112         117
         110         109         115
         116         110         115
         117         110         116
         119         112         118
         114         119         120
         125         119         118
         123         117         116
         123         118         117
         120         119         125
         124         118         123
         116         115         121
         122         116         121
         123         116         122
         125         118         124
         120         125         126
         131         125         124
         129         123         122
         129         124         123
         126         125         131
         130         124         129
         122         121         127
         128         122         127
         129         122         128
         131         124         130
         126         131         132
         137         131         130
         135         129         128
         135         130         129
         132         131         137
         136         130         135
         128         127         133
         134         128         133
         135         128         134
         137         130         136
         132         137         138
         143         137         136
         141         135         134
         141         136         135
         138         137         143
         142         136         141
         134         133         139
         140         134         139
         141         134         140
         143         136         142
         138         143         144
         149         143         142
         147         141         140
         142         141         147
         144         143         149
         148         142         147
         140         139         145
         146         140         145
         147         140         146
         149         142         148
         144         149         150
         155         149         148
         153         147         146
         148         147         153
         150         149         155
         154         148         153
         146         145         151
         152         146         151
         153         146         152
         155         148         154
         150         155         156
         161         155         154
         159         153         152
         154         153         159
         156         155         161
         160         154         159
         152         151         157
         158         152         157
         159         152         158
         161         154         160
         156         161         162
         167         161         160
         165         159         158
         160         159         165
         162         161         167
         166         160         165
         158         157         163
         164         158         163
         164         165         158
         167         160         166
         162         167         168
         173         167         166
         171         165         164
         166         165         171
         168         167         173
         172         166         171
         164         163         169
         170         164         169
         170         171         164
         173         166         172
         168         173         174
         179         173         172
         177         171         170
         172         171         177
         174         173         179
         178         172         177
         170         169         175
         176         170         175
         176         177         170
         179         172         178
         174         179         180
         185         179         178
         183         177         176
         176         175         181
         178         177         183
         184         178         183
         180         179         185
         182         176         181
         182         183         176
         185         178         184
         180         185         186
         191         185         184
         189         183         182
         182         181         187
         184         183         189
         190         184         189
         186         185         191
         188         182         187
         188         189         182
         191         184         190
         194         186         193
         194         180         186
         180         195         174
         197           5         162
         162           5         156
         156           5         150
         150           5         144
         144           5         138
         138           5         132
         132           5         126
         126           5         120
         120           5         114
         114           5         108
         108           5         102
         102           5          96
          96           5          90
          90           5          84
          84           5          78
          78           5          72
          72           5          66
          66           5          60
          60           5          54
          54           5          48
          48           5          42
           7          12           5
         203         191         190
         192         205           6
           6         205         193
         193         205         206
         194         207         195
         195         207         208
         201         189         188
         201         190         189
         203         204         192
         188         187         199
         202         190         201
         200         188         199
         201         188         200
         192         191         203
         195         208         196
         213         201         200
         209         197         196
           5         197         198
         206         194         193
         206         207         194
         198         197         209
         202         203         190
         219         207         206
         209         196         208
         221         209         208
         202         215         203
         192         204         205
         204         217         205
         202         201         213
         217         206         205
         200         199         211
         214         202         213
         215         204         203
         208         207         219
         198         209         210
         212         200         211
         212         213         200
         220         208         219
         216         204         215
         225         213         212
         218         206         217
         218         219         206
         210         209         221
         227         215         214
         231         219         218
         221         208         220
         233         221         220
         214         215         202
         204         216         217
         216         229         217
         214         213         225
         229         218         217
         226         214         225
         220         219         231
         210         221         222
         232         220         231
         212         211         223
         227         216         215
         224         212         223
         224         225         212
         228         216         227
         237         225         224
         230         218         229
         231         218         230
         222         221         233
         239         227         226
         243         231         230
         233         220         232
         245         233         232
         226         227         214
         216         228         229
         228         241         229
         236         224         235
         241         230         229
         237         226         225
         232         231         243
         222         233         234
         244         232         243
         224         223         235
         237         238         226
         239         228         227
         237         224         236
         240         228         239
         242         230         241
         249         237         236
         251         239         238
         243         230         242
         234         233         245
         255         243         242
         245         232         244
         257         245         244
         238         239         226
         228         240         241
         240         253         241
         248         236         247
         253         242         241
         249         238         237
         244         243         255
         234         245         246
         256         244         255
         236         235         247
         249         250         238
         251         240         239
         249         236         248
         254         242         253
         252         240         251
         261         249         248
         263         251         250
         255         242         254
         246         245         257
         267         255         254
         257         244         256
         269         257         256
         250         251         238
         240         252         253
         252         265         253
         260         248         259
         265         254         253
         261         250         249
         256         255         267
         246         257         258
         268         256         267
         248         247         259
         261         262         250
         263         252         251
         266         254         265
         261         248         260
         264         252         263
         273         261         260
         265         252         264
         267         254         266
         258         257         269
         279         267         266
         262         263         250
         275         263         262
         277         265         264
         269         256         268
         281         269         268
         272         260         271
         277         266         265
         273         262         261
         268         267         279
         258         269         270
         280         268         279
         260         259         271
         273         274         262
         278         266         277
         275         264         263
         273         260         272
         276         264         275
         276         277         264
         285         273         272
         279         266         278
         270         269         281
         291         279         278
         274         275         262
         287         275         274
         284         272         283
         289         277         276
         278         277         289
         281         268         280
         293         281         280
         286         274         285
         280         279         291
         270         281         282
         292         280         291
         290         278         289
         272         271         283
         285         274         273
         287         276         275
         288         276         287
         288         289         276
         285         272         284
         297         285         284
         291         278         290
         282         281         293
         303         291         290
         286         287         274
         301         289         288
         299         287         286
         298         286         297
         290         289         301
         293         280         292
         305         293         292
         296         284         295
         292         291         303
         282         293         294
         304         292         303
         302         290         301
         284         283         295
         297         286         285
         299         288         287
         299         300         288
         300         301         288
         297         284         296
         309         297         296
         303         290         302
         294         293         305
         315         303         302
         305         292         304
         317         305         304
         298         299         286
         300         313         301
         313         302         301
         311         299         298
         309         310         298
         308         296         307
         304         303         315
         294         305         306
         316         304         315
         314         302         313
         296         295         307
         309         298         297
         311         300         299
         312         300         311
         312         313         300
         321         309         308
         315         302         314
         306         305         317
         309         296         308
         327         315         314
         317         304         316
         329         317         316
         310         311         298
         312         325         313
         325         314         313
         323         311         310
         312         311         323
         316         315         327
         306         317         318
         320         308         319
         328         316         327
         308         307         319
         321         310         309
         326         314         325
         318         317         329
         326         327         314
         322         310         321
         323         324         312
         324         325         312
         321         308         320
         333         321         320
         329         316         328
         341         329         328
         339         327         326
         328         327         339
         318         329         330
         322         323         310
         324         337         325
         337         326         325
         335         323         322
         335         324         323
         332         320         331
         340         328         339
         330         329         341
         320         319         331
         333         322         321
         337         338         326
         338         339         326
         334         322         333
         336         324         335
         336         337         324
         333         320         332
         345         333         332
         341         328         340
         353         341         340
         330         341         342
         351         339         338
         337         349         338
         334         335         322
         336         349         337
         351         340         339
         347         335         334
         344         332         343
         336         335         347
         342         341         353
         352         340         351
         332         331         343
         345         334         333
         350         338         349
         350         351         338
         346         334         345
         348         336         347
         348         349         336
         345         332         344
         357         345         344
         353         340         352
         342         353         354
         365         353         352
         363         351         350
         349         361         350
         346         347         334
         361         349         348
         363         352         351
         359         347         346
         356         344         355
         357         346         345
         354         353         365
         344         343         355
         359         348         347
         364         352         363
         362         350         361
         362         363         350
         358         346         357
         360         348         359
         360         361         348
         357         344         356
         369         357         356
         365         352         364
         354         365         366
         377         365         364
         375         363         362
         360         359         371
         358         359         346
         373         361         360
         361         373         362
         371         359         358
         356         355         367
         368         356         367
         369         358         357
         375         364         363
         366         365         377
         376         364         375
         374         362         373
         374         375         362
         370         358         369
         372         360         371
         369         356         368
         381         369         368
         373         360         372
         377         364         376
         366         377         378
         389         377         376
         387         375         374
         370         371         358
         372         385         373
         372         371         383
         373         385         374
         383         371         370
         368         367         379
         380         368         379
         381         370         369
         387         376         375
         378         377         389
         388         376         387
         386         374         385
         386         387         374
         382         370         381
         384         372         383
         381         368         380
         393         381         380
         385         372         384
         389         376         388
         378         389         390
         401         389         388
         399         387         386
         382         383         370
         384         397         385
         394         382         393
         385         397         386
         395         383         382
         380         379         391
         392         380         391
         393         382         381
         399         388         387
         390         389         401
         400         388         399
         395         384         383
         396         384         395
         397         398         386
         398         399         386
         393         380         392
         405         393         392
         397         384         396
         401         388         400
         390         401         402
         411         399         398
         413         401         400
         394         395         382
         396         409         397
         396         395         407
         394         405         406
         407         395         394
         392         391         403
         404         392         403
         405         394         393
         396         407         408
         397         409         398
         409         410         398
         417         405         404
         411         400         399
         412         400         411
         402         401         413
         405         392         404
         409         396         408
         411         398         410
         423         411         410
         413         400         412
         402         413         414
         425         413         412
         421         409         408
         419         428         420
         409         421         410
         406         407         394
         419         407         406
         404         403         415
           1         416         415
         417         406         405
         419         408         407
         421         422         410
         427         418         417
         416         404         415
         416         427         404
         423         412         411
         414         413         425
         420         429         419
         424         412         423
         423         410         422
         425         412         424
         414         425         426
         431         423         422
         433         425         424
         404         427         417
         406         417         418
         428         406         418
         419         406         428
         429         408         419
           2         408         429
         421         408           2
         421           2         422
           2         430         422
         431         424         423
         416           1         459
         427         416         453
         418         427         447
         420         428         441
         429         420         435
         426         425         433
         432         424         431
         431         422         430
         437         431         430
         433         424         432
         426         433         434
         439         433         432
         436         430         435
         437         432         431
         438         432         437
         434         433         439
         435         420         441
         437         430         436
         443         437         436
         439         432         438
         434         439         440
         445         439         438
         436         435         441
         442         436         441
         443         438         437
         444         438         443
         440         439         445
         441         418         447
         443         436         442
         449         443         442
         445         438         444
         445         444         451
         440         445         446
         442         441         447
         448         442         447
         449         444         443
         450         444         449
         446         445         451
         449         442         448
         455         449         448
         451         444         450
         451         450         457
         446         451         452
         447         427         453
         448         447         453
         454         448         453
         455         450         449
         456         450         455
         452         451         457
         455         448         454
         461         455         454
         457         450         456
         457         456         463
         452         457         458
         453         416         459
         454         453         459
         460         454         459
         461         456         455
         462         456         461
         458         457         463
         461         454         460
         467         461         460
         463         456         462
         463         462         469
         458         463         464
         459           1         465
         460         459         465
         466         460         465
         467         462         461
         468         462         467
         464         463         469
         467         460         466
         473         467         466
         469         462         468
         469         468         475
         464         469         470
         465           1         471
         466         465         471
         472         466         471
         473         468         467
         474         468         473
         470         469         475
         473         466         472
         479         473         472
         475         468         474
         475         474         481
         470         475         476
         471           1         477
         472         471         477
         478         472         477
         479         474         473
         480         474         479
         476         475         481
         479         472         478
         485         479         478
         481         474         480
         481         480         487
         476         481         482
         477           1         483
         478         477         483
         484         478         483
         485         480         479
         486         480         485
         482         481         487
         485         478         484
         491         485         484
         487         480         486
         493         487         486
         482         487         488
         483           1         489
         484         483         489
         490         484         489
         491         486         485
         492         486         491
         488         487         493
         491         484         490
         497         491         490
         493         486         492
         499         493         492
         488         493         494
         489           1         495
         490         489         495
         496         490         495
         497         492         491
         498         492         497
         494         493         499
         497         490         496
         503         497         496
         499         492         498
         505         499         498
         494         499         500
         495           1         501
         496         495         501
         502         496         501
         503         498         497
         504         498         503
         500         499         505
         503         496         502
         509         503         502
         505         498         504
         500         505         506
         511         505         504
         508         502         507
         506         505         511
         501           1         507
         502         501         507
         509         504         503
         510         504         509
         509         502         508
         511         504         510
         506         511         512
         517         511         510
         515         509         508
         510         509         515
         512         511         517
         516         510         515
         507           1         513
         508         507         513
         514         508         513
         515         508         514
         517         510         516
         512         517         518
         523         517         516
         521         515         514
         516         515         521
         518         517         523
         522         516         521
         513           1         519
         514         513         519
         520         514         519
         521         514         520
         523         516         522
         518         523         524
         529         523         522
         527         521         520
         522         521         527
         524         523         529
         528         522         527
         519           1         525
         520         519         525
         526         520         525
         527         520         526
         529         522         528
         524         529         530
         535         529         528
         533         527         526
         528         527         533
         530         529         535
         534         528         533
         525           1         531
         526         525         531
         532         526         531
         533         526         532
         535         528         534
         530         535         536
         541         535         534
         539         533         532
         534         533         539
         536         535         541
         540         534         539
         531           1         537
         532         531         537
         538         532         537
         539         532         538
         541         534         540
         536         541         542
         547         541         540
         545         539         538
         540         539         545
         542         541         547
         546         540         545
         537           1         543
         538         537         543
         544         538         543
         545         538         544
         547         540         546
         542         547         548
         553         547         546
         551         545         544
         546         545         551
         548         547         553
         552         546         551
         543           1         549
         544         543         549
         550         544         549
         551         544         550
         553         546         552
         548         553         554
         559         553         552
         557         551         550
         552         551         557
         554         553         559
         558         552         557
         549           1         555
         550         549         555
         556         550         555
         557         550         556
         559         552         558
         554         559         560
         565         559         558
         563         557         556
         558         557         563
         560         559         565
         564         558         563
         555           1         561
         556         555         561
         562         556         561
         563         556         562
         565         558         564
         560         565         566
         571         565         564
         569         563         562
         564         563         569
         566         565         571
         570         564         569
         561           1         567
         562         561         567
         568         562         567
         569         562         568
         571         564         570
         566         571         572
         577         571         570
         575         569         568
         570         569         575
         572         571         577
         576         570         575
         567           1         573
         568         567         573
         574         568         573
         575         568         574
         577         570         576
         572         577         578
         583         577         576
         581         575         574
         576         575         581
         578         577         583
         582         576         581
         573           1         579
         574         573         579
         580         574         579
         581         574         580
         583         576         582
         578         583         584
         589         583         582
         587         581         580
         586         580         585
         584         583         589
         579           1         585
         580         579         585
         587         582         581
         588         582         587
         587         580         586
         589         582         588
         584         589         590
         595         589         588
         593         587         586
         592         586         591
         590         589         595
         585           1         591
         586         585         591
         593         588         587
         594         588         593
         593         586         592
         595         588         594
         590         595         596
         601         595         594
         599         593         592
         598         592         597
         596         595         601
         591           1         597
         592         591         597
         599         594         593
         600         594         599
         599         592         598
         601         594         600
         596         601         602
         607         601         600
         605         599         598
           3         609         603
         602         601         607
         597           1         603
         598         597         603
         605         600         599
         604         610         605
         609         604         598
         602         607         608
         603           1           3
         609         598         603
         598         604         605
         605         610         600
         610         606         600
         606         607         600
         611         607         606
         608         607         611
         608         611           4
