           6           5           1
           1           2           6
           7           6           2
           3           4           8
           9           8           4
          10           9           5
           5           6          10
          11          10           6
           6           7          11
          12          11           7
           8           9          13
          14          13           9
           9          10          14
          15          14          10
          10          11          15
          16          15          11
          11          12          16
          18          17          14
          14          15          18
          19          18          15
          15          16          19
