  0  0  0
  0.05  0  2.67941e-19
  0.1  0  1.48102e-16
  0.15  0  -1.4324e-14
  0.2  0  4.0995e-14
  0.25  0  -3.56e-14
  0.3  0  -1.00669e-13
  0.35  0  -5.89216e-14
  0.4  0  2.56392e-14
  0.45  0  6.55968e-14
  0.5  0  7.88571e-14
  0.55  0  -1.40638e-13
  0.6  0  1.51656e-13
  0.65  0  -1.23873e-13
  0.7  0  -8.02275e-13
  0.75  0  -3.55618e-14
  0.8  0  -2.66176e-14
  0.85  0  -1.09981e-14
  0.9  0  -7.75421e-15
  0.95  0  -7.63278e-17
  1  0  0

  0  0.05  -4.33681e-18
  0.05  0.05  0.00146828
  0.1  0.05  0.00319419
  0.15  0.05  0.00530011
  0.2  0.05  0.00792596
  0.25  0.05  0.0112017
  0.3  0.05  0.0151876
  0.35  0.05  0.0197948
  0.4  0.05  0.0247365
  0.45  0.05  0.0295637
  0.5  0.05  0.0337704
  0.55  0.05  0.0369007
  0.6  0.05  0.0386117
  0.65  0.05  0.0386952
  0.7  0.05  0.0370759
  0.75  0.05  0.0337986
  0.8  0.05  0.0290092
  0.85  0.05  0.0229336
  0.9  0.05  0.0158553
  0.95  0.05  0.00809593
  1  0.05  -5.06539e-16

  0  0.1  -4.4062e-16
  0.05  0.1  0.00300204
  0.1  0.1  0.00653032
  0.15  0.1  0.0108352
  0.2  0.1  0.0162021
  0.25  0.1  0.0228951
  0.3  0.1  0.0310362
  0.35  0.1  0.0404445
  0.4  0.1  0.0505393
  0.45  0.1  0.06041
  0.5  0.1  0.069025
  0.55  0.1  0.0754471
  0.6  0.1  0.0789659
  0.65  0.1  0.0791469
  0.7  0.1  0.0758328
  0.75  0.1  0.0691183
  0.8  0.1  0.0593093
  0.85  0.1  0.0468749
  0.9  0.1  0.0323994
  0.95  0.1  0.016541
  1  0.1  1.44815e-14

  0  0.15  1.33088e-14
  0.05  0.15  0.00458321
  0.1  0.15  0.00997559
  0.15  0.15  0.0165675
  0.2  0.15  0.0248065
  0.25  0.15  0.0351127
  0.3  0.15  0.0476923
  0.35  0.15  0.0622864
  0.4  0.15  0.0780115
  0.45  0.15  0.0934552
  0.5  0.15  0.106994
  0.55  0.15  0.117136
  0.6  0.15  0.122736
  0.65  0.15  0.123095
  0.7  0.15  0.117962
  0.75  0.15  0.107499
  0.8  0.15  0.0922075
  0.85  0.15  0.0728415
  0.9  0.15  0.0503253
  0.95  0.15  0.025685
  1  0.15  8.26422e-15

  0  0.2  4.95853e-14
  0.05  0.2  0.00618747
  0.1  0.2  0.013484
  0.15  0.2  0.0224386
  0.2  0.2  0.0336897
  0.25  0.2  0.0478543
  0.3  0.2  0.0652706
  0.35  0.2  0.0856381
  0.4  0.2  0.107765
  0.45  0.2  0.12967
  0.5  0.2  0.149018
  0.55  0.2  0.163622
  0.6  0.2  0.171788
  0.65  0.2  0.172477
  0.7  0.2  0.165335
  0.75  0.2  0.150627
  0.8  0.2  0.129117
  0.85  0.2  0.101919
  0.9  0.2  0.0703643
  0.95  0.2  0.0358944
  1  0.2  -4.23793e-14

  0  0.25  -4.24522e-14
  0.05  0.25  0.00778323
  0.1  0.25  0.0169937
  0.15  0.25  0.0283641
  0.2  0.25  0.042765
  0.25  0.25  0.0610725
  0.3  0.25  0.0838368
  0.35  0.25  0.110785
  0.4  0.25  0.140425
  0.45  0.25  0.170114
  0.5  0.25  0.196618
  0.55  0.25  0.216829
  0.6  0.25  0.228306
  0.65  0.25  0.229558
  0.7  0.25  0.220113
  0.75  0.25  0.200415
  0.8  0.25  0.171606
  0.85  0.25  0.135287
  0.9  0.25  0.0932945
  0.95  0.25  0.0475537
  1  0.25  4.74715e-15

  0  0.3  -1.47275e-12
  0.05  0.3  0.00933104
  0.1  0.3  0.0204248
  0.15  0.3  0.0342284
  0.2  0.3  0.051898
  0.25  0.3  0.0746561
  0.3  0.3  0.103385
  0.35  0.3  0.137957
  0.4  0.3  0.176624
  0.45  0.3  0.215968
  0.5  0.3  0.251585
  0.55  0.3  0.27909
  0.6  0.3  0.29497
  0.65  0.3  0.297101
  0.7  0.3  0.284885
  0.75  0.3  0.259084
  0.8  0.3  0.221434
  0.85  0.3  0.174219
  0.9  0.3  0.119932
  0.95  0.3  0.0610575
  1  0.3  -5.23765e-14

  0  0.35  1.11994e-14
  0.05  0.35  0.0107833
  0.1  0.35  0.0236781
  0.15  0.35  0.0398803
  0.2  0.35  0.0608965
  0.25  0.35  0.0884091
  0.3  0.35  0.123803
  0.35  0.35  0.167293
  0.4  0.35  0.216981
  0.45  0.35  0.268569
  0.5  0.35  0.3161
  0.55  0.35  0.353352
  0.6  0.35  0.375209
  0.65  0.35  0.378602
  0.7  0.35  0.362832
  0.75  0.35  0.329254
  0.8  0.35  0.280565
  0.85  0.35  0.220061
  0.9  0.35  0.151091
  0.95  0.35  0.0767836
  1  0.35  2.19082e-13

  0  0.4  1.54807e-13
  0.05  0.4  0.0120842
  0.1  0.4  0.026634
  0.15  0.4  0.0451287
  0.2  0.4  0.0694981
  0.25  0.4  0.102025
  0.3  0.4  0.144831
  0.35  0.4  0.198774
  0.4  0.4  0.262051
  0.45  0.4  0.329426
  0.5  0.4  0.392883
  0.55  0.4  0.443485
  0.6  0.4  0.473589
  0.65  0.4  0.478647
  0.7  0.4  0.45795
  0.75  0.4  0.414
  0.8  0.4  0.351119
  0.85  0.4  0.274122
  0.9  0.4  0.187485
  0.95  0.4  0.0950355
  1  0.4  -1.99408e-13

  0  0.45  -6.43929e-14
  0.05  0.45  0.0131712
  0.1  0.45  0.0291534
  0.15  0.45  0.0497404
  0.2  0.45  0.0773593
  0.25  0.45  0.115055
  0.3  0.45  0.16599
  0.35  0.45  0.232126
  0.4  0.45  0.312214
  0.45  0.45  0.400198
  0.5  0.45  0.485394
  0.55  0.45  0.554762
  0.6  0.45  0.596464
  0.65  0.45  0.603464
  0.7  0.45  0.575333
  0.75  0.45  0.516867
  0.8  0.45  0.435203
  0.85  0.45  0.337456
  0.9  0.45  0.229541
  0.95  0.45  0.115938
  1  0.45  7.60781e-13

  0  0.5  5.31908e-13
  0.05  0.5  0.013976
  0.1  0.5  0.031081
  0.15  0.5  0.0534411
  0.2  0.5  0.0840453
  0.25  0.5  0.126872
  0.3  0.5  0.186497
  0.35  0.5  0.26664
  0.4  0.5  0.367447
  0.45  0.5  0.482567
  0.5  0.5  0.598078
  0.55  0.5  0.69467
  0.6  0.5  0.753134
  0.65  0.5  0.761845
  0.7  0.5  0.721507
  0.75  0.5  0.641693
  0.8  0.5  0.534495
  0.85  0.5  0.410426
  0.9  0.5  0.277063
  0.95  0.5  0.139263
  1  0.5  1.61241e-14

  0  0.55  -1.29458e-12
  0.05  0.55  0.0144294
  0.1  0.55  0.032252
  0.15  0.55  0.0559227
  0.2  0.55  0.0890292
  0.25  0.55  0.136634
  0.3  0.55  0.205143
  0.35  0.55  0.300912
  0.4  0.55  0.426886
  0.45  0.55  0.57782
  0.5  0.55  0.736536
  0.55  0.55  0.874293
  0.6  0.55  0.958088
  0.65  0.55  0.96674
  0.7  0.55  0.904722
  0.75  0.55  0.792012
  0.8  0.55  0.649364
  0.85  0.55  0.491925
  0.9  0.55  0.328712
  0.95  0.55  0.164175
  1  0.55  1.13909e-13

  0  0.6  3.81056e-13
  0.05  0.6  0.0144663
  0.1  0.6  0.032505
  0.15  0.6  0.0568616
  0.2  0.6  0.0917064
  0.25  0.6  0.14327
  0.3  0.6  0.220165
  0.35  0.6  0.332438
  0.4  0.6  0.48799
  0.45  0.6  0.685751
  0.5  0.6  0.907273
  0.55  0.6  1.11074
  0.6  0.6  1.23578
  0.65  0.6  1.2381
  0.7  0.6  1.13473
  0.75  0.6  0.969376
  0.8  0.6  0.777135
  0.85  0.6  0.578126
  0.9  0.6  0.381277
  0.95  0.6  0.188913
  1  0.6  9.33325e-15

  0  0.65  4.84474e-13
  0.05  0.65  0.0140351
  0.1  0.65  0.0317021
  0.15  0.65  0.0559532
  0.2  0.65  0.0914427
  0.25  0.65  0.14551
  0.3  0.65  0.229162
  0.35  0.65  0.357131
  0.4  0.65  0.545126
  0.45  0.65  0.802031
  0.5  0.65  1.11562
  0.55  0.65  1.43125
  0.6  0.65  1.6321
  0.65  0.65  1.60794
  0.7  0.65  1.42039
  0.75  0.65  1.16923
  0.8  0.65  0.908984
  0.85  0.65  0.660738
  0.9  0.65  0.428856
  0.95  0.65  0.210487
  1  0.65  4.5363e-14

  0  0.7  -3.31513e-13
  0.05  0.7  0.0131072
  0.1  0.7  0.0297543
  0.15  0.7  0.052965
  0.2  0.7  0.0876691
  0.25  0.7  0.142028
  0.3  0.7  0.229201
  0.35  0.7  0.368973
  0.4  0.7  0.587554
  0.45  0.7  0.91248
  0.5  0.7  1.35728
  0.55  0.7  1.87857
  0.6  0.7  2.24561
  0.65  0.7  2.12785
  0.7  0.7  1.75913
  0.75  0.7  1.37157
  0.8  0.7  1.02516
  0.85  0.7  0.725186
  0.9  0.7  0.462381
  0.95  0.7  0.224629
  1  0.7  4.55064e-13

  0  0.75  -1.18072e-13
  0.05  0.75  0.0116879
  0.1  0.75  0.0266509
  0.15  0.75  0.047803
  0.2  0.75  0.08003
  0.25  0.75  0.131747
  0.3  0.75  0.217334
  0.35  0.75  0.360475
  0.4  0.75  0.597903
  0.45  0.75  0.982835
  0.5  0.75  1.58831
  0.55  0.75  2.48542
  0.6  0.75  3.25615
  0.65  0.75  2.84428
  0.7  0.75  2.09766
  0.75  0.75  1.52324
  0.8  0.75  1.09021
  0.85  0.75  0.750414
  0.9  0.75  0.470377
  0.95  0.75  0.226325
  1  0.75  -2.41976e-13

  0  0.8  -2.38615e-13
  0.05  0.8  0.00982279
  0.1  0.8  0.0224804
  0.15  0.8  0.0405745
  0.2  0.8  0.0685538
  0.25  0.8  0.11429
  0.3  0.8  0.191742
  0.35  0.8  0.325171
  0.4  0.8  0.5555
  0.45  0.8  0.951183
  0.5  0.8  1.63588
  0.55  0.8  2.83044
  0.6  0.8  3.99935
  0.65  0.8  3.28002
  0.7  0.8  2.20598
  0.75  0.8  1.52075
  0.8  0.8  1.05665
  0.85  0.8  0.713874
  0.9  0.8  0.442139
  0.95  0.8  0.21125
  1  0.8  8.20655e-15

  0  0.85  -5.18613e-14
  0.05  0.85  0.00759735
  0.1  0.85  0.0174355
  0.15  0.85  0.0316139
  0.2  0.85  0.0537632
  0.25  0.85  0.0903914
  0.3  0.85  0.153191
  0.35  0.85  0.262671
  0.4  0.85  0.453119
  0.45  0.85  0.778183
  0.5  0.85  1.31558
  0.55  0.85  2.14469
  0.6  0.85  2.88235
  0.65  0.85  2.50922
  0.7  0.85  1.81201
  0.75  0.85  1.28335
  0.8  0.85  0.896763
  0.85  0.85  0.604747
  0.9  0.85  0.373189
  0.95  0.85  0.177758
  1  0.85  -1.36668e-14

  0  0.9  2.62873e-13
  0.05  0.9  0.00512866
  0.1  0.9  0.0117922
  0.15  0.9  0.0214462
  0.2  0.9  0.0366204
  0.25  0.9  0.0618631
  0.3  0.9  0.105331
  0.35  0.9  0.181119
  0.4  0.9  0.311654
  0.45  0.9  0.527283
  0.5  0.9  0.855275
  0.55  0.9  1.27734
  0.6  0.9  1.59856
  0.65  0.9  1.5071
  0.7  0.9  1.20193
  0.75  0.9  0.895031
  0.8  0.9  0.639082
  0.85  0.9  0.434468
  0.9  0.9  0.268679
  0.95  0.9  0.127965
  1  0.9  -1.18261e-15

  0  0.95  -1.94643e-13
  0.05  0.95  0.00255077
  0.1  0.95  0.00587145
  0.15  0.95  0.0106969
  0.2  0.95  0.0183061
  0.25  0.95  0.0309981
  0.3  0.95  0.052875
  0.35  0.95  0.0909125
  0.4  0.95  0.15575
  0.45  0.95  0.260192
  0.5  0.95  0.410974
  0.55  0.95  0.587833
  0.6  0.95  0.71404
  0.65  0.95  0.699573
  0.7  0.95  0.58783
  0.75  0.95  0.452691
  0.8  0.95  0.329088
  0.85  0.95  0.225621
  0.9  0.95  0.139997
  0.95  0.95  0.0667388
  1  0.95  0

  0  1  0
  0.05  1  0
  0.1  1  0
  0.15  1  0
  0.2  1  0
  0.25  1  0
  0.3  1  0
  0.35  1  0
  0.4  1  0
  0.45  1  0
  0.5  1  0
  0.55  1  0
  0.6  1  0
  0.65  1  0
  0.7  1  0
  0.75  1  0
  0.8  1  0
  0.85  1  0
  0.9  1  0
  0.95  1  0
  1  1  0

