  -10  -10  0.423266
  -9  -10  0.449054
  -8  -10  0.475565
  -7  -10  0.502568
  -6  -10  0.52967
  -5  -10  0.556236
  -4  -10  0.581283
  -3  -10  0.603482
  -2  -10  0.621436
  -1  -10  0.63408
  0  -10  0.640899
  1  -10  0.641953
  2  -10  0.637816
  3  -10  0.629465
  4  -10  0.618119
  5  -10  0.60499
  6  -10  0.591042
  7  -10  0.576911
  8  -10  0.56297
  9  -10  0.549431
  10  -10  0.536408

  -10  -9  0.402325
  -9  -9  0.429391
  -8  -9  0.457398
  -7  -9  0.48611
  -6  -9  0.515111
  -5  -9  0.543712
  -4  -9  0.570837
  -3  -9  0.595022
  -2  -9  0.614702
  -1  -9  0.628636
  0  -9  0.636178
  1  -9  0.637345
  2  -9  0.632775
  3  -9  0.623594
  4  -9  0.611196
  5  -9  0.596949
  6  -9  0.581926
  7  -9  0.566827
  8  -9  0.552055
  9  -9  0.537829
  10  -9  0.524257

  -10  -8  0.378599
  -9  -8  0.406916
  -8  -8  0.436433
  -7  -8  0.466914
  -6  -8  0.497927
  -5  -8  0.528728
  -4  -8  0.558141
  -3  -8  0.584555
  -2  -8  0.606205
  -1  -8  0.621633
  0  -8  0.630023
  1  -8  0.631336
  2  -8  0.626283
  3  -8  0.616171
  4  -8  0.602613
  5  -8  0.587159
  6  -8  0.571009
  7  -8  0.554928
  8  -8  0.539346
  9  -8  0.524478
  10  -8  0.510422

  -10  -7  0.351704
  -9  -7  0.381191
  -8  -7  0.41218
  -7  -7  0.444443
  -6  -7  0.477534
  -5  -7  0.51066
  -4  -7  0.542543
  -3  -7  0.571404
  -2  -7  0.595253
  -1  -7  0.612378
  0  -7  0.621753
  1  -7  0.623261
  2  -7  0.617702
  3  -7  0.606597
  4  -7  0.591815
  5  -7  0.575121
  6  -7  0.557848
  7  -7  0.540827
  8  -7  0.524507
  9  -7  0.509094
  10  -7  0.494662

  -10  -6  0.321262
  -9  -6  0.351757
  -8  -6  0.384102
  -7  -6  0.418086
  -6  -6  0.453253
  -5  -6  0.48876
  -4  -6  0.523219
  -3  -6  0.554675
  -2  -6  0.580892
  -1  -6  0.599875
  0  -6  0.610365
  1  -6  0.612148
  2  -6  0.606121
  3  -6  0.594048
  4  -6  0.578079
  5  -6  0.560208
  6  -6  0.54191
  7  -6  0.524078
  8  -6  0.507168
  9  -6  0.49137
  10  -6  0.476726

  -10  -5  0.286972
  -9  -5  0.318181
  -8  -5  0.351651
  -7  -5  0.387189
  -6  -5  0.424329
  -5  -5  0.46217
  -4  -5  0.499204
  -3  -5  0.533287
  -2  -5  0.561927
  -1  -5  0.582845
  0  -5  0.594543
  1  -5  0.596717
  2  -5  0.590364
  3  -5  0.577491
  4  -5  0.560529
  5  -5  0.541697
  6  -5  0.522604
  7  -5  0.5042
  8  -5  0.486942
  9  -5  0.470994
  10  -5  0.456365

  -10  -4  0.248756
  -9  -4  0.28018
  -8  -4  0.314359
  -7  -4  0.351122
  -6  -4  0.389992
  -5  -4  0.429996
  -4  -4  0.469482
  -3  -4  0.506096
  -2  -4  0.537094
  -1  -4  0.559932
  0  -4  0.572895
  1  -4  0.575602
  2  -4  0.56916
  3  -4  0.555812
  4  -4  0.538233
  5  -4  0.51883
  6  -4  0.499325
  7  -4  0.480713
  8  -4  0.46345
  9  -4  0.447671
  10  -4  0.433346

  -10  -3  0.207051
  -9  -3  0.237862
  -8  -3  0.272029
  -7  -3  0.309425
  -6  -3  0.349569
  -5  -3  0.391405
  -4  -3  0.433107
  -3  -3  0.472081
  -2  -3  0.505323
  -1  -3  0.530039
  0  -3  0.544312
  1  -3  0.547705
  2  -3  0.541462
  3  -3  0.528059
  4  -3  0.51037
  5  -3  0.490927
  6  -3  0.471525
  7  -3  0.453188
  8  -3  0.43636
  9  -3  0.421145
  10  -3  0.407474

  -10  -2  0.163243
  -9  -2  0.192168
  -8  -2  0.225134
  -7  -2  0.262124
  -6  -2  0.302708
  -5  -2  0.345773
  -4  -2  0.389305
  -3  -2  0.430418
  -2  -2  0.465801
  -1  -2  0.492383
  0  -2  0.508044
  1  -2  0.512307
  2  -2  0.506583
  3  -2  0.493583
  4  -2  0.476344
  5  -2  0.457471
  6  -2  0.438779
  7  -2  0.421287
  8  -2  0.405414
  9  -2  0.391223
  10  -2  0.378606

  -10  -1  0.120022
  -9  -1  0.145412
  -8  -1  0.175436
  -7  -1  0.210331
  -6  -1  0.249865
  -5  -1  0.293001
  -4  -1  0.337594
  -3  -1  0.380429
  -2  -1  0.417778
  -1  -1  0.446208
  0  -1  0.463377
  1  -1  0.468782
  2  -1  0.463991
  3  -1  0.451923
  4  -1  0.435748
  5  -1  0.418106
  6  -1  0.400795
  7  -1  0.384788
  8  -1  0.37045
  9  -1  0.357793
  10  -1  0.346669

  -10  0  0.0811517
  -9  0  0.101442
  -8  0  0.126537
  -7  0  0.157055
  -6  0  0.193193
  -5  0  0.234274
  -4  0  0.278278
  -3  0  0.321767
  -2  0  0.36052
  -1  0  0.39061
  0  0  0.4094
  1  0  0.416328
  2  0  0.413048
  3  0  0.402599
  4  0  0.388227
  5  0  0.372583
  6  0  0.357413
  7  0  0.343603
  8  0  0.331432
  9  0  0.320851
  10  0  0.311678

  -10  1  0.0501549
  -9  1  0.0646233
  -8  1  0.0833914
  -7  1  0.107405
  -6  1  0.137381
  -5  1  0.173301
  -4  1  0.213746
  -3  1  0.255509
  -2  1  0.294099
  -1  1  0.325061
  0  1  0.345342
  1  1  0.354173
  2  1  0.353119
  3  1  0.345173
  4  1  0.33355
  5  1  0.320844
  6  1  0.308694
  7  1  0.297857
  8  1  0.288512
  9  1  0.280554
  10  1  0.273782

  -10  2  0.0284838
  -9  2  0.0376894
  -8  2  0.0501497
  -7  2  0.0668688
  -6  2  0.0888516
  -5  2  0.116697
  -4  2  0.149901
  -3  2  0.186164
  -2  2  0.22146
  -1  2  0.251237
  0  2  0.272065
  1  2  0.28277
  2  2  0.284533
  3  2  0.280023
  4  2  0.27221
  5  2  0.263476
  6  2  0.255252
  7  2  0.248133
  8  2  0.24221
  9  2  0.23735
  10  2  0.233359

  -10  3  0.015107
  -9  3  0.0204326
  -8  3  0.0278841
  -7  3  0.038261
  -6  3  0.0524815
  -5  3  0.0713407
  -4  3  0.0949988
  -3  3  0.122299
  -2  3  0.150454
  -1  3  0.175723
  0  3  0.194854
  1  3  0.206341
  2  3  0.210754
  3  3  0.210098
  4  3  0.206765
  5  3  0.202673
  6  3  0.198927
  7  3  0.195946
  8  3  0.193759
  9  3  0.192237
  10  3  0.191218

  -10  4  0.00764772
  -9  4  0.0105289
  -8  4  0.014656
  -7  4  0.0205482
  -6  4  0.0288388
  -5  4  0.0401548
  -4  4  0.0548248
  -3  4  0.0724282
  -2  4  0.0914577
  -1  4  0.109547
  0  4  0.124352
  1  4  0.134533
  2  4  0.140183
  3  4  0.142508
  4  4  0.143082
  5  4  0.143177
  6  4  0.143504
  7  4  0.1443
  8  4  0.145543
  9  4  0.147112
  10  4  0.148877

  -10  5  0.00376799
  -9  5  0.00526441
  -8  5  0.00744071
  -7  5  0.0105911
  -6  5  0.0150791
  -5  5  0.0212769
  -4  5  0.029418
  -3  5  0.039364
  -2  5  0.0504061
  -1  5  0.0613296
  0  5  0.0708383
  1  5  0.0781115
  2  5  0.0831147
  3  5  0.0864741
  4  5  0.0890575
  5  5  0.0915716
  6  5  0.0943925
  7  5  0.0976115
  8  5  0.101159
  9  5  0.104907
  10  5  0.10873

  -10  6  0.00183108
  -9  6  0.00259031
  -8  6  0.00370385
  -7  6  0.00532399
  -6  6  0.00763545
  -5  6  0.0108237
  -4  6  0.0150042
  -3  6  0.0201172
  -2  6  0.0258418
  -1  6  0.0316249
  0  6  0.0368697
  1  6  0.041196
  2  6  0.0445994
  3  6  0.047407
  4  6  0.0500774
  5  6  0.0529919
  6  6  0.0563519
  7  6  0.0601896
  8  6  0.0644309
  9  6  0.0689578
  10  6  0.0736483

  -10  7  0.000884321
  -9  7  0.00126402
  -8  7  0.00182248
  -7  7  0.00263365
  -6  7  0.00378394
  -5  7  0.00535571
  -4  7  0.00739494
  -3  7  0.00986774
  -2  7  0.0126291
  -1  7  0.0154413
  0  7  0.018056
  1  7  0.0203242
  2  7  0.022266
  3  7  0.024057
  4  7  0.0259445
  5  7  0.0281511
  6  7  0.030816
  7  7  0.0339847
  8  7  0.0376284
  9  7  0.0416731
  10  7  0.0460263

  -10  8  0.00042594
  -9  8  0.000613786
  -8  8  0.000889545
  -7  8  0.00128742
  -6  8  0.00184552
  -5  8  0.00259762
  -4  8  0.00355915
  -3  8  0.00471027
  -2  8  0.00598596
  -1  8  0.00728696
  0  8  0.00851494
  1  8  0.00961678
  2  8  0.0106131
  3  8  0.0115949
  4  8  0.0126922
  5  8  0.0140352
  6  8  0.0157253
  7  8  0.0178251
  8  8  0.0203582
  9  8  0.0233148
  10  8  0.0266562

  -10  9  0.000204836
  -9  9  0.000296847
  -8  9  0.00043115
  -7  9  0.000622979
  -6  9  0.000888414
  -5  9  0.00124053
  -4  9  0.00168354
  -3  9  0.00220661
  -2  9  0.00278103
  -1  9  0.00336609
  0  9  0.00392378
  1  9  0.00443637
  2  9  0.00491759
  3  9  0.00541224
  4  9  0.00598526
  5  9  0.00670727
  6  9  0.00764348
  7  9  0.0088483
  8  9  0.0103635
  9  9  0.012218
  10  9  0.0144265

  -10  10  9.83308e-05
  -9  10  0.00014295
  -8  10  0.000207523
  -7  10  0.000298634
  -6  10  0.000422844
  -5  10  0.000584972
  -4  10  0.00078577
  -3  10  0.0010197
  -2  10  0.00127433
  -1  10  0.00153316
  0  10  0.00178173
  1  10  0.0020145
  2  10  0.00223922
  3  10  0.00247711
  4  10  0.00275912
  5  10  0.00312102
  6  10  0.00359957
  7  10  0.00423096
  8  10  0.0050504
  9  10  0.00609126
  10  10  0.00738417

