  0  0  0
  0  0  0
  0.01  0  0
  0.02  0  0
  0.03  0  0
  0.04  0  0
  0.05  0  0
  0.06  0  0
  0.07  0  0
  0.08  0  0
  0.09  0  0
  0.1  0  0
  0.11  0  0
  0.12  0  0
  0.13  0  0
  0.14  0  0
  0.15  0  0
  0.16  0  0
  0.17  0  0
  0.18  0  0
  0.19  0  0
  0.2  0  0
  0.21  0  0
  0.22  0  0
  0.23  0  0
  0.24  0  0
  0.25  0  0
  0.26  0  0
  0.27  0  0
  0.28  0  0
  0.29  0  0
  0.3  0  0
  0.31  0  0
  0.32  0  0
  0.33  0  0
  0.34  0  0
  0.35  0  0
  0.36  0  0
  0.37  0  0
  0.38  0  0
  0.39  0  0
  0.4  0  0
  0.41  0  0.0361
  0.42  0  0.1296
  0.43  0  0.2601
  0.44  0  0.4096
  0.45  0  0.5625
  0.46  0  0.7056
  0.47  0  0.8281
  0.48  0  0.9216
  0.49  0  0.9801
  0.5  0  1
  0.51  0  0.9801
  0.52  0  0.9216
  0.53  0  0.8281
  0.54  0  0.7056
  0.55  0  0.5625
  0.56  0  0.4096
  0.57  0  0.2601
  0.58  0  0.1296
  0.59  0  0.0361
  0.6  0  0
  0.61  0  0
  0.62  0  0
  0.63  0  0
  0.64  0  0
  0.65  0  0
  0.66  0  0
  0.67  0  0
  0.68  0  0
  0.69  0  0
  0.7  0  0
  0.71  0  0
  0.72  0  0
  0.73  0  0
  0.74  0  0
  0.75  0  0
  0.76  0  0
  0.77  0  0
  0.78  0  0
  0.79  0  0
  0.8  0  0
  0.81  0  0
  0.82  0  0
  0.83  0  0
  0.84  0  0
  0.85  0  0
  0.86  0  0
  0.87  0  0
  0.88  0  0
  0.89  0  0
  0.9  0  0
  0.91  0  0
  0.92  0  0
  0.93  0  0
  0.94  0  0
  0.95  0  0
  0.96  0  0
  0.97  0  0
  0.98  0  0
  0.99  0  0
  1  0  0

  0  0.099  7.65983e-27
  0.01  0.099  8.05561e-28
  0.02  0.099  -3.20536e-27
  0.03  0.099  4.38298e-26
  0.04  0.099  -5.66446e-25
  0.05  0.099  7.00574e-24
  0.06  0.099  -8.28618e-23
  0.07  0.099  9.3661e-22
  0.08  0.099  -1.01096e-20
  0.09  0.099  1.04115e-19
  0.1  0.099  -1.0221e-18
  0.11  0.099  9.55488e-18
  0.12  0.099  -8.496e-17
  0.13  0.099  7.17653e-16
  0.14  0.099  -5.75065e-15
  0.15  0.099  4.3646e-14
  0.16  0.099  -3.13213e-13
  0.17  0.099  2.12106e-12
  0.18  0.099  -1.35246e-11
  0.19  0.099  8.09947e-11
  0.2  0.099  -4.54255e-10
  0.21  0.099  2.37795e-09
  0.22  0.099  -1.15735e-08
  0.23  0.099  5.21281e-08
  0.24  0.099  -2.16061e-07
  0.25  0.099  8.1839e-07
  0.26  0.099  -2.80785e-06
  0.27  0.099  8.62418e-06
  0.28  0.099  -2.33273e-05
  0.29  0.099  5.42035e-05
  0.3  0.099  -0.000103691
  0.31  0.099  0.000149198
  0.32  0.099  -0.000118174
  0.33  0.099  -8.83271e-05
  0.34  0.099  0.000440269
  0.35  0.099  -0.000559672
  0.36  0.099  -8.80837e-05
  0.37  0.099  0.00115569
  0.38  0.099  -0.000803583
  0.39  0.099  -0.00162162
  0.4  0.099  0.00195514
  0.41  0.099  0.00269847
  0.42  0.099  -0.00298245
  0.43  0.099  -0.00590505
  0.44  0.099  0.00149482
  0.45  0.099  0.0117332
  0.46  0.099  0.010119
  0.47  0.099  -0.00816541
  0.48  0.099  -0.0315207
  0.49  0.099  -0.03974
  0.5  0.099  -0.0150099
  0.51  0.099  0.0499213
  0.52  0.099  0.153237
  0.53  0.099  0.28511
  0.54  0.099  0.431759
  0.55  0.099  0.582191
  0.56  0.099  0.721468
  0.57  0.099  0.838423
  0.58  0.099  0.929516
  0.59  0.099  0.985878
  0.6  0.099  0.998542
  0.61  0.099  0.972098
  0.62  0.099  0.914684
  0.63  0.099  0.823226
  0.64  0.099  0.692176
  0.65  0.099  0.531517
  0.66  0.099  0.367691
  0.67  0.099  0.228039
  0.68  0.099  0.126901
  0.69  0.099  0.0636063
  0.7  0.099  0.0288591
  0.71  0.099  0.0119155
  0.72  0.099  0.00450002
  0.73  0.099  0.00156194
  0.74  0.099  0.000500442
  0.75  0.099  0.000148592
  0.76  0.099  4.10326e-05
  0.77  0.099  1.05716e-05
  0.78  0.099  2.54844e-06
  0.79  0.099  5.76311e-07
  0.8  0.099  1.22546e-07
  0.81  0.099  2.45539e-08
  0.82  0.099  4.64464e-09
  0.83  0.099  8.30902e-10
  0.84  0.099  1.40799e-10
  0.85  0.099  2.26326e-11
  0.86  0.099  3.45559e-12
  0.87  0.099  5.01752e-13
  0.88  0.099  6.93612e-14
  0.89  0.099  9.13783e-15
  0.9  0.099  1.14834e-15
  0.91  0.099  1.37776e-16
  0.92  0.099  1.57938e-17
  0.93  0.099  1.7311e-18
  0.94  0.099  1.81536e-19
  0.95  0.099  1.8225e-20
  0.96  0.099  1.75258e-21
  0.97  0.099  1.61511e-22
  0.98  0.099  1.42706e-23
  0.99  0.099  1.2094e-24
  1  0.099  9.83443e-26

  0  0.199  1.37463e-12
  0.01  0.199  2.90953e-13
  0.02  0.199  4.883e-14
  0.03  0.199  6.0115e-14
  0.04  0.199  -2.22811e-13
  0.05  0.199  1.00506e-12
  0.06  0.199  -4.30644e-12
  0.07  0.199  1.76992e-11
  0.08  0.199  -6.96244e-11
  0.09  0.199  2.61654e-10
  0.1  0.199  -9.37388e-10
  0.11  0.199  3.19353e-09
  0.12  0.199  -1.03169e-08
  0.13  0.199  3.14996e-08
  0.14  0.199  -9.05333e-08
  0.15  0.199  2.43752e-07
  0.16  0.199  -6.1105e-07
  0.17  0.199  1.41501e-06
  0.18  0.199  -2.99446e-06
  0.19  0.199  5.70127e-06
  0.2  0.199  -9.52586e-06
  0.21  0.199  1.33383e-05
  0.22  0.199  -1.40017e-05
  0.23  0.199  6.47061e-06
  0.24  0.199  1.31445e-05
  0.25  0.199  -4.04965e-05
  0.26  0.199  5.60236e-05
  0.27  0.199  -3.0341e-05
  0.28  0.199  -4.58956e-05
  0.29  0.199  0.000121551
  0.3  0.199  -9.33084e-05
  0.31  0.199  -8.08861e-05
  0.32  0.199  0.000241388
  0.33  0.199  -0.000112589
  0.34  0.199  -0.000280769
  0.35  0.199  0.000384002
  0.36  0.199  0.000193529
  0.37  0.199  -0.000683051
  0.38  0.199  -3.12946e-05
  0.39  0.199  0.00102663
  0.4  0.199  -8.61745e-05
  0.41  0.199  -0.00153343
  0.42  0.199  -1.12364e-06
  0.43  0.199  0.00223711
  0.44  0.199  0.000716001
  0.45  0.199  -0.00288281
  0.46  0.199  -0.00274337
  0.47  0.199  0.00245884
  0.48  0.199  0.00590817
  0.49  0.199  0.00151362
  0.5  0.199  -0.00684543
  0.51  0.199  -0.00996091
  0.52  0.199  -0.00242931
  0.53  0.199  0.0121585
  0.54  0.199  0.0213144
  0.55  0.199  0.0138763
  0.56  0.199  -0.00930759
  0.57  0.199  -0.0378371
  0.58  0.199  -0.0582349
  0.59  0.199  -0.0549772
  0.6  0.199  -0.0149993
  0.61  0.199  0.0636474
  0.62  0.199  0.172824
  0.63  0.199  0.304089
  0.64  0.199  0.451007
  0.65  0.199  0.602208
  0.66  0.199  0.74018
  0.67  0.199  0.850777
  0.68  0.199  0.930584
  0.69  0.199  0.982034
  0.7  0.199  1.00299
  0.71  0.199  0.983876
  0.72  0.199  0.915536
  0.73  0.199  0.799325
  0.74  0.199  0.650254
  0.75  0.199  0.491454
  0.76  0.199  0.345055
  0.77  0.199  0.225424
  0.78  0.199  0.137375
  0.79  0.199  0.0783191
  0.8  0.199  0.0418953
  0.81  0.199  0.0210891
  0.82  0.199  0.010017
  0.83  0.199  0.004501
  0.84  0.199  0.00191781
  0.85  0.199  0.000776546
  0.86  0.199  0.000299409
  0.87  0.199  0.000110128
  0.88  0.199  3.87078e-05
  0.89  0.199  1.3021e-05
  0.9  0.199  4.19816e-06
  0.91  0.199  1.29903e-06
  0.92  0.199  3.86241e-07
  0.93  0.199  1.10477e-07
  0.94  0.199  3.04316e-08
  0.95  0.199  8.0806e-09
  0.96  0.199  2.07028e-09
  0.97  0.199  5.12221e-10
  0.98  0.199  1.22484e-10
  0.99  0.199  2.83286e-11
  1  0.199  6.34175e-12

  0  0.299  8.30268e-06
  0.01  0.299  3.03095e-06
  0.02  0.299  1.06862e-06
  0.03  0.299  3.75334e-07
  0.04  0.299  1.03672e-07
  0.05  0.299  8.31471e-08
  0.06  0.299  -8.27339e-08
  0.07  0.299  1.99016e-07
  0.08  0.299  -3.71136e-07
  0.09  0.299  6.53023e-07
  0.1  0.299  -1.03357e-06
  0.11  0.299  1.43457e-06
  0.12  0.299  -1.63828e-06
  0.13  0.299  1.27232e-06
  0.14  0.299  7.64294e-08
  0.15  0.299  -2.51797e-06
  0.16  0.299  5.3314e-06
  0.17  0.299  -6.62762e-06
  0.18  0.299  3.93337e-06
  0.19  0.299  3.7308e-06
  0.2  0.299  -1.3027e-05
  0.21  0.299  1.57022e-05
  0.22  0.299  -3.94514e-06
  0.23  0.299  -1.89412e-05
  0.24  0.299  3.2647e-05
  0.25  0.299  -1.3471e-05
  0.26  0.299  -3.35281e-05
  0.27  0.299  5.84853e-05
  0.28  0.299  -1.07544e-05
  0.29  0.299  -7.75332e-05
  0.3  0.299  8.53565e-05
  0.31  0.299  4.47063e-05
  0.32  0.299  -0.00015595
  0.33  0.299  3.37918e-05
  0.34  0.299  0.000206234
  0.35  0.299  -0.000144692
  0.36  0.299  -0.000242579
  0.37  0.299  0.000291652
  0.38  0.299  0.000264657
  0.39  0.299  -0.000453282
  0.4  0.299  -0.00031835
  0.41  0.299  0.000612084
  0.42  0.299  0.000498592
  0.43  0.299  -0.000764783
  0.44  0.299  -0.000891284
  0.45  0.299  0.000826361
  0.46  0.299  0.00152692
  0.47  0.299  -0.000516247
  0.48  0.299  -0.00226772
  0.49  0.299  -0.000616332
  0.5  0.299  0.00251665
  0.51  0.299  0.00277449
  0.52  0.299  -0.000993118
  0.53  0.299  -0.00483758
  0.54  0.299  -0.00338145
  0.55  0.299  0.00337674
  0.56  0.299  0.00824989
  0.57  0.299  0.00471211
  0.58  0.299  -0.00506234
  0.59  0.299  -0.0125885
  0.6  0.299  -0.0111651
  0.61  0.299  0.000155003
  0.62  0.299  0.0164957
  0.63  0.299  0.0277601
  0.64  0.299  0.0229731
  0.65  0.299  -0.00101126
  0.66  0.299  -0.0350659
  0.67  0.299  -0.0636639
  0.68  0.299  -0.0741092
  0.69  0.299  -0.0589233
  0.7  0.299  -0.0122792
  0.71  0.299  0.0706236
  0.72  0.299  0.188447
  0.73  0.299  0.329912
  0.74  0.299  0.477778
  0.75  0.299  0.617689
  0.76  0.299  0.74321
  0.77  0.299  0.852724
  0.78  0.299  0.94223
  0.79  0.299  1.00151
  0.8  0.299  1.01721
  0.81  0.299  0.980187
  0.82  0.299  0.891507
  0.83  0.299  0.763405
  0.84  0.299  0.615174
  0.85  0.299  0.466933
  0.86  0.299  0.334406
  0.87  0.299  0.226456
  0.88  0.299  0.145335
  0.89  0.299  0.0885989
  0.9  0.299  0.0514176
  0.91  0.299  0.028466
  0.92  0.299  0.0150632
  0.93  0.299  0.00763257
  0.94  0.299  0.00370948
  0.95  0.299  0.00173187
  0.96  0.299  0.000777855
  0.97  0.299  0.000336541
  0.98  0.299  0.000140432
  0.99  0.299  5.65815e-05
  1  0.299  2.20356e-05

  0  0.399  0.0346995
  0.01  0.399  0.0196353
  0.02  0.399  0.0107132
  0.03  0.399  0.00564399
  0.04  0.399  0.00287405
  0.05  0.399  0.00141636
  0.06  0.399  0.000676803
  0.07  0.399  0.000312406
  0.08  0.399  0.000141566
  0.09  0.399  6.10453e-05
  0.1  0.399  2.55325e-05
  0.11  0.399  1.2457e-05
  0.12  0.399  2.17008e-06
  0.13  0.399  2.78555e-06
  0.14  0.399  2.2165e-06
  0.15  0.399  -3.95718e-06
  0.16  0.399  4.10976e-06
  0.17  0.399  5.3706e-07
  0.18  0.399  -6.7699e-06
  0.19  0.399  8.24782e-06
  0.2  0.399  -2.61878e-07
  0.21  0.399  -1.2023e-05
  0.22  0.399  1.42299e-05
  0.23  0.399  2.19965e-06
  0.24  0.399  -2.29873e-05
  0.25  0.399  1.88952e-05
  0.26  0.399  1.59156e-05
  0.27  0.399  -3.96946e-05
  0.28  0.399  7.05144e-06
  0.29  0.399  5.19685e-05
  0.3  0.399  -4.35443e-05
  0.31  0.399  -4.87381e-05
  0.32  0.399  8.89386e-05
  0.33  0.399  2.42554e-05
  0.34  0.399  -0.00013355
  0.35  0.399  1.67488e-05
  0.36  0.399  0.000173915
  0.37  0.399  -6.13987e-05
  0.38  0.399  -0.000222633
  0.39  0.399  0.00010118
  0.4  0.399  0.000301401
  0.41  0.399  -0.000132933
  0.42  0.399  -0.000427445
  0.43  0.399  0.000142261
  0.44  0.399  0.000605233
  0.45  0.399  -8.29083e-05
  0.46  0.399  -0.000815694
  0.47  0.399  -0.000130287
  0.48  0.399  0.000984333
  0.49  0.399  0.000592919
  0.5  0.399  -0.000927008
  0.51  0.399  -0.00130994
  0.52  0.399  0.000329825
  0.53  0.399  0.00199527
  0.54  0.399  0.00108433
  0.55  0.399  -0.00187933
  0.56  0.399  -0.0030218
  0.57  0.399  -3.87498e-05
  0.58  0.399  0.00390626
  0.59  0.399  0.0036476
  0.6  0.399  -0.00124764
  0.61  0.399  -0.00571278
  0.62  0.399  -0.00496428
  0.63  0.399  0.000892432
  0.64  0.399  0.00748891
  0.65  0.399  0.00937401
  0.66  0.399  0.00335991
  0.67  0.399  -0.00827943
  0.68  0.399  -0.0173134
  0.69  0.399  -0.0148851
  0.7  0.399  0.000456687
  0.71  0.399  0.020227
  0.72  0.399  0.0321667
  0.73  0.399  0.0287328
  0.74  0.399  0.00996482
  0.75  0.399  -0.0194586
  0.76  0.399  -0.0529361
  0.77  0.399  -0.0811315
  0.78  0.399  -0.0909354
  0.79  0.399  -0.068723
  0.8  0.399  -0.00704632
  0.81  0.399  0.0909696
  0.82  0.399  0.213771
  0.83  0.399  0.348298
  0.84  0.399  0.485822
  0.85  0.399  0.622331
  0.86  0.399  0.754139
  0.87  0.399  0.873139
  0.88  0.399  0.965873
  0.89  0.399  1.01727
  0.9  0.399  1.0166
  0.91  0.399  0.96205
  0.92  0.399  0.861779
  0.93  0.399  0.731237
  0.94  0.399  0.588601
  0.95  0.399  0.450291
  0.96  0.399  0.328063
  0.97  0.399  0.228091
  0.98  0.399  0.151641
  0.99  0.399  0.0965859
  1  0.399  0.0590439

  0  0.499  0.938856
  0.01  0.499  0.833097
  0.02  0.499  0.704047
  0.03  0.499  0.567834
  0.04  0.499  0.437984
  0.05  0.499  0.323735
  0.06  0.499  0.229744
  0.07  0.499  0.156817
  0.08  0.499  0.103125
  0.09  0.499  0.0654357
  0.1  0.499  0.040118
  0.11  0.499  0.0237997
  0.12  0.499  0.0136759
  0.13  0.499  0.00761816
  0.14  0.499  0.00412411
  0.15  0.499  0.0021676
  0.16  0.499  0.00110364
  0.17  0.499  0.000554281
  0.18  0.499  0.000269119
  0.19  0.499  0.000119459
  0.2  0.499  6.18364e-05
  0.21  0.499  3.21557e-05
  0.22  0.499  1.00445e-06
  0.23  0.499  5.09655e-06
  0.24  0.499  1.68798e-05
  0.25  0.499  -1.05059e-05
  0.26  0.499  -1.267e-05
  0.27  0.499  2.49927e-05
  0.28  0.499  2.54934e-06
  0.29  0.499  -3.58307e-05
  0.3  0.499  1.58381e-05
  0.31  0.499  4.06208e-05
  0.32  0.499  -3.83289e-05
  0.33  0.499  -3.96902e-05
  0.34  0.499  6.27215e-05
  0.35  0.499  3.69179e-05
  0.36  0.499  -9.09192e-05
  0.37  0.499  -3.61261e-05
  0.38  0.499  0.000127721
  0.39  0.499  3.98144e-05
  0.4  0.499  -0.000177154
  0.41  0.499  -5.17071e-05
  0.42  0.499  0.000239291
  0.43  0.499  8.11543e-05
  0.44  0.499  -0.000307601
  0.45  0.499  -0.000145827
  0.46  0.499  0.000364242
  0.47  0.499  0.000268832
  0.48  0.499  -0.000371347
  0.49  0.499  -0.000465055
  0.5  0.499  0.000261982
  0.51  0.499  0.00071032
  0.52  0.499  5.358e-05
  0.53  0.499  -0.000893602
  0.54  0.499  -0.000635559
  0.55  0.499  0.000780894
  0.56  0.499  0.00138678
  0.57  0.499  -7.5394e-05
  0.58  0.499  -0.0018843
  0.59  0.499  -0.00130278
  0.6  0.499  0.00137786
  0.61  0.499  0.00272369
  0.62  0.499  0.00065893
  0.63  0.499  -0.00262663
  0.64  0.499  -0.0033077
  0.65  0.499  -0.000367008
  0.66  0.499  0.00350022
  0.67  0.499  0.00463198
  0.68  0.499  0.00144756
  0.69  0.499  -0.0041803
  0.7  0.499  -0.00764906
  0.71  0.499  -0.00480104
  0.72  0.499  0.00381689
  0.73  0.499  0.0117859
  0.74  0.499  0.0114974
  0.75  0.499  0.00122347
  0.76  0.499  -0.0125155
  0.77  0.499  -0.0199763
  0.78  0.499  -0.0156577
  0.79  0.499  -0.00136868
  0.8  0.499  0.0164473
  0.81  0.499  0.0308117
  0.82  0.499  0.0358546
  0.83  0.499  0.0267652
  0.84  0.499  0.001164
  0.85  0.499  -0.0375705
  0.86  0.499  -0.0782794
  0.87  0.499  -0.104648
  0.88  0.499  -0.101876
  0.89  0.499  -0.0629617
  0.9  0.499  0.00975299
  0.91  0.499  0.108298
  0.92  0.499  0.224662
  0.93  0.499  0.353946
  0.94  0.499  0.493263
  0.95  0.499  0.637914
  0.96  0.499  0.778191
  0.97  0.499  0.899354
  0.98  0.499  0.985043
  0.99  0.499  1.0223
  1  0.499  1.00569

  0  0.599  0.113704
  0.01  0.599  0.228399
  0.02  0.599  0.361967
  0.03  0.599  0.510089
  0.04  0.599  0.663135
  0.05  0.599  0.806278
  0.06  0.599  0.922377
  0.07  0.599  0.996338
  0.08  0.599  1.01908
  0.09  0.599  0.989633
  0.1  0.599  0.914818
  0.11  0.599  0.807021
  0.12  0.599  0.681037
  0.13  0.599  0.551018
  0.14  0.599  0.428326
  0.15  0.599  0.320507
  0.16  0.599  0.231267
  0.17  0.599  0.161171
  0.18  0.599  0.108649
  0.19  0.599  0.0709461
  0.2  0.599  0.044918
  0.21  0.599  0.0276116
  0.22  0.599  0.016507
  0.23  0.599  0.00959149
  0.24  0.599  0.00541794
  0.25  0.599  0.00299921
  0.26  0.599  0.00162065
  0.27  0.599  0.000832238
  0.28  0.599  0.000426243
  0.29  0.599  0.000237613
  0.3  0.599  0.000107281
  0.31  0.599  2.36756e-05
  0.32  0.599  3.12948e-05
  0.33  0.599  4.51586e-05
  0.34  0.599  -1.29459e-05
  0.35  0.599  -4.02822e-05
  0.36  0.599  3.24002e-05
  0.37  0.599  5.36759e-05
  0.38  0.599  -4.882e-05
  0.39  0.599  -6.76623e-05
  0.4  0.599  7.02247e-05
  0.41  0.599  8.77478e-05
  0.42  0.599  -9.25731e-05
  0.43  0.599  -0.000116771
  0.44  0.599  0.00011026
  0.45  0.599  0.000159615
  0.46  0.599  -0.000112474
  0.47  0.599  -0.000219924
  0.48  0.599  8.18105e-05
  0.49  0.599  0.000294433
  0.5  0.599  5.76745e-06
  0.51  0.599  -0.000363042
  0.52  0.599  -0.000174507
  0.53  0.599  0.000376967
  0.54  0.599  0.000429129
  0.55  0.599  -0.000254538
  0.56  0.599  -0.000717606
  0.57  0.599  -9.43458e-05
  0.58  0.599  0.000888722
  0.59  0.599  0.000688606
  0.6  0.599  -0.000693013
  0.61  0.599  -0.00134245
  0.62  0.599  -8.6065e-05
  0.63  0.599  0.00157244
  0.64  0.599  0.00131753
  0.65  0.599  -0.000774509
  0.66  0.599  -0.00219201
  0.67  0.599  -0.00111583
  0.68  0.599  0.00142763
  0.69  0.599  0.00277891
  0.7  0.599  0.00138405
  0.71  0.599  -0.00178003
  0.72  0.599  -0.0039293
  0.73  0.599  -0.00262902
  0.74  0.599  0.00185942
  0.75  0.599  0.00593475
  0.76  0.599  0.0052297
  0.77  0.599  -0.00101297
  0.78  0.599  -0.00810557
  0.79  0.599  -0.00943334
  0.8  0.599  -0.00260709
  0.81  0.599  0.00781105
  0.82  0.599  0.013898
  0.83  0.599  0.0108131
  0.84  0.599  0.000156626
  0.85  0.599  -0.011995
  0.86  0.599  -0.019444
  0.87  0.599  -0.0185922
  0.88  0.599  -0.00864237
  0.89  0.599  0.00870185
  0.9  0.599  0.0286191
  0.91  0.599  0.0428785
  0.92  0.599  0.0421043
  0.93  0.599  0.0206602
  0.94  0.599  -0.0188299
  0.95  0.599  -0.0649214
  0.96  0.599  -0.101698
  0.97  0.599  -0.115377
  0.98  0.599  -0.0990134
  0.99  0.599  -0.0527878
  1  0.599  0.0193595

  0  0.699  0.0527567
  0.01  0.699  0.0374285
  0.02  0.699  0.00186357
  0.03  0.699  -0.0439958
  0.04  0.699  -0.0862808
  0.05  0.699  -0.112772
  0.06  0.699  -0.116399
  0.07  0.699  -0.095183
  0.08  0.699  -0.0496302
  0.09  0.699  0.0200399
  0.1  0.699  0.114733
  0.11  0.699  0.23489
  0.12  0.699  0.377655
  0.13  0.699  0.534692
  0.14  0.699  0.692086
  0.15  0.699  0.832631
  0.16  0.699  0.939639
  0.17  0.699  1.00078
  0.18  0.699  1.01064
  0.19  0.699  0.971396
  0.2  0.699  0.891586
  0.21  0.699  0.783674
  0.22  0.699  0.661315
  0.23  0.699  0.536995
  0.24  0.699  0.420431
  0.25  0.699  0.31794
  0.26  0.699  0.232615
  0.27  0.699  0.164913
  0.28  0.699  0.113429
  0.29  0.699  0.0757673
  0.3  0.699  0.0492246
  0.31  0.699  0.0311509
  0.32  0.699  0.0191927
  0.33  0.699  0.0115089
  0.34  0.699  0.00675846
  0.35  0.699  0.00390226
  0.36  0.699  0.00216827
  0.37  0.699  0.00114812
  0.38  0.699  0.00064075
  0.39  0.699  0.000384882
  0.4  0.699  0.000161686
  0.41  0.699  2.0033e-05
  0.42  0.699  5.56371e-05
  0.43  0.699  0.000105221
  0.44  0.699  -1.34273e-06
  0.45  0.699  -0.000101708
  0.46  0.699  1.04629e-06
  0.47  0.699  0.000130921
  0.48  0.699  3.09736e-05
  0.49  0.699  -0.000150135
  0.5  0.699  -8.46459e-05
  0.51  0.699  0.000155224
  0.52  0.699  0.000167634
  0.53  0.699  -0.000123308
  0.54  0.699  -0.000272267
  0.55  0.699  2.58964e-05
  0.56  0.699  0.000369123
  0.57  0.699  0.000161869
  0.58  0.699  -0.000395873
  0.59  0.699  -0.000433711
  0.6  0.699  0.000262716
  0.61  0.699  0.00071229
  0.62  0.699  0.000104683
  0.63  0.699  -0.000821954
  0.64  0.699  -0.000670783
  0.65  0.699  0.000532478
  0.66  0.699  0.00117953
  0.67  0.699  0.000262376
  0.68  0.699  -0.00115581
  0.69  0.699  -0.00126086
  0.7  0.699  0.000205951
  0.71  0.699  0.00162512
  0.72  0.699  0.00136579
  0.73  0.699  -0.000471616
  0.74  0.699  -0.00215115
  0.75  0.699  -0.00188417
  0.76  0.699  0.000494115
  0.77  0.699  0.00303762
  0.78  0.699  0.00307188
  0.79  0.699  -0.000218038
  0.8  0.699  -0.00430692
  0.81  0.699  -0.00506852
  0.82  0.699  -0.000808005
  0.83  0.699  0.00536342
  0.84  0.699  0.00779819
  0.85  0.699  0.00353439
  0.86  0.699  -0.00460077
  0.87  0.699  -0.0101798
  0.88  0.699  -0.00858504
  0.89  0.699  -0.000610808
  0.9  0.699  0.00858184
  0.91  0.699  0.0134703
  0.92  0.699  0.0113822
  0.93  0.699  0.00302186
  0.94  0.699  -0.00863282
  0.95  0.699  -0.0192592
  0.96  0.699  -0.0237542
  0.97  0.699  -0.0176548
  0.98  0.699  0.000119458
  0.99  0.699  0.0248162
  1  0.699  0.0462174

  0  0.799  0.0141794
  0.01  0.799  0.00796163
  0.02  0.799  -0.00461883
  0.03  0.799  -0.019247
  0.04  0.799  -0.0287223
  0.05  0.799  -0.0260631
  0.06  0.799  -0.00879008
  0.07  0.799  0.0183832
  0.08  0.799  0.0446612
  0.09  0.799  0.0578923
  0.1  0.799  0.0503145
  0.11  0.799  0.022061
  0.12  0.799  -0.0193369
  0.13  0.799  -0.0626863
  0.14  0.799  -0.097581
  0.15  0.799  -0.117083
  0.16  0.799  -0.117665
  0.17  0.799  -0.0972589
  0.18  0.799  -0.0533075
  0.19  0.799  0.0175952
  0.2  0.799  0.118134
  0.21  0.799  0.247669
  0.22  0.799  0.400057
  0.23  0.799  0.563184
  0.24  0.799  0.720645
  0.25  0.799  0.854968
  0.26  0.799  0.951253
  0.27  0.799  1.00011
  0.28  0.799  0.999121
  0.29  0.799  0.952562
  0.3  0.799  0.869751
  0.31  0.799  0.762777
  0.32  0.799  0.644184
  0.33  0.799  0.52504
  0.34  0.799  0.413763
  0.35  0.799  0.315793
  0.36  0.799  0.233809
  0.37  0.799  0.168174
  0.38  0.799  0.117618
  0.39  0.799  0.0800538
  0.4  0.799  0.0531291
  0.41  0.799  0.0344359
  0.42  0.799  0.0217576
  0.43  0.799  0.0133813
  0.44  0.799  0.00808191
  0.45  0.799  0.00483922
  0.46  0.799  0.00280386
  0.47  0.799  0.00151161
  0.48  0.799  0.000816802
  0.49  0.799  0.00053051
  0.5  0.799  0.000335145
  0.51  0.799  8.9418e-05
  0.52  0.799  -4.84638e-05
  0.53  0.799  4.41261e-05
  0.54  0.799  0.000169217
  0.55  0.799  6.2512e-05
  0.56  0.799  -0.00016756
  0.57  0.799  -0.000149827
  0.58  0.799  0.000149853
  0.59  0.799  0.0002729
  0.6  0.799  -5.15216e-05
  0.61  0.799  -0.000378355
  0.62  0.799  -0.000141616
  0.63  0.799  0.000398192
  0.64  0.799  0.000409582
  0.65  0.799  -0.000243821
  0.66  0.799  -0.000651569
  0.67  0.799  -0.000130912
  0.68  0.799  0.000683849
  0.69  0.799  0.000635807
  0.7  0.799  -0.000321778
  0.71  0.799  -0.000975717
  0.72  0.799  -0.00042509
  0.73  0.799  0.000740611
  0.74  0.799  0.00114477
  0.75  0.799  0.000238054
  0.76  0.799  -0.00108478
  0.77  0.799  -0.00141059
  0.78  0.799  -0.000223095
  0.79  0.799  0.00149407
  0.8  0.799  0.00199987
  0.81  0.799  0.000415992
  0.82  0.799  -0.0021045
  0.83  0.799  -0.00303875
  0.84  0.799  -0.000892471
  0.85  0.799  0.00283922
  0.86  0.799  0.00454533
  0.87  0.799  0.00194048
  0.88  0.799  -0.00323277
  0.89  0.799  -0.00632332
  0.9  0.799  -0.0040297
  0.91  0.799  0.00228249
  0.92  0.799  0.00752991
  0.93  0.799  0.0072689
  0.94  0.799  0.00138771
  0.95  0.799  -0.00601759
  0.96  0.799  -0.00998959
  0.97  0.799  -0.0080829
  0.98  0.799  -0.00132365
  0.99  0.799  0.00704564
  1  0.799  0.0132744

  0  0.899  0.00769201
  0.01  0.899  0.00641813
  0.02  0.899  0.00100321
  0.03  0.899  -0.00546602
  0.04  0.899  -0.00962471
  0.05  0.899  -0.00927197
  0.06  0.899  -0.0039327
  0.07  0.899  0.00491688
  0.08  0.899  0.0137887
  0.09  0.899  0.0179205
  0.1  0.899  0.0133567
  0.11  0.899  -0.000292309
  0.12  0.899  -0.0182663
  0.13  0.899  -0.0319392
  0.14  0.899  -0.0329105
  0.15  0.899  -0.0177575
  0.16  0.899  0.00944114
  0.17  0.899  0.0384608
  0.18  0.899  0.0574806
  0.19  0.899  0.0582798
  0.2  0.899  0.0393236
  0.21  0.899  0.00546522
  0.22  0.899  -0.0349502
  0.23  0.899  -0.0735383
  0.24  0.899  -0.103971
  0.25  0.899  -0.121956
  0.26  0.899  -0.123771
  0.27  0.899  -0.104836
  0.28  0.899  -0.0596053
  0.29  0.899  0.0169175
  0.3  0.899  0.126706
  0.31  0.899  0.266447
  0.32  0.899  0.426615
  0.33  0.899  0.592474
  0.34  0.899  0.746721
  0.35  0.899  0.872823
  0.36  0.899  0.958106
  0.37  0.899  0.995848
  0.38  0.899  0.985918
  0.39  0.899  0.933929
  0.4  0.899  0.849458
  0.41  0.899  0.744013
  0.42  0.899  0.629106
  0.43  0.899  0.514643
  0.44  0.899  0.408012
  0.45  0.899  0.313953
  0.46  0.899  0.234836
  0.47  0.899  0.17102
  0.48  0.899  0.121363
  0.49  0.899  0.0839456
  0.5  0.899  0.0566646
  0.51  0.899  0.0374363
  0.52  0.899  0.024235
  0.53  0.899  0.0152981
  0.54  0.899  0.00937465
  0.55  0.899  0.00565992
  0.56  0.899  0.00346514
  0.57  0.899  0.00209344
  0.58  0.899  0.00110162
  0.59  0.899  0.000479061
  0.6  0.899  0.000318942
  0.61  0.899  0.000378062
  0.62  0.899  0.000236704
  0.63  0.899  -0.00011594
  0.64  0.899  -0.000232471
  0.65  0.899  8.37575e-05
  0.66  0.899  0.000367831
  0.67  0.899  0.000127646
  0.68  0.899  -0.000360535
  0.69  0.899  -0.000373571
  0.7  0.899  0.000186983
  0.71  0.899  0.000563502
  0.72  0.899  0.000177502
  0.73  0.899  -0.000516629
  0.74  0.899  -0.000593961
  0.75  0.899  0.000112422
  0.76  0.899  0.000762379
  0.77  0.899  0.000536818
  0.78  0.899  -0.000374479
  0.79  0.899  -0.000973003
  0.8  0.899  -0.000534851
  0.81  0.899  0.000601027
  0.82  0.899  0.00129379
  0.83  0.899  0.000678387
  0.84  0.899  -0.000871093
  0.85  0.899  -0.00185442
  0.86  0.899  -0.00100223
  0.87  0.899  0.00123285
  0.88  0.899  0.00270885
  0.89  0.899  0.0015718
  0.9  0.899  -0.00158349
  0.91  0.899  -0.00381363
  0.92  0.899  -0.00255479
  0.93  0.899  0.00157783
  0.94  0.899  0.00494241
  0.95  0.899  0.00415544
  0.96  0.899  -0.000589276
  0.97  0.899  -0.00545266
  0.98  0.899  -0.00626138
  0.99  0.899  -0.00209815
  1  0.899  0.00402052

  0  0.999  -0.000615604
  0.01  0.999  0.00374998
  0.02  0.999  0.00534003
  0.03  0.999  0.00261726
  0.04  0.999  -0.002426
  0.05  0.999  -0.00598338
  0.06  0.999  -0.00545099
  0.07  0.999  -0.00118205
  0.08  0.999  0.00410678
  0.09  0.999  0.00731614
  0.1  0.999  0.00665797
  0.11  0.999  0.00222976
  0.12  0.999  -0.00423787
  0.13  0.999  -0.00991153
  0.14  0.999  -0.0116395
  0.15  0.999  -0.00727726
  0.16  0.999  0.00269184
  0.17  0.999  0.0143356
  0.18  0.999  0.0214133
  0.19  0.999  0.0184984
  0.2  0.999  0.0045125
  0.21  0.999  -0.0156357
  0.22  0.999  -0.0327376
  0.23  0.999  -0.0376837
  0.24  0.999  -0.0261808
  0.25  0.999  -0.00113613
  0.26  0.999  0.0285453
  0.27  0.999  0.0519517
  0.28  0.999  0.0607055
  0.29  0.999  0.0517619
  0.3  0.999  0.0274322
  0.31  0.999  -0.00672393
  0.32  0.999  -0.044503
  0.33  0.999  -0.0806628
  0.34  0.999  -0.110926
  0.35  0.999  -0.130825
  0.36  0.999  -0.13455
  0.37  0.999  -0.114915
  0.38  0.999  -0.0648065
  0.39  0.999  0.0204338
  0.4  0.999  0.14067
  0.41  0.999  0.289598
  0.42  0.999  0.454993
  0.43  0.999  0.620667
  0.44  0.999  0.769488
  0.45  0.999  0.886472
  0.46  0.999  0.961194
  0.47  0.999  0.989157
  0.48  0.999  0.971893
  0.49  0.999  0.915871
  0.5  0.999  0.83067
  0.51  0.999  0.72711
  0.52  0.999  0.615697
  0.53  0.999  0.505415
  0.54  0.999  0.402932
  0.55  0.999  0.312391
  0.56  0.999  0.235777
  0.57  0.999  0.173469
  0.58  0.999  0.124636
  0.59  0.999  0.0875476
  0.6  0.999  0.0600619
  0.61  0.999  0.0402065
  0.62  0.999  0.0263796
  0.63  0.999  0.0171118
  0.64  0.999  0.0109307
  0.65  0.999  0.00668672
  0.66  0.999  0.00386894
  0.67  0.999  0.00230877
  0.68  0.999  0.00159292
  0.69  0.999  0.00105656
  0.7  0.999  0.000396866
  0.71  0.999  -6.37878e-05
  0.72  0.999  2.17915e-05
  0.73  0.999  0.000377427
  0.74  0.999  0.000381517
  0.75  0.999  -8.77016e-05
  0.76  0.999  -0.000455831
  0.77  0.999  -0.000220673
  0.78  0.999  0.000352331
  0.79  0.999  0.000540223
  0.8  0.999  6.49804e-05
  0.81  0.999  -0.00055177
  0.82  0.999  -0.000583532
  0.83  0.999  7.63588e-05
  0.84  0.999  0.000761897
  0.85  0.999  0.000694015
  0.86  0.999  -0.000194572
  0.87  0.999  -0.00107059
  0.88  0.999  -0.000928629
  0.89  0.999  0.00032943
  0.9  0.999  0.00155006
  0.91  0.999  0.0013172
  0.92  0.999  -0.000486467
  0.93  0.999  -0.002213
  0.94  0.999  -0.00190452
  0.95  0.999  0.000568138
  0.96  0.999  0.00298826
  0.97  0.999  0.00277478
  0.98  0.999  -0.000328882
  0.99  0.999  -0.00366072
  1  0.999  -0.00398541

