15 December 2011 04:29:15 PM

ASA063_PRB:
  C++ version
  Test the ASA063 library.

TEST01:
  BETAIN computes the incomplete Beta function.
  Compare to tabulated values.

           A           B           X          FX                        FX2
                                              (Tabulated)               (BETAIN)            DIFF

         0.5         0.5        0.01       0.06376856085851985       0.06376856085862287    1.03e-13
         0.5         0.5         0.1        0.2048327646991335        0.2048327646994643   3.308e-13
         0.5         0.5           1                         1                         1           0
           1         0.5           0                         0                         0           0
           1         0.5        0.01      0.005012562893380045      0.005012562893480048       1e-13
           1         0.5         0.1        0.0513167019494862       0.05131670195050997   1.024e-12
           1         0.5         0.5        0.2928932188134525        0.2928932188192955   5.843e-12
           1           1         0.5                       0.5        0.5000000000099751   9.975e-12
           2           2         0.1                     0.028       0.02800000000055864   5.586e-13
           2           2         0.2                     0.104        0.1040000000020749   2.075e-12
           2           2         0.3                     0.216        0.2160000000043093   4.309e-12
           2           2         0.4                     0.352        0.3520000000070227   7.023e-12
           2           2         0.5                       0.5        0.5000000000099754   9.975e-12
           2           2         0.6                     0.648        0.6479999999929773   7.023e-12
           2           2         0.7                     0.784        0.7839999999956906   4.309e-12
           2           2         0.8                     0.896        0.8959999999979251   2.075e-12
           2           2         0.9                     0.972        0.9719999999994414   5.586e-13
         5.5           5         0.5        0.4361908850559777        0.4361908850691503   1.317e-11
          10         0.5         0.9        0.1516409096347099        0.1516409096363879   1.678e-12
          10           5         0.5          0.08978271484375       0.08978271484561341   1.863e-12
          10           5           1                         1                         1           0
          10          10         0.5                       0.5        0.5000000000008235   8.235e-13
          20           5         0.8        0.4598773297575791        0.4598773297667497   9.171e-12
          20          10         0.6        0.2146816102371739        0.2146816102373491   1.752e-13
          20          10         0.8        0.9507364826957875        0.9507364826957474   4.008e-14
          20          20         0.5                       0.5        0.4999999999999921   7.883e-15
          20          20         0.6        0.8979413687105918        0.8979413687105928   9.992e-16
          30          10         0.7        0.2241297491808366        0.2241297491810194   1.828e-13
          30          10         0.8        0.7586405487192086        0.7586405487190104   1.982e-13
          40          20         0.7        0.7001783247477069        0.7001783247477082   1.332e-15
           1         0.5         0.1        0.0513167019494862       0.05131670195050997   1.024e-12
           1         0.5         0.2        0.1055728090000841        0.1055728090021903   2.106e-12
           1         0.5         0.3        0.1633399734659245        0.1633399734691831   3.259e-12
           1         0.5         0.4        0.2254033307585166        0.2254033307630134   4.497e-12
           1           2         0.2                      0.36        0.3600000000071821   7.182e-12
           1           3         0.2                     0.488        0.4880000000097358   9.736e-12
           1           4         0.2                    0.5904        0.5904000000117782   1.178e-11
           1           5         0.2                   0.67232        0.6723199999934624   6.538e-12
           2           2         0.3                     0.216        0.2160000000043093   4.309e-12
           3           2         0.3                    0.0837       0.08370000000166976    1.67e-12
           4           2         0.3                   0.03078       0.03078000000061404    6.14e-13
           5           2         0.3                  0.010935       0.01093500000021815   2.182e-13

ASA063_PRB:
  Normal end of execution.

15 December 2011 04:29:15 PM
