16 December 2011 10:40:45 AM

ASA109_PRB:
  C++ version
  Test the ASA109 library.

TEST01:
  XINBTA inverts the incomplete Beta function.
  Given CDF, it computes an X.

           A           B           CDF        X                         X
                                              (Tabulated)               (XINBTA)            DIFF

         0.5         0.5     0.06377                      0.01      0.009999999987739931   1.226e-11
         0.5         0.5      0.2048                       0.1       0.09999999988126219   1.187e-10
         0.5         0.5           1                         1                         1           0
           1         0.5           0                         0                         0           0
           1         0.5    0.005013                      0.01      0.009999999997142803   2.857e-12
           1         0.5     0.05132                       0.1       0.09999999997314414   2.686e-11
           1         0.5      0.2929                       0.5        0.4999999998813814   1.186e-10
           1           1         0.5                       0.5                       0.5           0
           2           2       0.028                       0.1        0.1000000000870404   8.704e-11
           2           2       0.104                       0.2        0.2000000001952787   1.953e-10
           2           2       0.216                       0.3        0.3000000002888634   2.889e-10
           2           2       0.352                       0.4        0.4000000004105692   4.106e-10
           2           2         0.5                       0.5        0.5000000005595101   5.595e-10
           2           2       0.648                       0.6        0.5999999995894308   4.106e-10
           2           2       0.784                       0.7        0.6999999997111366   2.889e-10
           2           2       0.896                       0.8        0.7999999998047214   1.953e-10
           2           2       0.972                       0.9        0.8999999999129595   8.704e-11
         5.5           5      0.4362                       0.5        0.5000000090345638   9.035e-09
          10         0.5      0.1516                       0.9         0.900000005907881   5.908e-09
          10           5     0.08978                       0.5        0.5000000135769177   1.358e-08
          10           5           1                         1                         1           0
          10          10         0.5                       0.5        0.5000000023224583   2.322e-09
          20           5      0.4599                       0.8         0.799999999699832   3.002e-10
          20          10      0.2147                       0.6        0.6000000005491829   5.492e-10
          20          10      0.9507                       0.8        0.7999999997266629   2.733e-10
          20          20         0.5                       0.5        0.5000000000000001    1.11e-16
          20          20      0.8979                       0.6         0.599999909592541   9.041e-08
          30          10      0.2241                       0.7        0.7000000297263503   2.973e-08
          30          10      0.7586                       0.8        0.7999999267423825   7.326e-08
          40          20      0.7002                       0.7         0.699999901704448    9.83e-08
           1         0.5     0.05132                       0.1       0.09999999997314414   2.686e-11
           1         0.5      0.1056                       0.2        0.1999999999549328   4.507e-11
           1         0.5      0.1633                       0.3        0.2999999999223895   7.761e-11
           1         0.5      0.2254                       0.4        0.3999999999000737   9.993e-11
           1           2        0.36                       0.2        0.1999999999746051   2.539e-11
           1           3       0.488                       0.2        0.2000000004550595   4.551e-10
           1           4      0.5904                       0.2        0.1999999986812894   1.319e-09
           1           5      0.6723                       0.2        0.1999999988538737   1.146e-09
           2           2       0.216                       0.3        0.3000000002888634   2.889e-10
           3           2      0.0837                       0.3         0.300000000179438   1.794e-10
           4           2     0.03078                       0.3        0.3000000055590522   5.559e-09
           5           2     0.01094                       0.3        0.3000000260606296   2.606e-08

ASA109_PRB:
  Normal end of execution.

16 December 2011 10:40:45 AM
