0  0
0  1
0  2
0  11
0  12
0  17
0  18
0  19
1  0
1  1
1  2
1  11
1  12
1  17
1  18
1  19
2  0
2  1
2  2
2  3
2  4
2  11
2  12
2  13
2  17
2  18
2  19
2  20
2  21
3  2
3  3
3  4
3  12
3  13
3  19
3  20
3  21
4  2
4  3
4  4
4  5
4  6
4  12
4  13
4  14
4  19
4  20
4  21
4  22
4  23
5  4
5  5
5  6
5  13
5  14
5  21
5  22
5  23
6  4
6  5
6  6
6  7
6  8
6  13
6  14
6  15
6  21
6  22
6  23
6  24
6  25
7  6
7  7
7  8
7  14
7  15
7  23
7  24
7  25
8  6
8  7
8  8
8  9
8  10
8  14
8  15
8  16
8  23
8  24
8  25
8  26
8  27
9  8
9  9
9  10
9  15
9  16
9  25
9  26
9  27
10  8
10  9
10  10
10  15
10  16
10  25
10  26
10  27
11  0
11  1
11  2
11  11
11  12
11  17
11  18
11  19
12  0
12  1
12  2
12  3
12  4
12  11
12  12
12  13
12  17
12  18
12  19
12  20
12  21
13  2
13  3
13  4
13  5
13  6
13  12
13  13
13  14
13  19
13  20
13  21
13  22
13  23
14  4
14  5
14  6
14  7
14  8
14  13
14  14
14  15
14  21
14  22
14  23
14  24
14  25
15  6
15  7
15  8
15  9
15  10
15  14
15  15
15  16
15  23
15  24
15  25
15  26
15  27
16  8
16  9
16  10
16  15
16  16
16  25
16  26
16  27
17  0
17  1
17  2
17  11
17  12
17  17
17  18
17  19
17  28
17  29
17  34
17  35
17  36
18  0
18  1
18  2
18  11
18  12
18  17
18  18
18  19
18  28
18  29
18  34
18  35
18  36
19  0
19  1
19  2
19  3
19  4
19  11
19  12
19  13
19  17
19  18
19  19
19  20
19  21
19  28
19  29
19  30
19  34
19  35
19  36
19  37
19  38
20  2
20  3
20  4
20  12
20  13
20  19
20  20
20  21
20  29
20  30
20  36
20  37
20  38
21  2
21  3
21  4
21  5
21  6
21  12
21  13
21  14
21  19
21  20
21  21
21  22
21  23
21  29
21  30
21  31
21  36
21  37
21  38
21  39
21  40
22  4
22  5
22  6
22  13
22  14
22  21
22  22
22  23
22  30
22  31
22  38
22  39
22  40
23  4
23  5
23  6
23  7
23  8
23  13
23  14
23  15
23  21
23  22
23  23
23  24
23  25
23  30
23  31
23  32
23  38
23  39
23  40
23  41
23  42
24  6
24  7
24  8
24  14
24  15
24  23
24  24
24  25
24  31
24  32
24  40
24  41
24  42
25  6
25  7
25  8
25  9
25  10
25  14
25  15
25  16
25  23
25  24
25  25
25  26
25  27
25  31
25  32
25  33
25  40
25  41
25  42
25  43
25  44
26  8
26  9
26  10
26  15
26  16
26  25
26  26
26  27
26  32
26  33
26  42
26  43
26  44
27  8
27  9
27  10
27  15
27  16
27  25
27  26
27  27
27  32
27  33
27  42
27  43
27  44
28  17
28  18
28  19
28  28
28  29
28  34
28  35
28  36
29  17
29  18
29  19
29  20
29  21
29  28
29  29
29  30
29  34
29  35
29  36
29  37
29  38
30  19
30  20
30  21
30  22
30  23
30  29
30  30
30  31
30  36
30  37
30  38
30  39
30  40
31  21
31  22
31  23
31  24
31  25
31  30
31  31
31  32
31  38
31  39
31  40
31  41
31  42
32  23
32  24
32  25
32  26
32  27
32  31
32  32
32  33
32  40
32  41
32  42
32  43
32  44
33  25
33  26
33  27
33  32
33  33
33  42
33  43
33  44
34  17
34  18
34  19
34  28
34  29
34  34
34  35
34  36
34  45
34  46
34  51
34  52
34  53
35  17
35  18
35  19
35  28
35  29
35  34
35  35
35  36
35  45
35  46
35  51
35  52
35  53
36  17
36  18
36  19
36  20
36  21
36  28
36  29
36  30
36  34
36  35
36  36
36  37
36  38
36  45
36  46
36  47
36  51
36  52
36  53
36  54
36  55
37  19
37  20
37  21
37  29
37  30
37  36
37  37
37  38
37  46
37  47
37  53
37  54
37  55
38  19
38  20
38  21
38  22
38  23
38  29
38  30
38  31
38  36
38  37
38  38
38  39
38  40
38  46
38  47
38  48
38  53
38  54
38  55
38  56
38  57
39  21
39  22
39  23
39  30
39  31
39  38
39  39
39  40
39  47
39  48
39  55
39  56
39  57
40  21
40  22
40  23
40  24
40  25
40  30
40  31
40  32
40  38
40  39
40  40
40  41
40  42
40  47
40  48
40  49
40  55
40  56
40  57
40  58
40  59
41  23
41  24
41  25
41  31
41  32
41  40
41  41
41  42
41  48
41  49
41  57
41  58
41  59
42  23
42  24
42  25
42  26
42  27
42  31
42  32
42  33
42  40
42  41
42  42
42  43
42  44
42  48
42  49
42  50
42  57
42  58
42  59
42  60
42  61
43  25
43  26
43  27
43  32
43  33
43  42
43  43
43  44
43  49
43  50
43  59
43  60
43  61
44  25
44  26
44  27
44  32
44  33
44  42
44  43
44  44
44  49
44  50
44  59
44  60
44  61
45  34
45  35
45  36
45  45
45  46
45  51
45  52
45  53
46  34
46  35
46  36
46  37
46  38
46  45
46  46
46  47
46  51
46  52
46  53
46  54
46  55
47  36
47  37
47  38
47  39
47  40
47  46
47  47
47  48
47  53
47  54
47  55
47  56
47  57
48  38
48  39
48  40
48  41
48  42
48  47
48  48
48  49
48  55
48  56
48  57
48  58
48  59
49  40
49  41
49  42
49  43
49  44
49  48
49  49
49  50
49  57
49  58
49  59
49  60
49  61
50  42
50  43
50  44
50  49
50  50
50  59
50  60
50  61
51  34
51  35
51  36
51  45
51  46
51  51
51  52
51  53
51  62
51  63
51  68
51  69
51  70
52  34
52  35
52  36
52  45
52  46
52  51
52  52
52  53
52  62
52  63
52  68
52  69
52  70
53  34
53  35
53  36
53  37
53  38
53  45
53  46
53  47
53  51
53  52
53  53
53  54
53  55
53  62
53  63
53  64
53  68
53  69
53  70
53  71
53  72
54  36
54  37
54  38
54  46
54  47
54  53
54  54
54  55
54  63
54  64
54  70
54  71
54  72
55  36
55  37
55  38
55  39
55  40
55  46
55  47
55  48
55  53
55  54
55  55
55  56
55  57
55  63
55  64
55  65
55  70
55  71
55  72
55  73
55  74
56  38
56  39
56  40
56  47
56  48
56  55
56  56
56  57
56  64
56  65
56  72
56  73
56  74
57  38
57  39
57  40
57  41
57  42
57  47
57  48
57  49
57  55
57  56
57  57
57  58
57  59
57  64
57  65
57  66
57  72
57  73
57  74
57  75
57  76
58  40
58  41
58  42
58  48
58  49
58  57
58  58
58  59
58  65
58  66
58  74
58  75
58  76
59  40
59  41
59  42
59  43
59  44
59  48
59  49
59  50
59  57
59  58
59  59
59  60
59  61
59  65
59  66
59  67
59  74
59  75
59  76
59  77
59  78
60  42
60  43
60  44
60  49
60  50
60  59
60  60
60  61
60  66
60  67
60  76
60  77
60  78
61  42
61  43
61  44
61  49
61  50
61  59
61  60
61  61
61  66
61  67
61  76
61  77
61  78
62  51
62  52
62  53
62  62
62  63
62  68
62  69
62  70
63  51
63  52
63  53
63  54
63  55
63  62
63  63
63  64
63  68
63  69
63  70
63  71
63  72
64  53
64  54
64  55
64  56
64  57
64  63
64  64
64  65
64  70
64  71
64  72
64  73
64  74
65  55
65  56
65  57
65  58
65  59
65  64
65  65
65  66
65  72
65  73
65  74
65  75
65  76
66  57
66  58
66  59
66  60
66  61
66  65
66  66
66  67
66  74
66  75
66  76
66  77
66  78
67  59
67  60
67  61
67  66
67  67
67  76
67  77
67  78
68  51
68  52
68  53
68  62
68  63
68  68
68  69
68  70
68  79
68  80
68  85
68  86
68  87
69  51
69  52
69  53
69  62
69  63
69  68
69  69
69  70
69  79
69  80
69  85
69  86
69  87
70  51
70  52
70  53
70  54
70  55
70  62
70  63
70  64
70  68
70  69
70  70
70  71
70  72
70  79
70  80
70  81
70  85
70  86
70  87
70  88
70  89
71  53
71  54
71  55
71  63
71  64
71  70
71  71
71  72
71  80
71  81
71  87
71  88
71  89
72  53
72  54
72  55
72  56
72  57
72  63
72  64
72  65
72  70
72  71
72  72
72  73
72  74
72  80
72  81
72  82
72  87
72  88
72  89
72  90
72  91
73  55
73  56
73  57
73  64
73  65
73  72
73  73
73  74
73  81
73  82
73  89
73  90
73  91
74  55
74  56
74  57
74  58
74  59
74  64
74  65
74  66
74  72
74  73
74  74
74  75
74  76
74  81
74  82
74  83
74  89
74  90
74  91
74  92
74  93
75  57
75  58
75  59
75  65
75  66
75  74
75  75
75  76
75  82
75  83
75  91
75  92
75  93
76  57
76  58
76  59
76  60
76  61
76  65
76  66
76  67
76  74
76  75
76  76
76  77
76  78
76  82
76  83
76  84
76  91
76  92
76  93
76  94
76  95
77  59
77  60
77  61
77  66
77  67
77  76
77  77
77  78
77  83
77  84
77  93
77  94
77  95
78  59
78  60
78  61
78  66
78  67
78  76
78  77
78  78
78  83
78  84
78  93
78  94
78  95
79  68
79  69
79  70
79  79
79  80
79  85
79  86
79  87
80  68
80  69
80  70
80  71
80  72
80  79
80  80
80  81
80  85
80  86
80  87
80  88
80  89
81  70
81  71
81  72
81  73
81  74
81  80
81  81
81  82
81  87
81  88
81  89
81  90
81  91
82  72
82  73
82  74
82  75
82  76
82  81
82  82
82  83
82  89
82  90
82  91
82  92
82  93
83  74
83  75
83  76
83  77
83  78
83  82
83  83
83  84
83  91
83  92
83  93
83  94
83  95
84  76
84  77
84  78
84  83
84  84
84  93
84  94
84  95
85  68
85  69
85  70
85  79
85  80
85  85
85  86
85  87
86  68
86  69
86  70
86  79
86  80
86  85
86  86
86  87
87  68
87  69
87  70
87  71
87  72
87  79
87  80
87  81
87  85
87  86
87  87
87  88
87  89
88  70
88  71
88  72
88  80
88  81
88  87
88  88
88  89
89  70
89  71
89  72
89  73
89  74
89  80
89  81
89  82
89  87
89  88
89  89
89  90
89  91
90  72
90  73
90  74
90  81
90  82
90  89
90  90
90  91
91  72
91  73
91  74
91  75
91  76
91  81
91  82
91  83
91  89
91  90
91  91
91  92
91  93
92  74
92  75
92  76
92  82
92  83
92  91
92  92
92  93
93  74
93  75
93  76
93  77
93  78
93  82
93  83
93  84
93  91
93  92
93  93
93  94
93  95
94  76
94  77
94  78
94  83
94  84
94  93
94  94
94  95
95  76
95  77
95  78
95  83
95  84
95  93
95  94
95  95
