           0
     1.99999
     7.33335
          16
     3.99998
     5.99997
     11.3333
          20
     14.6667
     16.6667
          22
     30.6667
          32
          34
     39.3333
          48
    -1.99999
           0
     5.33336
          14
     7.99998
     3.99998
     9.33334
          18
     19.3334
     14.6667
          30
     28.6667
          30
          32
     37.3334
          46
    -7.33335
    -5.33336
           0
     8.66665
     3.33329
    -1.33338
     3.99998
     12.6666
     13.3333
     9.33334
          24
     23.3333
     24.6667
     26.6666
          32
     40.6667
         -16
         -14
    -8.66665
           0
         -12
         -10
    -4.66667
     3.99998
     -1.3333
     0.66669
     6.00005
     14.6667
          16
          18
     23.3333
          32
