17 December 2011 01:51:05 PM

BETA_NC_PRB:
  C++ version
  Test the BETA_NC library.

TEST01:
  BETA_NONCENTRAL_CDF computes the noncentral incomplete 
  Beta function.
  Compare to tabulated values.

      A      B     LAMBDA        X          FX                        FX2
                                            (Tabulated)               (computed)          DIFF

      5      5       54       0.864                 0.4563021        0.4563026193146386   5.193e-07
      5      5      140         0.9                 0.1041337        0.1041334930046336    2.07e-07
      5      5      170       0.956                 0.6022353        0.6022421649745753   6.865e-06
     10     10       54      0.8686                  0.918777        0.9187791109067509   2.111e-06
     10     10      140         0.9                 0.6008106        0.6008071069996984   3.493e-06
     10     10      250         0.9                  0.090285       0.09028991611607129   4.916e-06
     20     20       54      0.8787                 0.9998655        0.9998676573232279   2.157e-06
     20     20      140         0.9                 0.9925997        0.9925975046122494   2.195e-06
     20     20      250       0.922        0.9641111999999999        0.9641190728772143   7.873e-06
     10     20      150       0.868              0.9376626573        0.9376634901743937   8.329e-07
     10     10      120         0.9              0.7306817858        0.7306823706231522   5.848e-07
     15      5       80        0.88              0.1604256918        0.1604257281973967    3.64e-08
     20     10      110        0.85              0.1867485313        0.1867485473756134   1.608e-08
     20     30       65        0.66        0.6559386874000001        0.6559388006254526   1.132e-07
     20     50      130        0.72              0.9796881486          0.97968911853216   9.699e-07
     30     20       80        0.72              0.1162386423        0.1162386454695966    3.17e-09
     30     40      130         0.8              0.9930430054        0.9930444988012715   1.493e-06
     10      5       20       0.644              0.0506899273       0.05068992794944726   6.494e-10
     10     10       54         0.7              0.1030959706        0.1030959736860629   3.086e-09
     10     30       80        0.78        0.9978417832000001         0.997844684780036   2.902e-06
     15     20      120        0.76              0.2555552369        0.2555552463009128   9.401e-09
     10      5       55       0.795              0.0668307064       0.06683070801408221   1.614e-09
     12     17       64        0.56              0.0113601067       0.01136010670017738   1.774e-13
     30     30      140         0.8              0.7813366615        0.7813370605238029    3.99e-07
     35     30       20        0.67              0.8867126477        0.8867126477327645   3.276e-11

BETA_NC_PRB:
  Normal end of execution.

17 December 2011 01:51:05 PM
