               0               0
          0.1875    -8.32667e-17
            0.25              -0
          0.1875     8.32667e-17
               0               0
               0               0
          0.1875     3.58047e-15
            0.25      -1.991e-15
          0.1875    -2.28983e-15
               0               0
               0              -0
          0.1875    -1.45043e-16
            0.25    -1.16385e-15
          0.1875     -9.2533e-16
               0               0
              -0               0
          0.1875    -1.59974e-16
            0.25    -2.89519e-16
          0.1875    -5.12615e-16
               0               0
               0               0
          0.1875     4.02488e-16
            0.25    -2.53239e-17
          0.1875    -4.13489e-16
               0               0
     1.66533e-16               0
          0.1875     2.55487e-16
            0.25    -1.45206e-16
          0.1875    -4.45377e-16
               0               0
               0               0
          0.1875       7.668e-17
            0.25    -7.61257e-17
          0.1875    -2.33202e-16
               0               0
     3.33067e-16               0
          0.1875    -4.43264e-17
            0.25    -1.09221e-16
          0.1875     4.81881e-17
               0               0
               0               0
          0.1875     1.61447e-17
            0.25     3.04596e-16
          0.1875     4.92086e-16
               0               0
     1.66533e-16               0
          0.1875              -0
            0.25     2.71112e-16
          0.1875     3.07064e-16
               0               0
               0               0
          0.1875    -8.67819e-17
            0.25     5.07604e-17
          0.1875              -0
               0               0
              -0               0
          0.1875     -3.4505e-17
            0.25     1.17306e-17
          0.1875     -6.8854e-17
               0               0
               0               0
          0.1875               0
            0.25               0
          0.1875               0
               0               0
