    0.892541    0.187097
    0.730502    0.120935
    0.775593    0.140825
    0.687443   0.0421398
    0.583491   0.0762493
    0.587626    0.076297
    0.504327    0.189816
    0.626211           0
    0.645536  0.000912878
    0.558626    0.117996
    0.549023    0.206855
     0.46968     0.23056
    0.442085    0.211057
    0.447512    0.223668
    0.320194    0.364427
    0.305575    0.300034
    0.281701     0.37458
    0.274571    0.346232
    0.284663    0.289448
     0.28711    0.260749
     0.22493     0.30189
    0.190653    0.301653
    0.181079    0.311997
    0.286538    0.323601
    0.384884    0.409558
    0.410271    0.516559
    0.447669    0.421261
    0.443804    0.398442
    0.508291    0.315496
     0.53725    0.321057
    0.532269     0.33935
    0.545122     0.35877
    0.585133    0.349669
    0.520374    0.392601
    0.531244    0.373483
    0.504045    0.405426
    0.358102    0.542515
    0.461907    0.479953
    0.431814    0.593609
    0.452907    0.573145
    0.655522    0.506149
    0.725708    0.502356
    0.723033    0.493248
     0.71475    0.489845
     0.70942    0.485485
    0.709968    0.486108
    0.762868    0.422261
    0.794263    0.398138
    0.949338    0.607904
    0.955559     0.65409
    0.944877    0.641241
    0.737384    0.767781
    0.734205     0.76839
    0.730219    0.771136
    0.582308    0.684539
    0.636896    0.650317
    0.515422    0.567143
    0.581075    0.604943
     0.49734    0.657266
    0.511199    0.570617
    0.487829    0.635119
    0.550016    0.556085
    0.527872    0.588982
     0.59825    0.656674
    0.586983    0.592399
    0.755901    0.430466
    0.761268    0.440803
    0.775742    0.447483
    0.769568    0.536581
    0.827906    0.548763
     0.84729    0.560511
    0.752031    0.632587
    0.750586    0.624443
    0.838585    0.531614
    0.824451    0.554704
    0.767034     0.57103
    0.753777    0.832412
    0.678236    0.959383
    0.629959    0.916366
    0.710377    0.959381
    0.803424           1
    0.553913    0.758886
    0.549318    0.776537
    0.564795    0.780399
    0.533423    0.778365
     0.49486    0.715658
    0.499522    0.770674
     0.50828    0.698818
    0.539474    0.636635
     0.54382     0.64576
    0.530937    0.650693
    0.520568    0.643145
    0.399646    0.523888
    0.359131     0.48567
    0.389495    0.490361
    0.207726    0.674612
     0.11919    0.593337
    0.253774    0.567092
   0.0444406    0.586809
    0.114392    0.593392
