    0.658994    0.105975
    0.408994    0.439309
    0.908994    0.772642
   0.0964944    0.217086
    0.596494     0.55042
    0.346494    0.883753
    0.846494    0.328198
    0.221494    0.661531
    0.721494    0.994864
    0.471494   0.0113251
    0.971494    0.344658
   0.0183694    0.677992
    0.518369    0.122436
    0.268369     0.45577
    0.768369    0.789103
    0.143369    0.233547
    0.643369    0.566881
    0.393369    0.900214
    0.893369   0.0483621
   0.0808694    0.381695
    0.580869    0.715029
    0.330869    0.159473
    0.830869    0.492807
    0.205869     0.82614
    0.705869    0.270584
    0.455869    0.603918
    0.955869    0.937251
   0.0496194   0.0853992
    0.549619    0.418733
    0.299619    0.752066
    0.799619     0.19651
    0.174619    0.529844
    0.674619    0.863177
    0.424619    0.307621
    0.924619    0.640955
    0.112119    0.974288
    0.612119   0.0236708
    0.362119    0.357004
    0.862119    0.690337
    0.237119    0.134782
    0.737119    0.468115
    0.487119    0.801449
    0.987119    0.245893
   0.0105569    0.579226
    0.510557     0.91256
    0.260557   0.0607078
    0.760557    0.394041
    0.135557    0.727374
    0.635557    0.171819
    0.385557    0.505152
    0.885557    0.838486
   0.0730569     0.28293
    0.573057    0.616263
    0.323057    0.949597
    0.823057   0.0977449
    0.198057    0.431078
    0.698057    0.764412
    0.448057    0.208856
    0.948057    0.542189
   0.0418069    0.875523
    0.541807    0.319967
    0.291807      0.6533
    0.791807    0.986634
    0.166807   0.0360165
    0.666807     0.36935
    0.416807    0.702683
    0.916807    0.147128
    0.104307    0.480461
    0.604307    0.813794
    0.354307    0.258239
    0.854307    0.591572
    0.229307    0.924905
    0.729307   0.0730535
    0.479307    0.406387
    0.979307     0.73972
   0.0261819    0.184165
    0.526182    0.517498
    0.276182    0.850831
    0.776182    0.295276
    0.151182    0.628609
    0.651182    0.961942
    0.401182    0.110091
    0.901182    0.443424
   0.0886819    0.776757
    0.588682    0.221202
    0.338682    0.554535
    0.838682    0.887868
    0.213682    0.332313
    0.713682    0.665646
    0.463682    0.998979
    0.963682  0.000808416
   0.0574319    0.334142
    0.557432    0.667475
    0.307432     0.11192
    0.807432    0.445253
    0.182432    0.778586
    0.682432    0.223031
    0.432432    0.556364
    0.932432    0.889697
    0.119932   0.0378455
