    0.638375     0.50147
   -0.593589    0.238006
    0.135179    -0.94378
   0.0637831    0.304017
   -0.733898     -0.2406
     0.43848    -0.39272
   -0.434079    0.811215
   -0.248343   -0.399775
    0.848966   -0.027405
    0.684917   0.0488196
   -0.552263    0.816394
  -0.0592502   -0.121897
    0.517236    0.500835
   -0.498167    0.142123
    0.213204   -0.850243
   0.0390725     0.37662
   -0.732318    -0.32723
    0.507904   -0.367971
     0.90188    0.282811
   -0.209363    0.192449
   -0.166123   -0.743823
     0.30982    0.484645
   -0.910589   0.0411845
    0.208879   -0.402789
    -0.10836    0.833143
   -0.536299   -0.410186
    0.902677   -0.375557
    0.191449    0.113872
   -0.646797    0.362317
  0.00710478   -0.547329
    0.294907    0.844186
    -0.41055  -0.0778986
    0.536077   -0.622287
   -0.230799    0.609386
   -0.608473   -0.744567
    0.330482  -0.0538597
    0.773743    0.115933
   -0.374783    0.470805
   -0.339974   -0.864024
    0.322525    0.364824
   -0.841385    0.170853
    0.221708   -0.661789
   0.0256354    0.993208
  -0.0902771  -0.0490603
    0.609379   -0.373114
    0.473762    0.190017
   -0.685861    0.538657
  -0.0521645   -0.364466
    0.376054    0.702951
   -0.620607  -0.0200977
    0.496652   -0.799308
  -0.0555264    0.264525
   -0.563846   -0.505108
    0.540116   -0.177009
    0.741442      0.5228
   -0.403955    0.186755
   0.0755512   -0.832075
    0.171122    0.647128
   -0.939672   -0.255095
    0.145054   -0.144105
   -0.313268    0.666086
   -0.308386   -0.443514
    0.886699  -0.0746429
    0.398007   0.0916378
   -0.556553    0.597542
   -0.189124   -0.617284
    0.576693    0.764351
   -0.320535   0.0395502
    0.303318   -0.715755
  -0.0307988    0.594439
   -0.775472   -0.502942
    0.426538   -0.217652
      0.7656    0.378371
   -0.575973    0.384137
  -0.0638739   -0.987536
   0.0650403    0.148161
   -0.721004  -0.0795902
    0.311115   -0.423544
    -0.24726    0.845603
   -0.268633   -0.281101
    0.783997   -0.191129
    0.487805    0.404015
   -0.889956    0.330395
   0.0498299   -0.293596
    0.138075     0.75473
   -0.548132   -0.195533
    0.697751   -0.593149
   -0.228557      0.4018
   -0.427081   -0.728892
    0.680928  -0.00436648
     0.98166  0.00498632
   -0.120877    0.206931
   -0.370018   -0.648474
    0.422929    0.358556
   -0.845932    0.303037
   0.0763043   -0.420249
    0.139316    0.814262
   -0.616787   -0.228047
    0.742855   -0.616927
    0.336567   0.0815756
    -0.54322    0.569951
   -0.171478   -0.583547
    0.553163    0.750961
   -0.491845   0.0549575
    0.345875   -0.790761
  -0.0444726    0.702107
   -0.830573   -0.552341
   0.0730619  -0.0362295
    0.634451    0.322679
   -0.424673    0.276232
  -0.0461661   -0.868631
    0.142018    0.333888
   -0.788912   -0.096275
    0.371424   -0.493654
   -0.273863    0.898137
   -0.179484   -0.192188
    0.734959    -0.17025
    0.563006   0.0466385
   -0.515698    0.743778
   -0.188058   -0.398478
    0.591845    0.586405
   -0.642934    0.175459
    0.247152   -0.939716
   0.0178628     0.19386
   -0.666126   -0.306883
    0.438102   -0.309786
    0.843864    0.275309
   -0.300264    0.269707
   -0.168322   -0.796598
    0.339857    0.545342
   -0.954916   0.0321983
    0.149093   -0.279592
    -0.10876    0.767184
   -0.466022   -0.364999
    0.855437   -0.344425
    0.405226    0.247372
   -0.747797    0.407676
   0.0168716   -0.689287
    0.314977     0.93605
   -0.146305  -0.0295059
    0.477941   -0.542077
   -0.190411    0.485818
   -0.548235   -0.686815
    0.379452  -0.0573723
     0.79423    0.128352
   -0.398196    0.488586
   -0.336684   -0.885392
    0.190329    0.220342
   -0.751111    0.143555
     0.19009   -0.546481
   0.0130769    0.913567
   -0.399888   -0.223306
    0.723507    -0.43164
    0.626393     0.25963
   -0.777371    0.596212
   -0.030145   -0.229384
    0.343385    0.660009
   -0.550402  -0.0241586
    0.481808   -0.755901
  -0.0915461    0.412486
   -0.607186   -0.556642
    0.624366   -0.196703
    0.781083    0.564301
   -0.310805    0.139378
   0.0799512    -0.78079
    0.147934    0.586635
   -0.895239   -0.254113
    0.352241   -0.341982
   -0.375289    0.774715
   -0.393399   -0.579882
    0.992888  -0.0721016
    0.120205  0.00371987
   -0.377672    0.609776
   -0.243231   -0.453102
    0.652076     0.58246
   -0.354709    0.116811
    0.163153   -0.782844
   0.0893067    0.617647
   -0.875835   -0.349822
    0.217932   -0.171665
    0.733334    0.197949
   -0.405075    0.403581
   -0.233741   -0.878822
    0.257087    0.368605
   -0.834778   0.0714799
    0.285244   -0.608769
  -0.0868321    0.971814
   -0.174913   -0.122958
    0.670087   -0.310961
    0.478172    0.258969
   -0.760083     0.46689
  -0.0112541   -0.413021
    0.300963    0.761666
   -0.641601  -0.0951917
    0.596529   -0.751576
   -0.104049    0.312069
   -0.517384   -0.583547
    0.586367   -0.119946
     0.92095    0.100323
   -0.285331    0.389614
   -0.345315   -0.783563
    0.480985    0.501863
   -0.963019    0.236238
   0.0484429   -0.166558
   0.0480371    0.726485
    -0.47479     -0.2338
    0.734092   -0.491118
    0.371108    0.131783
   -0.615915    0.525107
   -0.115437   -0.625909
    0.482133    0.820144
   -0.304274  0.00238827
    0.379654   -0.669665
  -0.0971107    0.577198
   -0.707782   -0.584494
    0.437067   -0.162975
    0.711378    0.459923
   -0.608642    0.311677
   0.0494855   -0.982415
   0.0728913    0.236696
   -0.730363   -0.167056
     0.37971   -0.408851
   -0.350264    0.829852
   -0.260485   -0.344218
    0.822073   -0.102633
    0.649156    0.122206
   -0.630506     0.73403
   -0.116534   -0.332051
    0.500678    0.610868
    -0.60332   0.0992148
    0.329837   -0.874669
  -0.00575825    0.498804
   -0.744374   -0.441299
    0.615696   -0.346058
    0.913052    0.406416
  -0.0340131   0.0247167
  -0.0741081   -0.704468
    0.220001    0.450963
   -0.864939  -0.0604025
    0.199071   -0.295193
   -0.191456    0.768188
    -0.44158   -0.426351
    0.900062   -0.258178
    0.201586    0.153723
   -0.693132    0.289544
   0.0715043   -0.556017
    0.197951    0.880388
   -0.415304   -0.129576
    0.610418   -0.562724
   -0.304269    0.588802
   -0.523179   -0.815814
     0.18151  -0.00847071
    0.728904   0.0414411
    -0.29172    0.444879
   -0.398229    -0.79021
    0.289519     0.27239
   -0.776782    0.233726
    0.146448   -0.621748
    0.111935    0.946302
   -0.283953   -0.122019
    0.618358   -0.461683
    0.563346    0.167805
    -0.66796    0.631939
   -0.108928   -0.456785
    0.467423    0.708543
   -0.684727   0.0408323
    0.440914   -0.880972
  -0.0151291    0.131011
   -0.577562   -0.428737
    0.474526    -0.20547
    0.759252    0.436954
   -0.326533    0.189127
  -0.00110987   -0.801493
    0.215061    0.588338
    -0.93054   -0.162751
    0.181386   -0.216776
    -0.25946    0.715942
   -0.369802   -0.439476
    0.896925   -0.159433
    0.448571   0.0606367
   -0.513407    0.664309
   -0.255944   -0.624008
    0.657678    0.722739
   -0.215487     0.04699
    0.225179   -0.705647
   0.0219462    0.546041
   -0.791259   -0.415393
    0.352219   -0.222677
     0.76608    0.294558
   -0.506055    0.409331
   -0.149817   -0.949314
    0.161465    0.291671
   -0.781629  -0.0140769
    0.309799   -0.514944
   -0.177572     0.91083
   -0.366571   -0.319012
    0.811398   -0.278884
    0.575541    0.393567
   -0.895301    0.429627
  0.00744975  -0.0975951
    0.192387    0.687436
   -0.493561   -0.126404
    0.609405   -0.623062
   -0.151345    0.334178
   -0.464117   -0.647438
    0.617149  -0.0608915
    0.919478    0.197839
   -0.180144    0.199069
   -0.231933   -0.719922
    0.348285    0.448083
   -0.898175    0.123947
    0.167328   -0.411195
  -0.0312188    0.834329
   -0.566154   -0.355739
    0.860404   -0.454736
    0.182417   0.0869156
   -0.605899    0.416793
  -0.0425351   -0.537607
    0.369117    0.809063
   -0.405364  -0.0388623
    0.473569   -0.664502
    -0.17207    0.621468
   -0.671047   -0.682295
    0.311178  -0.0806139
    0.605265    0.486811
   -0.554224    0.214863
    0.141474   -0.912861
   0.0927347    0.468754
   -0.807846   -0.275163
    0.520457   -0.455472
    -0.47665    0.866681
  -0.0822203   -0.135813
    0.724554  -0.0150564
    0.524551  0.00718593
   -0.450632    0.756397
   -0.189166   -0.338263
    0.610545    0.526726
   -0.597374    0.208205
    0.177539   -0.932033
   0.0474262    0.292329
   -0.716727   -0.272042
    0.450242   -0.367407
    0.887617    0.223253
    -0.32106    0.331098
   -0.231024   -0.811993
     0.39869    0.551137
    -0.97601    0.100548
   0.0970895   -0.216862
  -0.0535704    0.744033
   -0.458302   -0.310506
    0.807953   -0.392004
    0.378011    0.196374
   -0.695847    0.444131
  -0.0292067   -0.656203
    0.370089    0.891341
   -0.341986   -0.044729
    0.478407   -0.624566
   -0.182164    0.579458
   -0.630351    -0.68674
     0.48212   -0.107311
    0.858939   0.0786125
   -0.405422    0.574098
    -0.41772   -0.905243
   0.0530502   0.0534765
   -0.687608    0.181298
    0.132823   -0.487885
   0.0722977    0.866283
   -0.327006   -0.154082
    0.652347   -0.452899
     0.58489    0.196413
   -0.703531    0.621062
  -0.0517756   -0.255917
    0.393143    0.643127
   -0.563892   0.0141492
    0.432473   -0.794444
  -0.0654397    0.434617
    -0.65101   -0.518999
    0.619658   -0.243307
    0.824533    0.513146
     -0.1695   0.0905198
    0.024243    -0.73235
    0.166451    0.509135
   -0.868036    -0.18286
    0.268713   -0.299528
   -0.303405    0.754897
   -0.396057   -0.505037
    0.945411    -0.13462
    0.310832   0.0529849
   -0.494277    0.595915
   -0.205335   -0.554312
    0.596431    0.702634
   -0.466061   0.0849183
    0.286545   -0.801446
  0.00392206    0.688773
   -0.857676   -0.488689
    0.125972  -0.0736895
    0.664579    0.282194
   -0.416019    0.313412
   -0.106922   -0.871703
    0.173605    0.340823
