        0.89    0.658994
         0.9    0.408994
        0.91    0.908994
        0.92   0.0964944
        0.93    0.596494
        0.94    0.346494
        0.95    0.846494
        0.96    0.221494
        0.97    0.721494
        0.98    0.471494
        0.99    0.971494
           0   0.0183694
        0.01    0.518369
        0.02    0.268369
        0.03    0.768369
        0.04    0.143369
        0.05    0.643369
        0.06    0.393369
        0.07    0.893369
        0.08   0.0808694
        0.09    0.580869
         0.1    0.330869
        0.11    0.830869
        0.12    0.205869
        0.13    0.705869
        0.14    0.455869
        0.15    0.955869
        0.16   0.0496194
        0.17    0.549619
        0.18    0.299619
        0.19    0.799619
         0.2    0.174619
        0.21    0.674619
        0.22    0.424619
        0.23    0.924619
        0.24    0.112119
        0.25    0.612119
        0.26    0.362119
        0.27    0.862119
        0.28    0.237119
        0.29    0.737119
         0.3    0.487119
        0.31    0.987119
        0.32   0.0105569
        0.33    0.510557
        0.34    0.260557
        0.35    0.760557
        0.36    0.135557
        0.37    0.635557
        0.38    0.385557
        0.39    0.885557
         0.4   0.0730569
        0.41    0.573057
        0.42    0.323057
        0.43    0.823057
        0.44    0.198057
        0.45    0.698057
        0.46    0.448057
        0.47    0.948057
        0.48   0.0418069
        0.49    0.541807
         0.5    0.291807
        0.51    0.791807
        0.52    0.166807
        0.53    0.666807
        0.54    0.416807
        0.55    0.916807
        0.56    0.104307
        0.57    0.604307
        0.58    0.354307
        0.59    0.854307
         0.6    0.229307
        0.61    0.729307
        0.62    0.479307
        0.63    0.979307
        0.64   0.0261819
        0.65    0.526182
        0.66    0.276182
        0.67    0.776182
        0.68    0.151182
        0.69    0.651182
         0.7    0.401182
        0.71    0.901182
        0.72   0.0886819
        0.73    0.588682
        0.74    0.338682
        0.75    0.838682
        0.76    0.213682
        0.77    0.713682
        0.78    0.463682
        0.79    0.963682
         0.8   0.0574319
        0.81    0.557432
        0.82    0.307432
        0.83    0.807432
        0.84    0.182432
        0.85    0.682432
        0.86    0.432432
        0.87    0.932432
        0.88    0.119932
