     0.74057    0.600626
    0.387475    0.466989
    0.667264    0.603004
    0.676142    0.622739
    0.214469    0.346386
     0.12382    0.391942
    0.482741    0.469878
    0.582357    0.552456
    0.433231    0.504355
    0.816843    0.651844
    0.523335    0.514016
    0.798053    0.641528
    0.696499    0.570899
    0.281012    0.484345
    0.465951    0.525176
    0.351563    0.449698
    0.394126    0.481842
    0.421366    0.480022
    0.497214    0.460883
    0.561017    0.582949
      0.3654    0.489995
    0.376877    0.493639
    0.415261    0.431422
    0.377272    0.532145
    0.520603    0.510108
    0.385992      0.4017
    0.537137     0.46589
    0.433043    0.514984
    0.482655    0.497896
    0.379732    0.483967
    0.424784     0.48493
   0.0301515    0.330711
    0.207413     0.46038
    0.636573    0.534485
    0.892422    0.685391
    0.706203    0.641904
     0.64242    0.607128
    0.540975    0.590007
    0.533348    0.503637
     0.51142     0.55554
    0.457421    0.479707
    0.598828    0.527332
    0.520991    0.521944
    0.653206    0.587338
    0.426512    0.526589
    0.441365    0.483433
    0.592053    0.591008
    0.569122    0.542704
    0.359275    0.469615
    0.355602     0.47754
    0.562726    0.514029
    0.413203     0.42413
    0.403821    0.497869
    0.347543    0.482513
    0.659361    0.547536
    0.575988    0.537672
    0.396059    0.538455
    0.520841    0.463211
     0.64676    0.544938
    0.607775    0.553698
    0.582549    0.555153
    0.811861    0.640388
    0.429007    0.458536
    0.462991    0.502387
    0.115667    0.335893
    0.139212    0.319763
    0.475249    0.484349
    0.604198    0.589988
    0.655872     0.53832
    0.536236    0.455048
    0.716922     0.56909
    0.588634    0.585059
    0.406189    0.486787
    0.497746     0.54991
    0.370281    0.441827
    0.843179    0.657517
    0.347294    0.473946
    0.327607    0.456016
    0.483804    0.461072
    0.382521    0.485229
    0.352827    0.445919
    0.379294    0.426563
    0.570241    0.535612
    0.214972    0.369444
      0.5908    0.525795
    0.554606    0.550105
     0.29196    0.459116
    0.344108    0.477614
    0.504158     0.48635
     0.41431    0.519322
    0.324772    0.437212
    0.652345    0.535511
    0.377467    0.499681
    0.329174    0.470629
    0.573612    0.567395
    0.461528    0.486797
    0.123455    0.372165
    0.616674    0.539063
    0.551642    0.568868
     0.45245    0.527199
    0.726908    0.633147
     0.46694    0.533637
    0.386584    0.480742
    0.699121    0.608214
    0.606048    0.577392
    0.656727    0.584456
    0.424986    0.497059
    0.462072    0.487836
    0.669487    0.578895
    0.720576    0.556005
    0.405516    0.504669
    0.566563    0.624868
    0.410167    0.487108
    0.466771    0.544345
    0.253593    0.440218
    0.457109    0.508632
    0.308355    0.412646
    0.338903    0.485466
    0.654484    0.600103
     0.55887    0.550008
           1    0.724773
    0.340749    0.429332
     0.43635    0.524658
    0.500569     0.51001
    0.716444     0.61782
   0.0686853    0.341455
    0.365433    0.482103
    0.316417    0.393773
    0.493784    0.557576
    0.367287    0.445191
    0.506788    0.472283
     0.54041    0.509953
    0.461252    0.507932
    0.607873    0.617584
    0.370469    0.475577
    0.495852    0.466362
    0.409338    0.473226
     0.36874     0.44551
    0.560534    0.534211
    0.355824    0.438831
    0.696044    0.604471
   0.0860046    0.389936
    0.374466    0.489741
    0.338904    0.429568
    0.269622    0.490564
    0.649766    0.572418
    0.379445    0.472876
    0.370496    0.512543
    0.593898    0.559037
    0.518081    0.530784
    0.454942    0.489825
    0.404722    0.507819
    0.509181     0.52527
     0.26208    0.421994
    0.566973    0.538334
      0.3951    0.497388
    0.557905    0.602233
    0.357419    0.463708
    0.346856    0.484269
    0.514167    0.544808
      0.4298    0.455991
    0.453494     0.54138
    0.583851    0.551246
    0.381145    0.497095
    0.812375    0.630201
    0.504915    0.546968
    0.317287    0.476424
    0.606104    0.550933
    0.431554    0.498922
   0.0428209    0.324297
    0.690833    0.567465
    0.730684    0.616168
    0.601535    0.549045
    0.815526    0.622478
    0.201365    0.384837
    0.696019    0.600194
    0.669745    0.627657
     0.31149    0.388004
    0.508784    0.505528
   0.0461419    0.305011
    0.546412    0.604546
    0.299215    0.385044
    0.629826    0.635692
     0.57988    0.521778
    0.556236    0.544695
    0.591159    0.510557
     0.44696    0.472846
    0.668802    0.569576
    0.707051     0.58107
    0.443323    0.506977
    0.397327    0.518103
    0.731083    0.617685
    0.464981    0.489265
    0.633474    0.566921
    0.336754    0.427193
    0.754294    0.589026
    0.438241    0.465528
    0.536684    0.621542
    0.481035    0.548892
    0.363545     0.44111
     0.65095    0.567137
    0.433007    0.483042
    0.176011    0.409149
    0.389136    0.423461
    0.531324    0.555553
   0.0443575    0.366633
    0.708105    0.612747
    0.602522    0.559725
    0.256738    0.435539
     0.75532    0.607569
    0.502111    0.501061
    0.539007    0.514618
    0.454584    0.541648
    0.398779    0.491149
     0.49837    0.546443
    0.367857    0.452641
     0.65513    0.561334
    0.454036    0.534083
    0.438856    0.527536
    0.622069     0.56543
    0.430552    0.466404
    0.442057    0.504817
    0.383574    0.435175
    0.314768    0.501073
    0.387021    0.383808
    0.463358    0.529622
    0.439641    0.480177
     0.47811    0.538595
    0.145739     0.39051
    0.321495    0.435111
    0.344618    0.451419
    0.472838    0.470585
    0.668019    0.572454
     0.32518    0.410967
    0.448469    0.503609
    0.796529    0.635907
     0.60533    0.536219
    0.453816    0.477966
    0.287001    0.439872
    0.405618    0.414552
     0.59344    0.505726
    0.460759    0.504454
    0.566483    0.574147
    0.464113    0.501831
    0.571246    0.520653
    0.405768    0.469001
    0.256309    0.448979
    0.136987    0.391247
    0.508221    0.557574
    0.380026     0.42927
    0.437728    0.529375
    0.595594    0.556652
    0.691092    0.536852
    0.333289    0.457268
    0.477568    0.524224
     0.44635    0.477244
    0.560095    0.590047
    0.504196    0.505497
    0.551298    0.616924
    0.641078    0.607678
    0.349029    0.408867
    0.724048    0.590948
    0.276213    0.376361
    0.636576    0.558037
    0.399031    0.444876
    0.404335    0.455663
    0.580509    0.506058
    0.223724    0.379497
    0.493855    0.514604
    0.533563    0.556582
    0.355883    0.484646
    0.166689    0.446333
    0.108621    0.397065
    0.367692    0.414655
    0.300027     0.41122
    0.208968    0.406504
    0.644274    0.603181
    0.580186    0.515642
     0.45956    0.522398
    0.582279    0.582723
     0.24606     0.41509
    0.451726    0.540848
    0.504493    0.567119
    0.383079     0.41557
    0.498717    0.523684
    0.558789      0.5007
    0.275933    0.415396
    0.515745    0.573518
    0.365767    0.458327
    0.619307    0.549318
    0.529616    0.509166
    0.515472    0.526606
    0.778543    0.647303
    0.235353    0.473982
    0.425389    0.525652
    0.286427    0.417573
    0.337309    0.530844
    0.537389    0.505276
    0.278589    0.450371
    0.654334    0.652451
    0.293546    0.473425
    0.667259    0.552302
    0.429976    0.488005
    0.354204    0.435789
    0.219062    0.424506
      0.3983    0.485704
     0.30987    0.466536
    0.260926     0.41292
    0.283171     0.40779
    0.272899    0.428275
    0.362054    0.441028
    0.641162     0.59911
    0.307396    0.399524
     0.39647    0.442451
    0.626855    0.588034
    0.389255    0.520542
    0.534715    0.538574
    0.781299    0.615407
    0.524428    0.508149
    0.429997    0.500764
    0.564479     0.53232
    0.329632     0.45232
    0.542391    0.572839
    0.618361    0.553416
    0.253672    0.428646
    0.347916    0.451161
    0.534125    0.544371
    0.362355    0.500448
    0.600622    0.583651
    0.797141    0.657528
    0.400309    0.475023
    0.569602    0.513151
    0.555535    0.550789
    0.671137    0.617437
    0.433015    0.483438
    0.475884    0.478973
    0.506846    0.559622
      0.4864    0.531307
    0.341706     0.53272
    0.795005    0.632348
    0.438334     0.52046
    0.386903    0.499485
    0.651578    0.576128
    0.451722    0.508969
     0.43303    0.513463
    0.438073    0.460663
     0.57184    0.558911
    0.368521    0.465431
    0.369061     0.45806
    0.458208      0.4819
    0.550528    0.588862
     0.34473    0.476812
       0.348    0.448639
    0.523521    0.552664
    0.642106    0.542246
    0.671729    0.572664
    0.531309    0.586018
    0.265262    0.388635
    0.775319    0.649537
    0.668363    0.579974
    0.609737    0.579525
     0.44454    0.507531
    0.600918    0.560084
    0.443777    0.437778
    0.360975    0.471498
    0.644672    0.569961
    0.606053    0.551624
    0.455597    0.520171
     0.52762    0.477057
    0.610343    0.542463
    0.801937    0.639188
    0.392745    0.469145
    0.681286    0.565328
    0.504361    0.505954
    0.338445    0.405947
     0.62317    0.555111
    0.510746    0.503408
    0.370175    0.422005
    0.463213    0.503819
    0.611137    0.562818
           0    0.320761
    0.492228    0.545948
    0.709197    0.601893
    0.419511    0.527688
     0.62724    0.561658
    0.241986    0.433742
    0.655949    0.548708
    0.593604    0.572344
    0.680032    0.599092
    0.214251    0.345019
     0.58733    0.532303
    0.423062    0.533046
    0.361202     0.43828
    0.556777    0.477619
    0.716668    0.571494
    0.227286    0.326549
    0.426048    0.518196
    0.591919    0.557237
     0.43078    0.481856
    0.385209    0.490258
     0.58743    0.524528
    0.542112    0.525191
    0.401863    0.419291
    0.482922    0.473743
    0.453634    0.499702
    0.619528    0.588277
    0.449427    0.481589
     0.64722    0.599538
    0.328897    0.430889
    0.595772    0.528284
    0.708321    0.587248
    0.579723    0.556736
     0.44082    0.511588
    0.643445    0.566458
    0.527098    0.508507
    0.179095    0.365182
    0.686966    0.582923
    0.381945    0.431945
    0.603045    0.537018
    0.420372    0.485107
     0.39186    0.439587
    0.638468    0.571247
     0.57058    0.519063
     0.51353    0.546446
    0.626701    0.545111
    0.545733    0.542948
    0.300076    0.399011
    0.198829    0.387051
    0.202769    0.410462
    0.319812    0.397072
    0.583076    0.529477
    0.172509    0.379234
    0.518593    0.477117
    0.201555    0.451777
    0.226832    0.400318
    0.519944    0.514156
    0.624808    0.572211
    0.576774    0.597023
      0.4038    0.470618
    0.319649    0.404246
    0.549873    0.553163
    0.416792    0.508431
    0.536799    0.561089
    0.488094    0.535432
    0.368719    0.440728
    0.565857    0.462687
    0.293824    0.508387
    0.878061    0.681221
    0.700775    0.562902
    0.415871    0.451178
    0.520485     0.55473
     0.43944    0.493987
    0.388367    0.483862
     0.41988    0.438471
    0.349657    0.454104
     0.44445     0.51186
    0.698237    0.596307
    0.457464    0.505805
    0.472848    0.515039
    0.288685    0.405502
    0.389302    0.481954
    0.730978    0.580408
     0.43446    0.491719
    0.606801    0.589272
     0.66707    0.630299
    0.678212    0.611537
     0.49597    0.525142
    0.462672    0.536488
    0.251636    0.438858
    0.461668    0.539025
    0.681845    0.575511
    0.249942    0.421724
    0.638693    0.541183
     0.30671    0.445198
    0.538912    0.507458
    0.596887    0.582471
    0.544888    0.489078
    0.379122    0.447684
    0.174466    0.362322
    0.856644    0.723521
    0.704757    0.605481
     0.39269    0.460029
    0.383221    0.430026
    0.298921    0.430423
    0.535742     0.51643
    0.682886    0.601878
    0.440732    0.542265
    0.298873    0.407781
    0.704813    0.579073
     0.73469    0.620691
    0.733428     0.64581
    0.719642    0.609582
    0.476645    0.516543
    0.713596      0.6437
    0.392566    0.469446
     0.57206    0.548859
    0.340523    0.402383
    0.876802    0.697689
    0.474391     0.50286
    0.558231    0.507694
    0.414188     0.49403
    0.610132    0.591936
    0.753074    0.579824
     0.46342    0.512339
    0.378344    0.491303
    0.893675    0.679173
    0.855851    0.706297
    0.566255    0.544831
    0.228663    0.359424
    0.312707    0.445143
    0.420863     0.48962
    0.379933    0.500668
    0.663455    0.605303
    0.511669    0.539706
     0.64954     0.58809
    0.520222    0.529542
    0.563039    0.555978
    0.849443    0.688122
    0.309329    0.481578
    0.529721    0.537503
    0.477836    0.499393
    0.253494     0.36583
    0.355549    0.465307
    0.502424    0.493475
    0.192422    0.435561
    0.338628    0.522313
    0.389273    0.477958
    0.514023    0.527607
    0.454817    0.502721
     0.56129    0.544273
    0.419574    0.484779
     0.68342    0.549863
    0.482749    0.522381
    0.529683    0.501796
    0.573975    0.589778
      0.2804    0.427727
    0.230882    0.397115
     0.33481    0.437982
    0.735042    0.611388
    0.429491    0.504546
    0.478361    0.531628
    0.412615    0.523741
    0.442572    0.567838
    0.389322    0.493865
    0.217663    0.381662
    0.411161    0.541686
    0.481142    0.606988
     0.35088    0.448951
    0.576875     0.55164
    0.504353    0.555439
      0.3458    0.466747
    0.115945    0.380833
    0.719551     0.60916
    0.469857    0.490246
    0.594961    0.501127
    0.383932    0.493241
    0.296554     0.38478
     0.24004    0.382554
    0.443101    0.506202
    0.503111    0.509236
    0.606456      0.5684
    0.726098    0.592844
    0.390277    0.444524
    0.502854    0.522695
     0.46884    0.511472
    0.268986    0.450273
    0.489265    0.538998
    0.571283    0.575665
    0.608249    0.547841
    0.584992    0.570423
    0.616407    0.576152
    0.431696    0.547545
     0.62737    0.617127
    0.367093    0.456831
    0.545795    0.531841
    0.364571    0.487171
    0.305744    0.462252
    0.472232    0.531147
     0.22205    0.355605
    0.319389     0.44339
    0.527434    0.498559
     0.28183    0.456466
    0.571277    0.542605
    0.761009    0.602087
    0.744862    0.581991
    0.562092    0.510903
     0.47726    0.476756
     0.26198    0.426963
    0.528228    0.545849
    0.659598    0.568596
    0.560986    0.526451
    0.642931     0.60315
    0.380377    0.465364
    0.551994    0.526141
     0.25024    0.376365
    0.290542    0.381967
    0.526735    0.553312
    0.382282    0.465989
    0.501879    0.539073
    0.535602    0.578519
    0.587753    0.553355
    0.376544    0.395571
    0.353539    0.501457
    0.300883    0.445101
    0.433002    0.525545
    0.584668    0.563463
    0.327216    0.412283
    0.602917    0.590815
    0.820994    0.631568
    0.453602    0.501338
   0.0497999    0.275227
    0.425027    0.486787
    0.835236     0.64157
    0.737901    0.594469
    0.673589    0.599615
    0.472505    0.556974
     0.58294    0.572807
     0.46971    0.467368
    0.434042    0.490292
    0.390592    0.511581
    0.589614    0.564046
    0.563446    0.549609
    0.357073    0.430183
    0.373819    0.486501
    0.407606    0.525541
    0.224227    0.450669
    0.560255     0.52212
     0.39344    0.463432
    0.544131    0.550229
    0.125094    0.343789
    0.136948    0.376909
    0.419152    0.476698
    0.482909    0.524711
    0.543358    0.504463
    0.435069    0.525064
    0.569056    0.500109
    0.540846    0.470155
    0.449176    0.465218
    0.406073    0.516457
    0.372706    0.489772
    0.384078    0.492875
    0.468445    0.430379
    0.369167    0.456293
    0.543162    0.510721
    0.450247    0.535169
    0.626032    0.529915
    0.438091    0.420253
    0.495972    0.555223
    0.676015    0.591906
    0.269222    0.417168
    0.426268    0.507604
    0.678836     0.59015
    0.579725    0.549018
    0.324109     0.45474
    0.769245    0.643409
    0.355575    0.421483
    0.538051     0.46243
    0.517864    0.510021
     0.64618    0.610003
    0.704246    0.574352
    0.581152    0.518584
     0.39257     0.48193
     0.28076    0.427944
    0.560225    0.529423
    0.711226    0.613576
    0.360383    0.497704
    0.439797    0.456776
     0.58413    0.492956
    0.597714    0.502305
    0.210147    0.387825
    0.390202    0.383979
     0.55013    0.549875
    0.531506    0.575473
    0.605767    0.576055
     0.61095    0.554788
    0.347418    0.484524
    0.306868     0.46531
    0.361846    0.534401
    0.293257    0.489774
    0.399233    0.526875
    0.580211    0.510027
    0.486373    0.479452
    0.362625    0.457727
    0.343512     0.40627
    0.345463    0.426079
    0.561453     0.55704
    0.572962    0.539798
     0.52955    0.543675
    0.202214    0.407063
    0.333575    0.421576
    0.461287    0.509899
    0.592033    0.548051
    0.772708    0.638991
    0.671979     0.55893
    0.749041    0.578014
    0.921146    0.627668
    0.809867    0.655846
    0.400743    0.494163
    0.435599    0.460068
    0.538104    0.569582
    0.383124    0.538692
     0.55617    0.573375
    0.419638    0.505212
    0.765812    0.652102
    0.609061    0.626195
    0.446297    0.517414
    0.641486    0.597488
    0.576469    0.552961
    0.450584    0.503729
    0.481613    0.499338
    0.377222    0.419108
     0.48262    0.604449
    0.412694    0.537461
    0.543447    0.500587
     0.59175    0.605608
    0.549044    0.536129
    0.594572    0.584128
     0.46997    0.505144
    0.367602    0.420685
    0.432397    0.480532
     0.37284    0.467856
    0.252661    0.431668
    0.190381    0.387285
    0.241858    0.407776
    0.413067    0.537236
    0.708668    0.573626
    0.136057    0.376589
    0.394307     0.49406
    0.253071    0.427367
    0.330564    0.426329
    0.417726    0.503472
    0.594383     0.55539
    0.736205    0.654533
    0.662654    0.587378
    0.591063    0.525158
    0.209736    0.435794
    0.316962    0.401717
    0.337619    0.467997
    0.515935    0.479998
    0.523901    0.538024
    0.416585    0.480742
    0.257641    0.433772
    0.244851    0.430051
    0.253656    0.393306
    0.710983    0.548776
    0.479355    0.543713
    0.214386    0.456396
    0.357328    0.449534
    0.106147    0.357865
    0.422459    0.476209
    0.421489    0.501269
    0.424738    0.434012
     0.52079    0.518075
    0.519575     0.59258
    0.393268    0.468592
    0.587185    0.564545
    0.635607    0.657665
     0.50923    0.498465
    0.498145    0.544216
    0.743111    0.635095
    0.530704    0.533579
    0.382248    0.489036
    0.518866    0.523312
    0.599367    0.605919
    0.545555    0.526125
    0.485404    0.516691
    0.497192    0.501315
    0.266854    0.379838
     0.80035    0.629726
    0.826226    0.626656
    0.406791    0.509608
    0.209919    0.446682
    0.493766    0.483213
    0.634776     0.59359
     0.41818    0.488379
    0.274842    0.415731
   0.0889727    0.324743
    0.390392    0.465134
    0.245084    0.433126
    0.397657    0.522371
    0.660953    0.591847
    0.381866    0.480477
    0.403302    0.486704
    0.439435    0.552912
    0.637517    0.584666
     0.44009    0.510492
    0.582936    0.561797
    0.278566    0.417694
    0.270435    0.450215
    0.261858    0.388215
    0.360108    0.468103
    0.600929    0.578716
    0.694193    0.595426
    0.434578    0.463941
     0.23477    0.414379
    0.546933    0.617114
    0.450717    0.558539
     0.36911    0.549211
    0.426012    0.460905
    0.288981    0.402463
    0.528184    0.576148
    0.450472    0.533156
    0.574902    0.534229
     0.40742    0.489623
    0.730275    0.616869
    0.240933    0.443297
    0.617841     0.56947
    0.495214    0.501973
    0.429076     0.51673
     0.21204    0.360622
    0.484112    0.552684
    0.353803    0.494029
    0.545859     0.53807
    0.400657    0.418889
    0.403768    0.453451
    0.398664    0.456528
    0.418964    0.505221
    0.488827    0.527213
    0.440858    0.541153
    0.453362    0.568135
    0.422504    0.506428
    0.547496     0.63024
    0.815722    0.698694
    0.282602    0.464722
    0.260777     0.39444
    0.438366    0.534135
    0.584887    0.540183
    0.397506    0.522706
    0.419295    0.519415
    0.122483    0.329955
    0.283194    0.489047
    0.497164     0.52813
    0.635216    0.638496
    0.457382    0.519622
    0.300368    0.464401
    0.687541     0.56899
    0.537556    0.518239
    0.524876    0.551598
    0.375628    0.416259
    0.355078    0.472423
    0.436263    0.522176
    0.361845    0.504992
    0.409412    0.432443
    0.432017    0.513027
    0.408568    0.477029
    0.426279    0.525551
    0.434358    0.577784
    0.424881     0.50462
    0.405663    0.455472
    0.284756    0.407094
    0.405895    0.486079
    0.333072    0.460732
    0.490562    0.492192
    0.329836     0.47194
    0.388845    0.510497
    0.781682    0.658786
      0.4652    0.550427
      0.3684     0.45739
    0.574373    0.539316
    0.824173    0.611572
    0.469028    0.512392
    0.578944    0.485842
    0.494718    0.513077
      0.5583    0.581598
    0.604598    0.585559
    0.434214    0.456208
    0.697431    0.556016
    0.578025    0.543266
    0.938068    0.678157
    0.389627    0.513461
    0.555477    0.538769
    0.460259    0.536474
    0.520272     0.56804
     0.33817    0.477809
    0.438734    0.476777
    0.572532    0.567684
    0.664145    0.590548
    0.538112    0.560304
    0.631192    0.550448
    0.288677    0.464334
    0.459952    0.472323
    0.604205    0.629557
    0.609805    0.592017
     0.34961    0.508405
    0.463313    0.537956
    0.452207    0.479293
    0.386918    0.404322
     0.69554    0.586738
    0.409956    0.519031
    0.499566     0.56579
    0.297758    0.465871
    0.530677    0.499957
    0.526071    0.481106
    0.538379    0.506574
    0.546712    0.553189
    0.467739     0.52411
    0.204866    0.346943
    0.437797    0.574485
    0.643895    0.556605
    0.449004    0.535654
    0.506474    0.545578
    0.635347    0.580734
    0.426269    0.544367
     0.55969    0.514586
    0.287152    0.404283
    0.429129    0.494611
    0.509095    0.520631
    0.610272    0.573384
    0.526382    0.573194
    0.486173    0.510432
    0.722782     0.61698
     0.27654    0.397917
    0.497436    0.472356
    0.582173    0.531602
    0.650878    0.575663
    0.381857    0.484929
    0.355908    0.472345
    0.531937    0.492006
    0.523939    0.541329
    0.445425    0.460539
    0.402474    0.478078
    0.594512    0.581451
    0.326459    0.515847
      0.7154    0.601696
    0.316088     0.42303
    0.662063     0.54478
    0.243353    0.472347
    0.635301    0.532918
      0.2873     0.49763
    0.252279    0.425569
    0.596579    0.536999
    0.252541    0.394141
    0.592416     0.55389
    0.232025      0.4217
    0.471271    0.529212
    0.188673    0.400842
    0.485323    0.504393
    0.570164    0.534797
    0.695716    0.628496
    0.393165    0.470796
    0.389054    0.444923
    0.185826    0.364397
    0.532718    0.508282
    0.484509    0.510492
    0.227618    0.444106
    0.687072    0.627732
    0.355873    0.447974
    0.711749    0.616854
    0.168759    0.435637
    0.413942    0.514901
    0.525171    0.537395
    0.649986    0.573565
    0.312921    0.437548
     0.50161     0.49108
    0.360079    0.491191
     0.54391    0.569771
    0.593632    0.530613
     0.27913     0.41555
    0.470133    0.485649
    0.739378    0.623386
    0.784203    0.665988
    0.463649    0.489207
    0.526596    0.579689
    0.660754    0.586657
    0.556434    0.507777
    0.534708    0.530457
    0.620405    0.596401
    0.600433    0.579067
    0.666166    0.562362
    0.430757    0.475302
    0.657534    0.656612
    0.434394    0.544814
    0.430784    0.490865
    0.514673    0.541597
    0.791284     0.59501
    0.374078    0.451335
    0.635413    0.583543
    0.592583    0.561157
     0.43968    0.538376
    0.615661    0.490144
     0.63538    0.615772
    0.408739    0.483943
    0.617959    0.585219
    0.430856    0.462294
    0.592808    0.555997
    0.560175    0.514848
    0.419072    0.472668
    0.555639    0.560073
     0.18692    0.402819
    0.504726    0.514723
    0.645816    0.526051
    0.365201    0.533524
    0.488804    0.505376
     0.77553    0.592566
    0.470966    0.530652
    0.366099    0.430913
      0.5908    0.542085
    0.614581    0.568798
    0.506323    0.523206
     0.38208    0.454718
