     10.5798     7.88346
     11.1228     2.94261
     8.93447     5.62738
     9.93475     6.36945
     12.3712     5.67003
     11.9847     5.81081
     7.84111     6.54161
     10.2949     4.03681
     11.5601     3.82868
     10.8727     5.58941
     11.7597     2.84818
     10.7367     5.71932
     9.81363     7.87491
     11.4755       6.279
     10.7831     3.41134
     9.16556     2.80979
     11.3843     3.35252
     12.0463     3.73673
     10.9966     7.46957
     8.74306     5.95007
     8.22868     4.10634
     8.53834     3.67494
     10.5982      7.5215
     11.3611     6.24176
     11.2514     2.54413
     12.3929     5.97995
     12.2847      6.4156
     9.94504     3.13818
     12.1508      3.4244
     10.1519     2.94265
      12.173     4.11983
      12.224     5.25006
     11.9191     5.51737
     9.61831     7.77901
     11.0498     5.19368
     10.7964     6.13147
     9.15075     6.11051
     10.4423     6.58359
     7.92586      3.2184
     8.59055     4.14128
     10.2949     2.41168
     7.34778     5.89841
     12.7063     4.02602
      8.8943     4.86225
     8.18576     5.21685
     12.0618     3.55367
     8.72055     5.78651
     11.4752     2.44288
      9.8753      2.8475
     8.82523     3.30455
     7.32193     4.30272
     11.5811     7.05844
     10.3168     3.05123
     8.02835     4.60961
      9.6577     7.81108
     10.2042     2.12464
     11.1999     6.37474
      11.973     6.81148
     8.78408     7.55751
     8.74312     2.35167
     10.2912     3.95782
     12.3924     6.79104
     7.62474     4.00283
     12.4139     4.91117
     12.2466     5.67025
     12.4013     5.32662
     9.64875      2.3801
     8.58342     5.27361
      10.828     7.68241
     12.5949     5.67711
     11.5922     7.37291
     8.52516     5.11955
     11.6739     3.67347
      8.6351     4.01687
     7.77759     3.91472
      10.923     5.40622
      8.5744     3.49322
     8.49071     3.42486
     9.85826     7.64875
     10.2388     2.95676
     8.72659     2.98684
     9.14205     7.39555
     10.5536     2.17502
       11.63     6.76286
     7.20637     5.17007
     10.7491     3.94931
     8.45543     6.37956
     8.12937     4.19014
     7.39263     4.36473
      8.1481     4.88576
     7.97849     3.82028
     10.9485     7.63612
     8.09558     4.64288
     7.97523     4.61242
     9.50581     3.68432
     11.6466     2.98315
     11.9471     6.07034
     7.22882     5.58945
     8.66548     4.21944
     9.28402      3.3531
     10.2723     6.21508
     9.24554      3.4129
     11.0189     3.12943
       9.331     5.90252
     9.10227     4.05775
     8.96285     4.88888
      11.785     4.00555
     11.7966     3.11619
     7.15986     5.81733
     12.4857     6.33682
     9.27162     3.21988
     11.6049      5.3726
      11.808     3.82596
     8.27212       5.281
     9.31905     7.00276
     11.8882     4.65628
     8.46361     6.88845
     8.23648     5.90655
     8.81799     5.47773
     10.7216      3.9983
     11.0326      5.0251
     7.56367     5.20622
     8.51425     3.94321
       12.59     4.05681
      9.7119     6.10829
     12.2026     5.48048
     9.09818     3.16496
     11.4571     7.04324
     8.46711     5.73662
     8.31427     3.22996
     9.47053     7.62185
     8.57105     2.64413
     11.9438     4.83637
     10.9047     6.27108
     10.2748      2.8884
     9.77916     7.65466
     11.6465     3.24209
     8.31726     3.22248
     11.3948     2.46765
      7.8126     3.91457
     9.25778     5.80267
     12.0856     5.31137
     8.85295     3.36426
     7.56338     5.09194
     11.8183     5.65537
     7.10313     4.39756
     11.0057     3.03301
     9.58407     6.84032
     10.0331     3.94248
     11.2206     4.65989
     12.2963     3.87421
     8.68867     3.61822
     11.1846     4.81974
      8.2316     6.39114
     11.2788     2.38259
     9.55191     3.08515
     11.0118     6.27976
     9.99937     2.78156
     8.00225     4.96872
     10.4535     3.47257
     7.42429      4.8117
     8.40487     5.77386
     10.7643     2.11499
     8.42646     3.84036
     12.4699     6.62414
      9.5297      3.4182
     8.55904     6.39875
     8.61978     2.43227
     11.8773     4.20578
     12.2559      5.2956
     9.73268     7.86164
     9.88091     6.04944
     8.87774     2.31303
     12.6107     6.32953
      10.806     7.16534
     9.26146     5.72628
     10.3951     6.36878
     11.8418     6.71127
     11.4973     2.71662
     12.3284     5.20207
      11.365     5.93478
     11.8026     6.73488
     11.3859     5.71706
     7.23258     4.65228
     10.7876     4.21823
     9.59742      7.7269
       9.398     2.48118
     7.56653     6.59448
     9.57842      7.8771
      11.726     4.13666
     8.53284     6.15257
     9.89946     6.06715
     11.8619     3.16934
     7.57891     3.29466
     7.60227      5.4729
     12.0361     7.04685
     8.27974     3.07318
     11.6689     5.20265
     8.27734     5.03752
     7.87459     3.77126
       7.074     5.01045
     12.1571     3.81749
     11.4379     6.59163
      10.405     7.53361
     9.58772     3.49022
     12.1309     5.19768
     9.51437     6.02032
     9.53687     2.04068
     8.81202     6.79089
     11.1091     7.73137
     11.1751     2.56001
     10.0183     2.22444
     8.39033     5.73897
     10.8576      3.1537
     9.19066     3.53492
      9.4893     2.66368
     7.39508     6.25097
     8.37514     4.27124
     8.33866     4.27344
     8.23677     2.59694
     9.16612     2.57976
     11.8221     4.27131
     7.84262     6.32672
     11.3836     6.32428
     12.5884     5.22576
     9.73891     3.24924
     11.7227     3.14284
     9.17984     3.47923
     11.7588     6.28867
     7.85834      4.0459
     9.18342      2.8543
     7.37023     5.24427
     7.34318     6.22249
     9.24732     7.36288
     11.9887       4.648
     12.1047     7.12862
     7.18903     4.66384
     10.1713     2.40753
     7.83307     5.33312
     12.1582     6.44098
      10.773     7.63641
     12.1557       4.927
     8.62107     4.38594
     12.4745     4.87746
      7.5171     3.73043
     11.2311     2.90008
     9.89183     7.06981
     11.8712     6.08769
     8.35955     4.71589
     8.64436     7.14803
     8.20698     4.74986
     10.0087     2.00763
     12.5387     6.16503
     8.75039      3.2022
     11.4376     4.04403
     10.6855     2.51667
      9.6227     6.55572
     11.9007     3.04406
     11.5967     5.45476
     9.20889     6.16436
     10.7301     7.42215
     10.0687     7.92449
     11.9621     6.52659
     7.13384     4.55345
     7.46115     5.09954
     8.52838     2.95669
     9.42799     7.68695
     11.0367     7.14319
     12.8732     4.84616
      9.5343     3.51149
     8.18408     4.14434
     11.9836     5.28551
     12.0552     5.46923
     10.7262     7.44239
     8.48205     6.88443
      10.226     7.20505
     8.90068     5.79726
     7.55201     6.29512
     10.8001     3.39345
     8.50726     5.02084
     8.78538     6.89645
     8.42127     5.81312
     9.12292     6.44108
     11.3357     7.19363
     11.4236     4.80189
     8.30636     7.14621
      8.1121      6.3676
     9.45088     6.57857
     10.1461     2.68022
     7.36027     3.84835
     9.83504     2.25287
     11.0687     4.79002
     10.7519     5.88112
     11.8739     5.58724
     8.17428     5.13004
     7.93179     6.11234
     11.8117     5.40146
     7.86143     3.28726
     8.53708     6.50756
     11.5043     5.38617
     9.91211     6.99743
     9.67231      7.8228
     12.2251       4.309
     7.61183     4.43904
     10.3491     7.11151
     11.3598     3.38527
     8.12232     5.83484
     8.43516     6.69161
     8.65869     6.98136
     7.96056     5.91949
     7.90278     3.73254
     8.76191     5.50308
     10.4152     7.44432
     7.51531     5.53453
     8.73656     4.69801
     9.42261     6.76981
     11.0928     4.39959
     11.9673     7.18987
     10.2703     2.26602
      11.716     3.97909
     10.6742     2.21656
     8.64913     3.23272
     8.43799     5.34674
     7.75709     3.15203
     8.65921     6.72588
     9.24389     2.81384
     10.9997     4.00176
     8.47133     6.17429
     8.64973     4.60151
     10.9331     5.70953
     11.6943     3.42364
      7.2898     5.54167
     10.7188     3.92261
     9.60124     6.29271
     12.1769     3.86624
     8.09548     3.16487
     8.34074     5.20781
      11.038     3.66622
     11.8068     5.40675
     12.0818     7.13723
     9.35247     3.28355
      8.5238     3.73437
     7.09173     4.36334
     11.8068     4.38718
     10.2407     3.14467
     7.50794     4.28921
     10.2702     3.73963
      10.552     2.81625
     10.1658     2.66139
     10.8147     2.52755
     9.88767     6.61756
     8.20247     4.02372
     9.03223     2.87196
     9.65352     3.44944
     8.76853     7.54349
     7.52316     6.54591
     10.3822     6.61244
     10.6764     7.33534
      10.792     5.88694
     7.10924     5.65216
     8.99561     4.16795
     11.7246     4.14859
     9.88108     3.99562
     11.2835     7.28297
     9.86818     2.86314
     7.18996     4.08567
     8.70271     2.38366
     10.8847     3.41952
     10.4009     7.66097
     7.33059     3.98562
     12.2167     7.01731
      11.323     3.05891
     9.09827     7.73069
     11.9643     3.10453
     10.6997     7.41943
     7.55496      3.4267
     10.7639     2.38593
     9.49861       7.488
      12.311      4.9443
     8.94959     2.19754
     12.2271     5.14214
     8.88414     3.72685
     8.48338     7.58283
     8.47457     6.01066
     7.72249     3.13916
     9.58859     7.09088
     9.09903     7.69124
     9.36168     3.84157
     9.02464     5.53854
     12.3873     5.62092
     7.84518     3.16575
     8.96783     6.49479
     7.66154     4.22878
     12.1026     6.70009
     11.3626     7.52017
     12.5097     5.13116
     8.73106     3.64983
     10.0867     3.97111
     12.1064     3.73423
     9.76443     3.00163
