   -0.467349  0.00166938
     0.92051    -0.33012
     0.79864   -0.437816
   -0.508178   -0.550864
    0.432019    0.478191
   -0.244612   0.0792696
   0.0801203    0.501157
   -0.106609   -0.313992
  -0.0551501   -0.201959
    0.333684    0.722925
    0.247387   0.0229505
   -0.634262    0.217372
   -0.272251    0.572002
    0.848257    0.187438
   -0.138059   -0.882172
   0.0428659  -0.000940134
   -0.523689    0.789464
   -0.565868    0.174774
    0.115685    0.284889
    0.113261  -0.0280851
    0.402169   -0.835079
    0.238063   -0.885536
  0.00230696   -0.350854
   0.0455235  -0.0737562
   -0.463672    0.212864
   -0.102674    0.949706
    0.142024   -0.305767
   -0.464016    0.369213
   -0.438637   -0.794031
   0.0802535     0.51058
   -0.177653   -0.812715
    -0.63303   -0.401168
   -0.836553    0.401739
     0.58789   -0.328906
   -0.871349   -0.390804
     -0.1037    0.766266
   -0.398268   -0.174175
   -0.195658    0.850418
   -0.372736   -0.507992
    0.428687  -0.0392616
   -0.246877   -0.716532
   -0.208394   -0.568857
    0.729453   -0.291724
   -0.372583    0.471922
   -0.393065    0.241723
   -0.375159   -0.757448
    0.247848     0.23723
    -0.27403    0.473537
    0.904861   0.0789225
   -0.176599   -0.890771
  -0.0366852      -0.246
  -0.0881264    0.838459
    0.202063   -0.217839
   -0.390136   -0.791067
   -0.409792   -0.759851
  0.00636579    0.555549
    0.764983    0.560512
    -0.85754    0.167816
   -0.797238   -0.355166
    -0.58995   -0.242753
   -0.344617   -0.905532
   -0.732828   -0.158275
   -0.132919   0.0123464
  -0.0137124   -0.707754
   -0.185974   0.0855731
    0.570317   -0.208781
   -0.158214    0.496681
   -0.573793   -0.727554
    0.167793  -0.0296999
  -0.0989827    0.087434
    0.274464    0.277585
     0.33795   -0.010424
   -0.590692  -0.0706399
    0.247023   -0.241428
   0.0299684   -0.453602
  -0.0899467   -0.452585
   -0.773819     0.11896
   -0.889368    0.136173
    0.637236    0.425464
  -0.0961434   -0.454145
    0.246585    0.840983
    0.354978   -0.772844
    0.668959  -0.0226523
    -0.89054    0.249228
   -0.888047   -0.395461
    0.511822    0.804422
    0.720038  -0.0356573
   -0.108845   -0.135453
   -0.617543   -0.315766
    0.309707   -0.443164
    0.480496   -0.819612
   -0.610784    -0.54294
  -0.0335093    0.641214
   -0.337105    0.208107
    0.789197    0.458747
   -0.952032    0.240913
   -0.848067   -0.146878
    0.120392    0.664533
   -0.431469    0.683664
   -0.266221   -0.579615
   -0.728161   -0.101586
   -0.197265    0.890712
  0.00110531   -0.381778
     0.84629  -0.0303638
    0.800448    0.367333
    0.354633    -0.48631
   -0.415943   -0.598416
   -0.608342   0.0994826
    0.432107   -0.287347
   0.0143419    0.936596
     0.23217    -0.84106
   -0.268958   -0.917244
  -0.0868532    0.358121
    0.181746    0.508098
    0.239609   -0.246574
    0.296475   -0.826972
    0.544586     0.15511
    0.178339     0.91957
   -0.463253    0.681816
    0.698791    0.678872
    0.257044    0.852813
   -0.066384   -0.130228
  0.00750824    0.319722
    0.936132   -0.339208
    0.592343    0.460857
   -0.503721   -0.671411
   -0.985183   -0.153491
    0.696576   -0.345132
   -0.214649  0.00841546
   -0.310836    -0.68221
  -0.0857231   -0.119025
   -0.386283   -0.678174
   -0.177753     0.83498
    0.360259   -0.786524
    0.298416    0.616913
   -0.318226    -0.18419
    0.449187  -0.0240515
    0.782556   -0.497721
   -0.060182    -0.19236
    0.379245    0.793817
   -0.357223   -0.168323
   -0.684654    0.653434
    0.690826   0.0994312
    -0.27614    0.269125
    0.921458    0.210382
   -0.604603    0.282246
    0.220639    0.742069
   -0.185554   -0.440748
   -0.474566    0.589141
   -0.626027   -0.497704
   0.0261959    0.255535
  -0.0459359  0.00313201
   -0.642236    0.465766
    0.506415    0.395456
   -0.700696    0.370705
    0.344289   -0.592743
    0.226667   -0.455116
   -0.150158    0.855538
   -0.876563   0.0122391
    0.361908    0.522494
   -0.438236     0.68424
   -0.763178  -0.0431058
   -0.490759    0.252766
  -0.0995224    0.821243
   -0.459402    0.754818
    0.115173    0.947425
    0.188405    0.309409
   -0.240648   -0.733242
    0.693547  -0.0965142
     0.61882    0.686455
   -0.570655    0.723141
    0.105016   -0.268541
   -0.501822     0.36352
   -0.604209   -0.214578
   -0.246965    0.709954
    0.101444    0.619759
   0.0461205   -0.732058
   -0.836802   -0.273872
   -0.654437   -0.285514
    0.469875   -0.290761
  -0.0458084   -0.762874
    0.325939   -0.673455
    0.433335   -0.085145
    0.915384    0.134814
     0.47236    0.553515
    0.565751    0.155625
    0.694762    0.217731
   -0.397019    0.498615
   -0.830251   0.0591366
  -0.0948191    0.336027
   -0.816243    0.438997
   -0.781399   -0.334361
    0.276137   0.0611889
   -0.239463     0.65935
   -0.533192   -0.427024
    0.363402   -0.863885
   -0.532294    0.548538
   -0.373327    0.185486
    0.801496    0.205756
     0.23501    0.472103
  -0.0203789    0.463141
   -0.185129    0.185872
   -0.095044    0.818744
    0.382057   -0.339182
     0.86973   -0.270098
   -0.627663    -0.21954
   -0.577184   -0.135575
   -0.126164   -0.129786
    0.129358    0.782379
   -0.278633   0.0953126
    0.463151   -0.549981
  -0.0954767   0.0434361
   -0.876015     0.38949
   -0.516192    0.361188
   -0.633835    0.685187
   -0.824628   -0.205026
   -0.378307    0.558827
    -0.82816   -0.530052
    -0.25547     0.11518
   -0.933133  -0.00351865
   -0.709982   -0.429081
   -0.409196   -0.412286
   -0.176528   0.0717296
    0.377499    0.267964
    0.159616    0.939607
   -0.419215   -0.529309
    -0.67332    0.144852
   -0.209264   -0.462897
   -0.534633   -0.127788
    0.565289    0.338806
   -0.305681    0.936964
   -0.207097    0.540859
    0.524899   -0.288405
     0.71148    0.331115
    0.435379    0.484638
    0.584635   -0.157108
     0.06517   -0.659259
    0.116597   -0.254122
    0.792027   -0.471218
   -0.179088    0.182855
   0.0146404   -0.060445
   0.0740528  -0.0536189
   -0.423605   -0.554183
    -0.78819   0.0321459
    -0.75518    0.167635
    0.182536     0.50716
   -0.750029    -0.61796
    0.823421   -0.383028
   -0.330648    0.425615
   -0.194233   0.0344687
  -0.0604328    -0.17473
   -0.687385   -0.194437
    0.582372   -0.581502
    0.447271    0.444444
   -0.308573    0.237039
   -0.433777     0.68854
    -0.62798   -0.185327
     0.34873    0.339018
    0.631248    0.480008
     0.75478     0.22836
    0.388591    -0.36154
   -0.843122   -0.241758
   -0.798592    0.159611
    0.436427   -0.795948
    0.551282    -0.82627
    0.510281    0.300417
   -0.114751    0.372004
     0.33655    0.256886
    0.778575   -0.405487
   -0.460908   -0.478915
   -0.369441   -0.355981
  -0.00351458   -0.872917
   -0.925397    0.115898
    0.123396    0.764799
    0.487227   -0.626074
    0.088904    0.784852
    0.888867    0.200102
   -0.317769    0.904872
    0.528328    0.542383
    0.785287  -0.0606869
   -0.214347   -0.568183
  -0.0442233    0.149801
   -0.116595  -0.0999639
   -0.377834    0.536706
   -0.789189   -0.172765
    0.607973  -0.0654948
    0.665608   -0.225751
     -0.3789    0.688936
   0.0301848   -0.232693
   -0.223859     0.54024
   -0.701828   -0.200178
   -0.218085   -0.960097
    0.190398   -0.888239
     0.60455    0.345792
    0.130912   -0.517917
    -0.56472  -0.0326033
   0.0614433   -0.866723
   -0.113018  -0.0464607
    0.306126   -0.928997
  -0.0479856    -0.27088
  -0.0667149     0.96073
    0.238994    0.797137
   -0.697027   -0.378571
   -0.459559    0.342662
   -0.408968   -0.899284
   -0.217976  -0.0833748
    -0.13687    -0.61252
    0.260101    0.663446
   -0.395173    0.816192
    0.676386   -0.691582
   -0.716528    0.447216
    0.557439   -0.218387
   0.0873747    0.368632
   0.0903007    0.446701
    0.240929     0.83181
   -0.528309   -0.459426
     0.47213    0.528757
    0.579531      0.1953
   -0.870277    0.196335
    0.432132  -0.0747863
   -0.550817   -0.456306
    0.717418    0.440488
    0.586701   -0.289643
   -0.270177    0.441493
   -0.104588   -0.883334
    0.994039   0.0179021
    0.379949     0.67581
  -0.0654662   -0.590179
  -0.0187341    -0.30369
   -0.931348    0.315989
   -0.797876   -0.259614
    0.453904   -0.096851
   -0.272892   -0.550359
     0.57393   -0.222964
    0.400259   -0.715049
   -0.211627    0.944721
    0.144147    0.956829
    0.118386   -0.616722
   -0.134611  -0.0511526
    0.569066   -0.445224
      0.3806    0.346365
    0.952574  -0.0125198
    0.291559   -0.427759
   -0.110347  -0.0475726
   -0.259908     0.78707
    0.812199   -0.524638
    0.197025   -0.190123
    0.337864   -0.913125
    0.122146    0.422333
   -0.363204   -0.640609
   -0.515886   -0.331955
   0.0868138  -0.0397357
    0.127094   -0.434887
    0.115402   -0.339685
  -0.0681926    0.338388
   -0.346338   -0.738323
    0.917544  -0.0221142
   -0.865782     -0.2396
  -0.0411964    -0.10991
    0.746443  -0.0251214
    0.308514   0.0196911
   -0.465903  0.00729235
   -0.230178   -0.262623
    0.085144    0.806325
   -0.139583    0.237713
    0.423402  -0.00959268
    -0.60108    0.398241
   -0.248736    0.886322
   -0.724616   -0.592048
    0.163703  -0.0461963
   -0.100935    0.512972
   -0.849799    0.320312
   -0.267998    0.800524
    0.622245   -0.571112
   -0.308143   -0.559224
    0.803389    0.536271
   -0.457533    0.252626
    0.948073    0.181895
    0.931396    0.242246
   -0.384245   -0.439195
   -0.477987   -0.406878
     0.39616   -0.391384
   -0.292478    0.423565
  -0.0318283    0.132676
   -0.889032     -0.2932
   -0.572354   -0.632174
    0.601161    0.486078
    0.238529   -0.956208
    0.325719    0.602425
    0.640721   -0.459424
    0.353663   0.0184825
   -0.490215   -0.822561
   -0.545306   -0.580211
   -0.280962    0.793758
   0.0116387   -0.138189
     0.47713   0.0248006
    0.603991   -0.362945
   -0.339836   -0.361434
  -0.0894198   -0.758571
   -0.581673    0.538568
