    0.876684   -0.246849
    -0.22158    0.130465
    0.161346    0.133403
    0.620678     0.25357
    0.026216   -0.892524
    0.473617   -0.355583
    0.923484   0.0792043
   0.0620135   0.0605532
    0.287442   -0.176185
    0.228511   -0.463589
   -0.859233    -0.35062
    0.657974   -0.406187
   0.0454558   -0.628428
   -0.540888   -0.272887
   -0.297537    0.352707
     0.40418    0.368737
    0.112443   -0.221852
    0.749785     0.46456
   -0.341759    0.884632
   0.0469775    -0.63621
   -0.123462  -0.0507658
    0.586396    0.158083
    0.107436   -0.132265
    0.194617    0.276483
    0.332733    0.309745
   -0.682516   -0.586251
    0.188535    0.855868
   -0.875872     0.29669
    0.606393   -0.389888
   -0.536839   0.0641652
   -0.316931    -0.55842
    0.490744   -0.850632
    -0.77787     0.22018
    -0.88286   -0.229867
    -0.18061   -0.861992
   -0.604683   -0.119729
    0.626263   -0.607519
    0.354836    0.406554
   0.0772506    -0.56095
    -0.41772   -0.880162
    0.316932    0.042805
   -0.773927   -0.324907
   -0.170286    -0.13095
     0.77335    0.105187
  -0.00686086   -0.685264
    0.273548    0.886167
   0.0592556   -0.390422
   -0.384332   0.0311533
   -0.728748    0.261293
    -0.71865   -0.350942
     0.79328    0.010567
    -0.47425    -0.49494
   0.0247463     -0.8763
   -0.408626   -0.646006
   -0.354268   -0.809503
    0.523914     0.56663
    0.560746   -0.730852
   -0.478207    0.427119
   -0.577863    0.451786
   -0.551513  -0.0340225
   -0.410835      -0.162
   -0.576713   -0.108146
   -0.692051     0.46247
     0.53752   -0.658373
   -0.682268   0.0339597
   -0.359836   -0.210467
  -0.0814576    0.456376
   -0.219341   -0.461413
   -0.554167    0.210764
   -0.203134   -0.213208
     0.95641   0.0662229
    0.586443   -0.614924
     0.27416   -0.058027
   -0.219979   -0.537616
    0.211936    0.929205
   -0.501414   0.0815441
    -0.90288    0.395157
   -0.495253     0.60874
   -0.442704    0.492831
    0.149598   -0.207676
    0.696577   0.0366179
   -0.439232   -0.312419
    0.243877   -0.480625
    0.697943     0.15225
   -0.311283    0.233469
   -0.438371    0.210657
   -0.382684   -0.367786
   -0.470764   -0.776133
   -0.230083    0.314033
   0.0857836   -0.659118
   0.0702295   -0.929979
   -0.543021   -0.573606
    0.662987   -0.365729
   -0.106042    0.114678
   -0.732735    0.340245
   -0.785697   0.0296458
   -0.398663    0.611311
    0.317045   -0.620109
   -0.369816     0.78627
    0.265001  -0.0738425
   -0.280159   -0.742074
    0.230721  -0.0351091
   -0.905733  -0.0445018
   -0.136414   -0.582942
    0.227484    0.835587
   -0.611479  -0.00957307
     0.25354    0.668829
   -0.465692    0.225926
    0.773247  -0.0562947
    0.821744    0.540365
    0.132465    0.599849
   -0.458374   -0.852747
   -0.113429   0.0887165
  -0.0886078    0.948527
    0.825464    0.075098
    0.867603     0.44183
   -0.591923   -0.161118
   0.0994841    0.344683
   -0.466853   -0.790205
    0.744069   0.0645728
   0.0716348    0.341791
    0.376146    0.194615
    0.537747   -0.765779
   -0.132637    0.898424
   -0.145706   -0.621653
   -0.139959    0.955165
   -0.338128    0.528857
  -0.0127977    0.135838
   -0.110215   -0.765192
   -0.773512    0.152557
    0.690194   -0.397034
     0.47429   0.0575922
   0.0186065    0.763596
   -0.972206  0.00347273
   -0.247343   -0.268119
    0.131882    0.824932
   0.0508509    0.110168
  -0.0799548    0.167986
    0.585707  -0.0128457
    0.368884    0.908427
    0.224992   -0.836914
   -0.469722    0.215641
   -0.640358    0.509526
   -0.164016   -0.750332
    0.657199   -0.367683
   -0.489974   -0.214281
      0.8315  -0.0761536
    0.554281   -0.221669
   -0.154718   -0.312377
    0.844644   0.0736703
  -0.0974437    0.927107
   -0.236471   -0.438472
   -0.738783    0.144576
    -0.25988   -0.682874
  -0.0127224    -0.65666
   -0.243517    0.764472
   -0.265931    0.234904
   -0.929763   -0.111189
   -0.134447   -0.676496
    0.704119     0.47012
    0.416265   -0.906276
   -0.365194   -0.162626
   -0.475075   -0.591212
    0.396826   -0.676891
   -0.246328    0.152067
   -0.463709  -0.0803102
   -0.301577   -0.656592
  0.00288687   -0.997138
    0.476248   -0.653081
    0.414313   -0.275514
   -0.150968   -0.514856
    0.625192   -0.643367
    0.111826    0.576609
    0.237091    0.786613
    0.304991   -0.110514
   -0.951222     -0.1482
   -0.334449   -0.734034
    -0.18836    0.884805
   -0.861789   -0.498804
   -0.126351   -0.403859
   -0.109115    0.104139
    0.639655    0.146043
   -0.232136   -0.551394
   0.0713246    0.695757
    0.512336     0.40008
     0.23491   -0.471666
    0.332339    0.479805
   -0.461253    0.237569
   0.0487134    0.400721
    0.361536  -0.0503114
    0.230407   -0.589182
    -0.15556     0.44719
   -0.714677   -0.233902
  -0.0543347   -0.904868
    0.366938    0.054041
    0.570171    0.178685
   -0.176305    0.624805
    0.539582    0.119565
    0.236689    -0.56266
    0.406912     0.10446
   -0.365594    0.367061
    0.710536   -0.220659
   -0.329837   -0.339306
    0.423398   -0.502775
   -0.497582    0.348166
   -0.430822    0.636401
    -0.76584  -0.00288783
   -0.290385    0.117994
   -0.423954   -0.535292
   -0.285114  -0.0681483
   -0.342992    0.895764
     0.65418    0.728194
    0.398816   -0.869211
    0.223355   -0.922156
   -0.681514   0.0277952
   -0.744564   -0.613457
   -0.822024    0.145877
    0.249681   -0.249308
   -0.393751    0.625006
    0.172127    0.130887
   -0.658029   -0.188684
     0.16151   -0.242073
    0.763923    0.583097
   -0.623361    -0.60065
    0.147306    0.912992
    0.537679    0.121042
    0.829744  -0.0641225
   -0.447608    -0.38376
    0.968031   -0.104282
   0.0719154   -0.554391
   -0.196081   -0.863226
    0.174867   -0.691809
   -0.827595   -0.340217
  -0.0312614    0.450181
   -0.662086    0.493672
  -0.0951907   -0.425997
    0.448363   -0.458437
    0.107747    0.454582
   -0.276219   -0.240204
    -0.96209    0.217048
      0.8205     0.50378
  -0.00629465  -0.0531635
  -0.0948529   -0.855101
   -0.934884   -0.304194
    0.849835    -0.33015
    0.131582    0.873425
    0.269986    -0.21123
    0.423265   -0.620991
    0.787017   -0.508372
    0.227059    0.785083
    0.810867   -0.371143
   -0.162927    0.808485
   -0.802266   -0.222023
    0.703911   0.0449277
   0.0607346    0.575165
   -0.451661    0.299245
    0.510098   -0.143948
   -0.298111    0.890475
    0.538833    0.359676
    0.771578    0.200679
    0.418558   -0.413512
   -0.755521   -0.249168
     0.10012   -0.401359
    0.814035   0.0425416
   -0.291538    0.823637
    0.680286   -0.408792
   -0.518403    0.479987
    0.614892   -0.715141
   -0.163455   -0.664921
     0.72963    -0.05067
    0.738458    0.547201
    -0.27769    0.109224
   -0.577805   -0.390256
   -0.298574    0.927345
    0.893411    0.241382
    -0.94519   -0.243879
    0.146797   -0.313363
   -0.728984    0.653782
   -0.315654   -0.669361
    0.670985   -0.286502
   -0.322335   -0.693609
   -0.862603   -0.314554
    0.219426    0.644886
    0.191474   -0.149581
    -0.29188   -0.333265
    0.175392    0.663507
   -0.413395   -0.661193
     0.43193    0.580453
   0.0394834   -0.232584
  -0.0936195    0.722303
    0.441751   -0.665571
  -0.0451157    0.428755
   -0.401533   -0.280871
    0.133979   -0.320928
   -0.376066    0.706844
    0.147032   -0.459149
    -0.10353   -0.125007
     0.55382    0.135605
    0.424378   0.0566837
   -0.832746  -0.0514938
    0.302717    0.938312
    0.271596   -0.591058
   -0.191085   -0.822602
    0.401029   -0.392664
    0.991892   -0.050479
    0.512132  -0.0720231
   -0.721826   -0.561897
    0.486912     0.82175
   -0.689276   -0.109385
    0.159965    0.333408
    0.871353    0.453224
   -0.432083   -0.277421
    -0.67373    0.283661
   -0.670603    0.699646
   -0.575796    0.031495
   -0.654553   -0.237479
    0.308106   -0.675747
   -0.177706    0.873197
   -0.213283   -0.254433
    0.328786   0.0163745
    0.867014   0.0818436
   -0.426465    0.708757
   -0.871989   -0.206604
   -0.155942     0.10733
  -0.0862885    0.563326
    -0.13433    0.954021
    0.384521   0.0561919
  -0.0286441   0.0849151
  0.00167339    0.385837
    0.428781    -0.61466
    0.406572   0.0162973
    0.227036   0.0383014
  -0.0469401   -0.685891
    0.478795   -0.412913
    0.207417    0.222069
    0.537959   -0.112764
   -0.118345    0.124763
    0.288796    0.036258
    0.275982  -0.0144496
   -0.614647   -0.344046
   -0.719624    0.129694
    -0.22684    0.169879
    0.294866    0.661109
    0.191114  -0.0493503
    0.164963    0.109547
  -0.0678522    0.599208
    0.833033    0.496591
    0.701614    0.386085
   -0.818658    0.129235
    0.537345    0.338977
   -0.348984     0.85546
    0.230949  -0.0466324
   -0.877189    0.308511
    0.667643   -0.293672
    0.677676   -0.700437
   -0.687268   -0.577064
    0.290583    0.609925
  -0.0721832     0.73518
    -0.44794   -0.240444
    0.409618    -0.42325
   0.0114635    0.647806
    0.460819    0.229559
   -0.295661    0.319939
    0.263059    0.464864
  0.00807154    0.828354
   0.0447538   -0.104027
    0.131573    0.813204
    0.628357    0.268577
    0.928594   0.0395516
    0.515122    0.740419
    -0.23754     0.26173
     0.29358    0.714259
    -0.54562    0.791659
  -0.0664985   -0.186713
    0.690913   -0.233412
    0.253754  -0.0264614
   -0.175754    0.535315
  -0.0164265   -0.482577
    0.446599    0.656911
   -0.140223   -0.294651
    0.421008    0.155284
    0.104982    0.384714
   -0.869804   -0.368677
   -0.480182   -0.381503
   -0.748317    0.453246
    0.722651     0.32439
   -0.750874  -0.0868629
   -0.355251    0.533393
    0.378405   -0.103299
    0.675387    0.671878
    0.345585   -0.670304
   -0.546658    0.436367
    0.378661    0.559597
  -0.0277304   -0.934216
    0.703856    0.564786
    0.334558    -0.87721
   -0.247849   -0.235512
   -0.076847   -0.423584
   -0.861132   -0.282995
   -0.232177    0.393979
    0.223688   -0.010205
   -0.240273    0.527871
   -0.735228    0.114694
  -0.00340178   -0.266214
   -0.417201   -0.529196
    0.861138    0.471071
  -0.0559503  0.00767159
     0.68981   -0.248952
     0.44726  -0.0735187
   -0.187247   0.0889654
  -0.0131782    0.802996
   -0.818899     0.27198
   -0.638891   -0.195141
  -0.0129066   -0.244296
    0.643604    0.183632
   -0.230114   -0.577765
    -0.10284    0.322648
   -0.336766   -0.861874
   -0.714572   -0.568361
    0.694146    0.271276
   -0.941219   0.0396482
    0.431705   -0.216973
     0.29247   -0.703189
   -0.158996    0.885825
    0.143653   -0.730629
   -0.557078   0.0306845
   -0.577152    0.595539
    0.816931    0.281535
   -0.723856   -0.358867
   -0.520027  -0.0524284
    0.147029   -0.195506
   -0.481507   0.0413712
    0.631269   0.0352944
    0.209535   -0.536441
    0.896748  -0.0144823
   -0.515032    -0.45241
    0.554125    0.155614
    0.804114    0.361012
    0.258886   -0.513035
   0.0299881    0.956523
     0.49326   -0.781137
   -0.692452    0.187678
    0.429831   -0.357735
   -0.515319    0.281444
  -0.0673076   -0.352187
    0.521917    0.736596
   -0.108021  -0.0314354
     0.18033   -0.257777
    0.195965    0.776685
   -0.485818   -0.844581
   -0.456738    0.465078
    0.505906    0.210188
   -0.299008    0.434066
   -0.483663    0.768183
   0.0497596   -0.866152
     0.28408    0.769428
   -0.570346   -0.682809
    0.285502   -0.922695
    0.297695    0.353143
   -0.659023    0.444352
   -0.382952    0.769663
   0.0898474    0.142153
    0.248179   -0.184918
    0.951392    0.017752
    0.878561    0.166434
   -0.803381   -0.257672
    0.100369    0.285712
   -0.411606  -0.0795497
    -0.19126    0.304198
    0.361264     0.23741
   -0.198521    0.644981
   0.0604729   -0.144414
   -0.744507    0.606965
    0.158154    0.816058
  0.00624883    0.470441
   -0.885606     0.14928
    0.398579    0.858354
   -0.365036   -0.049654
   -0.275634   -0.445907
    0.642478   -0.484129
   -0.583201  -0.0154486
    0.287757     0.66308
   -0.468294  -0.0821875
    0.183611     0.93657
   -0.866927   0.0368871
   -0.425989    0.542454
   -0.679207   -0.585616
   0.0255531   -0.994156
    0.552826    0.434056
   -0.915088    0.122737
   -0.401386    0.245488
   -0.487479   -0.435348
    0.162922   -0.942918
    0.652921    -0.37205
   -0.539504    0.141084
  -0.00281968    0.766673
    0.495742   -0.580199
    0.562121    0.246232
   -0.219931   -0.116871
     0.56652   -0.559152
    -0.28631     0.34882
    0.811871   -0.458489
    0.119674     0.90964
  -0.0180928    -0.26379
    0.300661    0.795114
   -0.118535   -0.457581
    0.915726    0.319107
   -0.101876   -0.611103
    0.455047   -0.188152
    0.558043   -0.760914
    0.444209     0.81353
    0.506857    0.612989
     0.25105  -0.0375296
   -0.423831   -0.380475
   -0.581439    0.473791
   -0.301086   0.0222606
   -0.625523   0.0985756
    0.734074    0.141839
   -0.468973   -0.280246
   -0.268824    0.482138
    0.875725    0.194566
    0.483475   -0.450869
  -0.0951432    0.742704
    0.378614   -0.421679
    0.590401    0.259419
   -0.298223    0.575084
    -0.66586   -0.555256
   -0.250586   -0.203207
    0.791978  -0.0276564
   -0.245587      0.6601
   0.0723268    0.405996
    0.532012   0.0871427
   -0.178051   -0.507268
   -0.226148    0.404208
   -0.130786    0.846611
    0.482719   -0.434564
    0.467699   0.0505903
   -0.067017    -0.11268
    0.195246   -0.802455
    0.649451    0.433231
   0.0248461    0.649176
   0.0604617  -0.0398567
   -0.190475   -0.761493
    -0.29942    -0.75036
    -0.50988      0.8138
   -0.285607    0.439479
  -0.0610856    0.891262
    0.473516   0.0374693
     0.41287    0.323366
  -0.0201309    0.770802
   -0.161204    0.835281
   -0.250471    0.491563
  -0.0647016    0.183385
    0.489019    0.326141
    0.101375    0.245196
    0.318349   -0.427881
   -0.442387     0.31377
    0.362509   -0.849756
    0.174847     0.40442
   -0.213614     -0.6213
   -0.156141    0.551052
  -0.00250482    0.841862
    -0.37003    0.871404
   -0.541768  0.00753615
  -0.0907106    0.912324
   -0.517981   -0.634388
   -0.782367   -0.532008
   -0.438132   -0.513372
   0.0864788   -0.716561
   -0.539986    0.176307
    0.547077    0.240613
   0.0295672   -0.750601
    0.185563    -0.09198
    0.537657  -0.0554111
    0.298345   -0.946567
   -0.357226    0.243288
    0.505068    0.482042
    0.544179    0.763203
    0.102271  -0.0363284
   -0.472896    0.306736
    0.745394   -0.127003
   -0.403445    0.231263
   -0.695112      0.5847
   -0.138511   -0.326534
    0.804513     0.12049
   -0.949014   0.0584696
   -0.615164    0.484637
    0.401646    0.178775
    0.312292    0.337657
   -0.466588   -0.211784
  -0.0612657   -0.263011
   -0.613859     0.76478
   -0.199877    0.537341
   -0.393993    0.490319
    0.174318   -0.508105
   -0.650996   -0.626371
    0.625403    0.678555
    0.750607    0.248012
   -0.065355    0.676252
   -0.522999  0.00962581
    0.187313    0.741158
      0.1289    0.512202
    0.279748   -0.480185
    0.630318   -0.208772
    0.768243   -0.268163
   -0.311431    0.342094
    0.268494   -0.458904
  -0.0776175    0.775437
    0.072964   -0.799662
   -0.964935   -0.225648
   -0.692711    0.472711
   -0.774978     0.43864
    0.424753    0.558926
    0.565938   -0.450535
    0.184337    0.190388
   -0.384691      0.9163
   -0.390185   -0.275765
    0.544617    0.253515
    0.155501   -0.198155
   -0.430774    0.543507
    0.382276   -0.332712
   0.0625304   -0.989971
     -0.8734     0.17186
    0.280544    0.635991
    0.169102   -0.863102
   0.0326365    0.311035
   -0.697519   -0.240177
    0.559501    0.510927
    0.422173   -0.903947
    0.339166    0.538563
    0.643521     0.51395
  -0.0642477    0.196002
   -0.599184    0.475699
    0.293152   -0.155265
    0.743973   -0.122187
   -0.524321   -0.708895
   -0.465345    0.557392
     -0.9058    -0.21428
   -0.827218   -0.322118
   0.0111715    0.158079
    0.827647    0.444312
  -0.0634779    0.462992
     0.69677   0.0583508
      0.8893   -0.415855
    0.547498    0.551082
   -0.639141    0.709654
   -0.087135   -0.154958
  0.00401864    0.525015
   -0.917369  -0.0719429
    0.890052    0.341086
   -0.573126   -0.491457
  0.00289681   -0.181102
   -0.032838     0.19279
   0.0180302    0.383702
   -0.744536   0.0647208
    -0.60723   -0.577258
    0.758798  -0.0128868
    0.448289   -0.664046
    0.272748    0.319641
     0.90567   -0.210595
      0.1497   -0.227864
    0.851169    -0.25729
    0.744276   -0.459399
   -0.721317    0.373773
    0.707629   -0.418037
    0.190684  -0.0226291
   -0.636121   -0.585566
    0.227287     0.22345
   -0.872891    0.416375
    0.106922   -0.334371
   -0.115091    -0.60374
    0.444509   -0.825977
    0.883831    0.341734
   -0.152916   -0.527344
   -0.238657    0.790891
    0.149119   -0.659059
    0.332594    0.230512
    0.343994   -0.589876
    0.367263    0.729839
    0.359333   0.0912391
    0.332932    0.877637
    0.411373   -0.639887
   0.0467562    -0.70458
  -0.0264673    0.606703
    0.668687   -0.195139
    -0.35135   -0.217856
    0.233282     0.68398
    0.771475    -0.39444
   -0.148275    0.275098
     0.78409   0.0766376
    0.238742   -0.481608
    0.415648   -0.157664
    0.317695   -0.920794
    0.567388    0.302013
    0.820983    0.188178
    0.374358    0.416825
   -0.167735    0.491622
   -0.700133    0.593849
    0.561358    0.518428
   -0.387052   0.0323933
    0.935826    0.215685
   -0.128865   -0.657372
    0.963121  -0.0631246
    0.079024   -0.307983
     0.69198   -0.580525
   -0.746045    0.241337
   -0.182837    0.956544
   0.0140437   0.0942318
    0.714215   -0.401299
    0.761576    0.160204
  0.00385256    0.950012
    0.559181    0.582565
   -0.359652    0.581953
    0.281486   -0.173986
   -0.879352   0.0170067
    0.452001    0.514446
   -0.478417    0.154241
    0.367877   0.0737363
   -0.439298   -0.125741
    0.391349    0.140694
   0.0158088    0.389178
  -0.0894287    0.475292
   0.0798043   -0.597595
   -0.273746    0.623452
    0.195261   -0.486988
    0.584248     -0.4503
   -0.495269   -0.467227
    0.409245    0.899821
    0.609323    0.261243
  -0.0455377   -0.379912
   -0.312078   -0.934343
    0.787239   -0.134416
  -0.0343757      0.1902
     0.12197   -0.963888
   -0.490019   -0.218461
   -0.818296   -0.257748
    0.318489   -0.385799
   0.0355179   -0.488895
    0.915547    0.283753
    0.117065     0.50658
   -0.231204    0.636719
    0.704598   -0.285389
   -0.866372   -0.472467
    0.230187   -0.939551
    0.289594   -0.287858
      0.5865    0.395335
  -0.0206632     0.36961
    0.192187    0.248165
   -0.626865    0.150701
  -0.0692848   0.0868462
    0.175618   -0.142996
    0.651866    0.036208
   -0.777648   -0.392844
    0.109367   0.0817516
   -0.253982    0.908562
    0.336833   -0.316768
    0.571552    0.320326
  -0.0121154    0.155286
    0.794788  -0.00189219
   -0.257017   -0.883316
    0.632463    0.665449
    0.197004    0.535215
   -0.498045    0.284226
   -0.299765    0.626518
    0.261314  -0.0105496
    0.748908    0.412143
   0.0270439   -0.920124
  -0.0579474    0.889347
    0.792317   -0.472001
  -0.0300203    0.414439
    0.511919    0.606538
    0.369037   -0.390872
    0.386089   -0.897488
    0.752381  -0.0604429
   -0.142792   -0.390339
    0.366243  -0.0800862
   -0.587071   -0.317729
   -0.257624     0.95442
     0.55537   -0.612359
  -0.0131726   -0.463288
   -0.351377   -0.597621
    0.295257    0.603384
     0.78698   -0.443678
    0.842374    0.432537
   -0.181609   -0.757227
    0.436706   -0.358508
   -0.324501   -0.268023
    0.577154   -0.805711
   -0.325923   -0.674083
   0.0332027    0.837053
   -0.314609   -0.436011
    0.305545   -0.850496
    0.601541    0.467628
   0.0590147    0.220442
    0.292438    0.783065
    0.111714  -0.0759403
    0.279927   -0.823483
   -0.255919    0.489519
   -0.493527    0.102401
     0.13866    0.983219
    -0.95057  -0.0424606
    0.268555    0.569678
   -0.715787  0.00320782
    0.514497   -0.127281
   -0.879401   -0.242003
    0.199075    0.868157
     0.13832    0.778894
   -0.560083    0.441278
    0.281791    0.862239
    0.554512   -0.677609
   -0.270786    0.608057
    0.551084   0.0513033
    0.583931    -0.32931
    0.260355    0.328277
   -0.676866    -0.70454
     0.88834     0.13004
    0.246702    0.766329
   -0.792474    0.118747
    0.647597     -0.3655
   -0.559754   -0.398516
   -0.480535   -0.373068
    0.434356    0.153966
    0.114467    0.449828
    0.596242    -0.60586
    0.343569    0.489351
    0.341763   -0.187934
   -0.811282    -0.25287
   0.0388648    0.158369
   -0.458779      0.1908
    0.204348  -0.0220063
   -0.782208   -0.242509
   -0.724508  -0.0720199
   -0.126197    0.859401
    0.652565   -0.119774
   -0.274602    0.653041
    0.537333    0.633789
    0.421691    0.750718
    0.233488   -0.359454
    0.746673     0.64998
    0.546197   -0.686082
   0.0780246    0.878428
   -0.259499    0.506461
   0.0264207   -0.486964
   -0.789886  -0.0782504
   -0.616829    0.482594
    0.409614   0.0201021
   0.0455762    0.112606
   -0.139623   -0.404007
    0.695897   -0.381831
   -0.476335  -0.0821324
    0.237237  -0.0383721
    0.132601   -0.143344
    0.367791  -0.00561918
   -0.275097    0.788476
    0.588782   -0.574194
   -0.450588   -0.306252
    0.544297    0.523417
   0.0396201   -0.229233
    -0.78259    -0.55472
   -0.142396   -0.835543
  -0.0377188    -0.20609
   -0.713625     0.41709
    0.939671   0.0940688
    0.114685   -0.453211
    0.435632    -0.44743
   -0.529648  -0.00906569
    0.342174    0.440888
    0.199636      0.1367
   -0.827645   -0.471191
    0.778225    -0.15424
    0.512264     0.51328
   -0.248025    0.794983
   -0.243306   -0.654706
    0.712835   -0.253943
    0.236722    0.905657
   -0.578067    0.599613
   -0.769086   -0.414127
   -0.801581   -0.594742
    0.409418   -0.354446
    0.336054   -0.781363
   0.0112863   0.0846042
     -0.2928   0.0252839
   -0.498464    0.463619
    0.099278   -0.722477
   -0.089172   -0.715351
   -0.696489    -0.29052
   -0.609924    -0.71058
   -0.419906   -0.731109
  -0.0534083   -0.428015
    0.575676   -0.664547
   -0.451136   -0.456578
    0.771897    -0.30258
   -0.964924   -0.182295
    0.246467   -0.350339
   -0.858793    0.220649
    0.456756   -0.211658
    0.808542   -0.249386
   -0.515776   0.0775557
    -0.70492    0.471822
    0.413503   -0.847163
   -0.549711    -0.81501
   -0.481259   -0.135039
  -0.0820079     0.65006
   0.0493025    0.599779
   -0.773748    0.120686
  -0.0971679    -0.11399
  -0.0579789    0.564924
   -0.413827    0.032762
     -0.1715   -0.356602
   -0.684248   -0.706393
   -0.899883   -0.196245
   0.0170855    0.568073
     0.57281    0.329244
    0.321452    0.052754
   -0.506611  -0.0128354
   0.0622677    0.344275
    0.850616   -0.453856
   -0.718005  -0.0500119
   -0.583633   -0.227418
    0.232783   -0.850624
   -0.519831   -0.261039
    0.177696   -0.793341
   -0.226683   -0.874515
    0.549676   -0.634567
   -0.518673  -0.0840591
   -0.200853   -0.808213
   -0.330295   0.0814052
     0.37733    0.422036
   -0.647088   -0.174076
    0.480891   -0.744831
   -0.648512   -0.266793
   -0.167407   -0.948454
    0.822245   -0.373744
     0.62771   -0.220484
    -0.40242    0.388902
    0.891497  -0.0997964
   -0.514317    0.488124
   -0.230266    0.568991
   -0.394059   0.0223193
   -0.512951    0.303242
  -0.0845877    0.939688
   -0.193177   -0.375119
   -0.122504   -0.258907
    0.348979   -0.890899
    0.656699    0.212052
   0.0680339    0.932196
   -0.347987    0.769563
   0.0835053    0.575545
   0.0269946    -0.78149
  -0.0473222   -0.723442
   -0.608109   0.0220909
   -0.617203   -0.602777
   -0.424253    0.496779
    0.523998   -0.458051
   -0.393111   0.0592783
    0.576725    0.210804
   -0.623476   -0.513191
    0.784793   -0.181935
    0.340815   -0.433884
   -0.587963   -0.785801
   -0.862336   0.0405705
   -0.541441    0.682466
    0.278958    0.491687
    0.443835    0.779907
   -0.844965    0.460424
   -0.240525   -0.307852
   -0.602017      0.3103
  -0.0157143    0.521863
    0.535536  0.00866707
   0.0770672    0.683642
   -0.294267   -0.168144
    0.448345    0.819657
   -0.247555  -0.0499487
    0.572298   0.0386399
   0.0652226  -0.0438396
   -0.781125   -0.520971
    0.351958    0.420721
    -0.05595   -0.198412
   0.0393136   -0.624604
   -0.716476   -0.113987
    0.535477   0.0321256
  -0.0693654   -0.120181
   -0.233744    0.280489
  -0.0545804   -0.647848
   -0.878167   -0.238134
  -0.0322939    -0.30944
   -0.181352  -0.0205302
   -0.228343   0.0285261
   -0.256248    0.792081
  -0.0589775   -0.780915
    0.607358    0.743142
   0.0695444    0.910497
   0.0289132   0.0738867
   -0.720091     0.59928
   -0.936881   -0.341303
   -0.678155   -0.146201
    0.727816    0.632107
    0.796146    -0.56015
    0.834456    -0.30001
   -0.155573  -0.0938156
