    0.781582   0.0436824
    0.170491    0.438305
    0.415307   0.0661187
    0.257578    0.109957
    0.043829    0.633966
   0.0617272    0.449539
    0.598694    0.245327
    0.797287  0.00183837
    0.102496    0.649248
   0.0945448   0.0136169
    0.140903    0.159153
    0.123104  0.00751236
    0.739697   0.0875163
    0.113664    0.351629
    0.177113    0.732868
    0.307934    0.438338
    0.138784    0.546206
    0.088023    0.402083
    0.188955    0.761492
    0.396988    0.185314
    0.574366    0.367027
    0.617205    0.361529
     0.21293    0.714471
    0.117707    0.299329
    0.174997     0.17534
   0.0618618    0.710781
   0.0882833    0.777994
    0.254697    0.691325
    0.100627    0.236463
    0.238269     0.59303
   0.0612505    0.437912
     0.01782    0.501103
   0.0419093    0.368851
    0.728276    0.141427
   0.0290366   0.0174423
    0.152384    0.114319
    0.353907    0.119308
    0.206653    0.212924
    0.387052    0.190481
     0.58709    0.215492
    0.231944    0.276703
    0.551981    0.144824
   0.0549825   0.0909431
    0.519726   0.0301946
    0.481067    0.292313
   0.0973602    0.332158
    0.412278    0.156948
    0.166718   0.0355958
     0.25921    0.543901
    0.346439    0.593173
    0.459461    0.167719
    0.145756    0.717128
    0.224349    0.637738
    0.531111    0.379977
    0.730715    0.122582
    0.238715    0.086325
    0.135794    0.291195
    0.118211    0.771781
    0.679367    0.122587
    0.320524   0.0508245
    0.793361   0.0213662
    0.897722  0.00859384
     0.43674    0.295472
  0.00585445    0.395666
   0.0461452    0.562029
   0.0215154    0.609135
    0.271211    0.251593
    0.469634    0.135194
    0.797652     0.13988
   0.0406244    0.773973
    0.844059    0.104273
    0.487127    0.148682
    0.106655    0.554793
    0.599347    0.228689
      0.4277    0.360382
   0.0659845  0.00211991
    0.370595    0.587158
    0.371603    0.530121
    0.741491    0.245507
    0.231487    0.596022
    0.339764    0.415702
    0.304735    0.684345
      0.2192   0.0891217
    0.131231    0.595555
    0.509677    0.145841
     0.84858    0.083143
    0.383972    0.411112
    0.565026    0.394392
    0.461964    0.224757
    0.509806    0.305324
    0.415924    0.440222
    0.804971    0.143897
    0.529502    0.344293
    0.530101    0.406241
    0.692814    0.121905
    0.141029    0.277618
    0.079996    0.492085
    0.533356    0.121641
    0.584231    0.173778
    0.684731    0.278111
    0.214915   0.0688213
    0.679375    0.261012
    0.170617    0.557842
    0.351522   0.0327619
     0.62885   0.0867208
    0.516988   0.0110025
    0.080895     0.60309
    0.128772    0.277952
    0.544596   0.0331958
    0.078531     0.87075
    0.311814    0.662579
   0.0363072     0.21431
   0.0916609     0.54409
    0.474342    0.258065
    0.302162    0.434341
   0.0286586    0.664583
    0.358697     0.61584
    0.424428    0.366481
    0.438869   0.0781727
    0.849352   0.0655086
  0.00386793  0.00835881
     0.51344    0.377724
    0.598399     0.29053
   0.0555825    0.175267
    0.290477   0.0389144
   0.0341828    0.510304
    0.322699    0.602419
    0.151405     0.66225
    0.428705    0.236546
    0.371118    0.378159
    0.718286    0.230698
    0.336775    0.175999
   0.0133664    0.649363
    0.151555    0.179257
    0.229402    0.558204
    0.736791    0.238004
    0.130208    0.399855
    0.370642    0.376103
    0.169874   0.0802301
     0.42669    0.379641
    0.368776    0.024396
   0.0235872    0.430812
    0.347333    0.626079
    0.506002    0.381802
   0.0550569    0.341973
    0.467367   0.0306524
    0.174779    0.514947
    0.285376    0.319971
    0.754984   0.0149317
   0.0432513    0.924322
   0.0725476    0.307453
    0.629162    0.328612
   0.0240344    0.945535
    0.393914    0.507814
    0.177668   0.0642165
    0.286585    0.641569
    0.143524    0.207696
    0.250045    0.509817
    0.502491    0.373999
     0.79593    0.192331
    0.488385    0.291282
    0.428111    0.267912
    0.208783   0.0115665
     0.60108    0.352597
    0.907421   0.0327421
    0.704005    0.215409
    0.377365    0.379108
    0.328498   0.0627158
      0.0637    0.605639
   0.0207367     0.52206
    0.735175   0.0924455
    0.267984   0.0144396
    0.312969   0.0650875
    0.925034   0.0520501
    0.193285    0.542296
    0.376332  0.00911556
    0.205279    0.128703
    0.119157    0.665071
    0.157624    0.193014
   0.0137775    0.557809
   0.0955683    0.217119
    0.121953    0.657409
   0.0759909    0.179361
    0.480107    0.152563
    0.875589   0.0289328
    0.726672    0.175242
    0.287338    0.286642
    0.592317   0.0669796
    0.726844   0.0680713
    0.073818    0.659464
    0.394021    0.310125
     0.26495   0.0186158
    0.123655    0.272767
    0.402334   0.0287696
    0.530992    0.378406
    0.874581   0.0830824
    0.365996    0.291009
   0.0192318    0.228268
    0.496534    0.246123
    0.416575    0.371601
    0.500569   0.0548033
   0.0798101    0.368589
    0.133067    0.450123
    0.224769    0.697906
    0.707573    0.181175
   0.0147229    0.447452
    0.320702   0.0346121
    0.274707  0.00349002
    0.343217    0.452323
     0.81139    0.038685
    0.178569    0.208202
    0.248954     0.16199
    0.431503     0.26714
    0.180794    0.606969
    0.669675    0.225187
    0.284251    0.410101
    0.571255   0.0811824
    0.567101    0.271409
    0.565615    0.285991
    0.350748   0.0145358
    0.302809    0.305888
   0.0605488    0.643636
    0.587751    0.323191
    0.121517    0.333493
   0.0138465    0.718851
    0.726439    0.266667
    0.130977    0.322921
    0.671283    0.248176
    0.100641    0.469243
    0.433298    0.437872
    0.307876    0.466146
    0.514741    0.253083
    0.568635   0.0558518
     0.29908    0.643718
   0.0278821    0.615153
      0.8741  0.00490754
    0.481057    0.123177
      0.2395    0.281224
    0.475723    0.475819
   0.0936941    0.716797
    0.795394    0.181472
  0.00538725     0.54343
    0.566678    0.159814
  0.00787516    0.357733
    0.424773    0.152922
    0.165609    0.384348
     0.25831    0.411976
    0.083802    0.460554
    0.527293    0.221476
    0.660399    0.318527
    0.522061    0.284688
    0.249539  0.00570783
   0.0684745     0.85028
    0.346673    0.525798
   0.0933987    0.752437
    0.207134    0.295395
    0.287868    0.195328
     0.12728    0.195214
   0.0441613    0.219512
    0.344983    0.122699
    0.203408    0.674972
    0.753737   0.0553278
    0.105233    0.647559
    0.475402   0.0732139
    0.506237    0.318043
    0.349339    0.332404
    0.716617     0.18164
    0.178294    0.583506
  0.00851372   0.0901588
    0.701742    0.179066
    0.570083    0.378713
   0.0227511    0.377047
    0.035725    0.430488
    0.204003     0.68658
    0.357923    0.606904
    0.233741    0.489165
    0.400137    0.105517
    0.577448    0.166251
    0.176458    0.722348
    0.497778    0.153587
    0.340662     0.50898
    0.424304    0.269194
    0.337016    0.230747
     0.16295    0.699529
   0.0220067     0.86676
    0.643672    0.190671
    0.400223    0.554311
     0.30328    0.224178
    0.239986     0.44966
    0.434527    0.088193
    0.259545    0.178261
    0.969121   0.0232723
    0.137564   0.0427232
   0.0483344    0.357023
    0.488683    0.293772
    0.421465     0.56435
   0.0347061    0.305445
    0.392526    0.186626
    0.372608     0.42661
   0.0399938    0.176489
    0.256999    0.374681
    0.731607     0.11555
   0.0479233    0.446449
    0.463282    0.372748
    0.223921    0.447543
    0.138607    0.567952
    0.433415     0.40283
    0.368807    0.538784
    0.344713    0.590613
    0.432588      0.5006
    0.413481    0.374401
    0.438573   0.0982462
    0.223219    0.643391
    0.533725    0.317574
    0.537341   0.0859344
    0.300191      0.3082
    0.920037   0.0693243
    0.866487   0.0417823
    0.234318    0.181537
   0.0854184    0.626656
    0.212179   0.0997414
    0.353871    0.506487
    0.465234    0.195015
    0.390318   0.0692952
    0.355118    0.472047
    0.302996    0.456127
    0.875119    0.124495
    0.395748    0.339474
    0.545673    0.122753
    0.103472   0.0467591
    0.119263    0.455556
    0.531396    0.170176
    0.843642   0.0846848
     0.29762    0.103762
   0.0764189    0.371951
    0.377953    0.250641
     0.48017    0.224541
    0.144747    0.767952
   0.0352415     0.30375
    0.872911   0.0122751
    0.692586    0.295687
    0.612801    0.347625
      0.4657   0.0170793
    0.052042    0.669973
    0.229469    0.687479
    0.455779    0.285549
    0.783607   0.0826911
    0.210596    0.490822
    0.238736    0.437925
    0.199338    0.277904
    0.261034     0.20364
    0.579187     0.39803
     0.31793    0.441857
    0.715011    0.190535
    0.678237    0.126768
    0.588806   0.0594268
     0.21296    0.218255
     0.20513    0.613919
    0.133995   0.0517323
    0.535314   0.0272737
    0.610108   0.0876377
   0.0729852    0.662597
    0.731243  0.00286598
    0.168485    0.732417
    0.259806    0.552059
    0.449934   0.0334577
    0.323262   0.0589736
    0.168782    0.714927
    0.773798    0.219816
    0.442203    0.105663
     0.88249  0.00209168
    0.154783    0.435217
    0.699238   0.0912788
    0.122163    0.193598
    0.205192    0.667912
       0.409   0.0683171
    0.204748    0.197877
    0.281649    0.680193
  0.00383513     0.45703
    0.307075  0.00535431
   0.0101444    0.497509
    0.635463    0.233256
    0.665497  0.00360523
    0.406872    0.293545
    0.390971   0.0437746
    0.280921    0.442631
    0.698585    0.118185
    0.669846   0.0936764
    0.419708   0.0301684
   0.0404972    0.635605
    0.387762    0.124035
    0.346182    0.287473
    0.449299    0.367103
    0.108216    0.788908
    0.828887   0.0990059
   0.0083099    0.664463
    0.629934    0.304145
    0.763373  0.00826524
   0.0861171      0.3701
    0.268675    0.618879
    0.500872    0.147923
    0.136973    0.110481
    0.138616    0.711636
    0.531162     0.24472
    0.011035    0.465072
    0.526989    0.101496
    0.155251    0.297885
    0.440358   0.0890419
    0.473398    0.405457
    0.513842    0.141233
    0.700425   0.0508839
     0.79366   0.0419978
    0.143552    0.683195
    0.459811   0.0471381
    0.249907    0.180275
    0.119746    0.564966
    0.616353   0.0411513
    0.629697    0.320132
    0.452319    0.119002
   0.0642273    0.467695
    0.557525    0.319237
    0.415007   0.0166862
    0.444348    0.156972
    0.765586    0.197802
    0.535974     0.10996
    0.894452    0.059037
    0.234702    0.635521
    0.196259    0.533183
     0.20887    0.471004
     0.17104     0.66107
    0.391928    0.131127
    0.148184    0.523489
    0.721558    0.223237
   0.0556542     0.37962
    0.270514    0.530486
    0.117282    0.156742
    0.638128   0.0161401
    0.266686    0.185866
    0.147106    0.402854
    0.240117     0.64948
    0.812942    0.120945
    0.278674    0.672182
    0.641053    0.183364
    0.200676    0.767563
    0.438529    0.360086
   0.0263452    0.783783
   0.0382177    0.325105
   0.0362362   0.0211331
     0.81669    0.109091
    0.490171    0.303882
    0.660451    0.200332
   0.0279334    0.477431
    0.181447    0.576886
    0.282008    0.713674
    0.286813     0.46886
    0.123323     0.68499
    0.630809  0.00809268
   0.0136026    0.619446
   0.0222367    0.732533
    0.318177    0.605274
    0.163239    0.560471
    0.835133   0.0876442
   0.0359657    0.474952
    0.487067    0.128648
    0.178803     0.13675
    0.351703   0.0763351
   0.0353321    0.826347
    0.590841    0.263658
    0.300199    0.436576
    0.534376    0.263424
    0.628373    0.060787
    0.353215    0.491303
    0.667468    0.127711
    0.444607    0.515164
     0.36712    0.181915
    0.551563    0.126214
    0.718046    0.205948
    0.371533    0.361033
    0.110226    0.566312
  0.00791982    0.108368
    0.345571   0.0149794
    0.241588    0.377144
     0.66379     0.31579
    0.489942    0.462974
    0.196951    0.153721
     0.40406   0.0358377
    0.323631    0.274191
    0.324782    0.614284
    0.727737   0.0718003
    0.252515   0.0230946
    0.151014     0.09123
    0.301779  0.00803107
   0.0218808     0.75069
    0.148873    0.109529
    0.153058    0.438339
    0.831202  0.00637625
    0.165566    0.674661
   0.0265992   0.0530125
   0.0191147    0.260875
    0.527351    0.180229
    0.113262    0.600258
    0.460828    0.130427
   0.0923365    0.899088
    0.032885    0.697884
    0.337159      0.6292
   0.0295713  0.00464211
   0.0198777   0.0847176
    0.150652  0.00832532
   0.0763746    0.627749
    0.418784    0.503841
   0.0625649    0.528379
    0.534679    0.342441
    0.397696   0.0803154
    0.139871    0.816771
     0.52401   0.0405164
    0.959781   0.0389602
    0.804016   0.0932968
   0.0392134    0.059158
    0.267946    0.363654
   0.0746662    0.914444
   0.0594542    0.246143
   0.0800643    0.641324
     0.26147    0.524919
    0.313097    0.219546
     0.08957    0.403645
   0.0676689    0.311647
    0.146399    0.526925
   0.0317097    0.944488
   0.0106238    0.553825
     0.86464   0.0045775
   0.0659528    0.468009
    0.833053    0.127628
    0.050144    0.769762
    0.388838     0.19466
    0.354089    0.179238
    0.456448     0.51498
    0.265577    0.545701
    0.407117    0.421595
    0.741537   0.0058385
    0.127605    0.653073
     0.20008    0.752816
    0.419783    0.299879
   0.0735566    0.265051
     0.28361    0.631273
    0.189776    0.570784
    0.168042    0.285298
   0.0101891    0.248449
    0.313764    0.436079
    0.814661   0.0128245
      0.5408    0.224471
    0.321387    0.553635
   0.0642867    0.466966
    0.302315  0.00677479
    0.136149    0.262441
    0.153258    0.813571
    0.318536    0.632705
    0.124927    0.655214
    0.187933    0.596355
   0.0676298    0.653958
   0.0755745    0.179824
    0.695546    0.039284
    0.754153   0.0518515
    0.468158    0.331113
   0.0165369    0.934909
   0.0121199    0.699511
    0.317452    0.418263
    0.744585    0.233151
    0.562989    0.154973
    0.369018   0.0811162
    0.679307    0.106482
    0.637952   0.0562386
    0.201361    0.275433
    0.207602    0.159026
    0.248315    0.436194
    0.107518   0.0625569
    0.606853     0.37612
    0.446803    0.413326
    0.234589    0.744091
   0.0671522    0.627453
    0.396887     0.48167
    0.428643    0.200491
    0.343512    0.410711
     0.17725   0.0424136
    0.846139   0.0577066
    0.875415   0.0924321
     0.50599    0.174239
    0.431264    0.249278
    0.392782    0.489251
    0.841801     0.15532
    0.543468   0.0600497
    0.254723    0.126471
    0.398352    0.107623
    0.185604     0.45143
     0.19201    0.118573
    0.139562    0.620939
    0.116895    0.653342
    0.721437    0.185329
    0.180309    0.449466
    0.178366    0.791436
    0.334754    0.209126
    0.221753   0.0072559
   0.0501403    0.708176
    0.317983    0.336379
    0.471977    0.524629
    0.553715    0.290935
    0.747966   0.0708817
    0.308719    0.643747
    0.454105     0.13953
    0.920333    0.036533
   0.0107409    0.521687
  0.00318929    0.602365
   0.0551236    0.462184
    0.930864   0.0259293
    0.794553   0.0580455
    0.429407   0.0429762
    0.301497    0.252612
    0.644977    0.121464
    0.551036    0.255432
   0.0390583     0.45282
    0.446262    0.320744
    0.741599   0.0598469
    0.847685   0.0442344
    0.552053    0.352253
    0.310324    0.613235
    0.353323    0.299108
    0.114678    0.390057
    0.309284    0.143762
    0.203629     0.39306
    0.833648    0.123702
   0.0592941    0.555429
   0.0968343      0.4933
    0.112535    0.384071
   0.0741219    0.766553
    0.458094    0.187268
    0.580014     0.29061
    0.721734    0.190034
    0.105538    0.780898
    0.445545     0.27557
    0.491242    0.311277
    0.362148    0.627495
    0.312229    0.631162
   0.0528201    0.746638
    0.251825    0.426748
    0.347247    0.174123
    0.515992    0.273177
    0.713818    0.147376
   0.0598402    0.733592
    0.486359     0.23356
    0.446124  0.00888914
    0.399746    0.536908
    0.190734    0.668326
     0.56298   0.0025701
    0.195634   0.0164447
    0.385288    0.530068
    0.154284    0.043573
    0.331271    0.663478
   0.0671611    0.776929
    0.156671    0.175621
    0.330227    0.120976
    0.754988   0.0841637
    0.540023    0.160359
    0.146519    0.551529
    0.457876    0.514713
    0.213251    0.110471
    0.312729    0.032809
    0.420441    0.344765
    0.538304    0.280054
    0.128566    0.804852
     0.15189    0.814971
    0.211075    0.545071
   0.0126566    0.720286
    0.847153   0.0989683
    0.359922    0.210665
    0.641642   0.0812558
    0.333079   0.0506632
    0.503562     0.37356
    0.424907     0.40424
   0.0626703     0.30012
    0.121339    0.346003
    0.277819    0.299657
    0.660569    0.175965
    0.450541    0.240867
    0.247305    0.455156
    0.193709    0.672721
     0.57026    0.360755
    0.791522    0.105063
    0.202241   0.0671225
    0.127974    0.861474
    0.213333    0.480062
    0.594417    0.368241
   0.0233044    0.676519
    0.260966   0.0532421
    0.160292   0.0282799
    0.699179    0.101916
   0.0957873    0.897602
  0.00296933    0.905462
   0.0975802   0.0297971
     0.20043     0.62203
    0.450603    0.288184
    0.497423    0.196233
   0.0917055    0.293778
    0.530385    0.175748
    0.206025    0.660669
    0.129117   0.0683699
   0.0925321    0.186875
    0.191926    0.702478
    0.455411   0.0923314
    0.813115   0.0245123
   0.0223484    0.608858
   0.0773033    0.237091
    0.219533    0.690963
   0.0136995    0.247886
    0.221353    0.287527
    0.526578    0.193418
    0.220098    0.180811
    0.104363    0.029897
    0.521517    0.135717
  0.00311407    0.338117
    0.274807    0.679116
    0.102776    0.352841
    0.195365    0.495785
    0.340362    0.460533
    0.184835     0.52248
    0.317518    0.527651
    0.226054    0.287572
    0.780811   0.0891238
   0.0956443    0.493232
    0.247077    0.627991
    0.355951    0.475723
    0.527898    0.386755
    0.195731    0.654206
     0.24591   0.0110008
    0.110377    0.105938
    0.494021   0.0129993
     0.52122    0.147549
    0.138538    0.412639
    0.221375    0.650718
    0.383981    0.572836
     0.66188    0.222769
   0.0843623    0.877437
    0.082432    0.435274
    0.355415    0.459291
    0.310969    0.456967
    0.250585    0.587795
   0.0718071    0.862532
    0.582391    0.247222
   0.0657093     0.37661
    0.307992    0.422261
   0.0620282    0.508293
    0.123958    0.366403
    0.140991    0.640614
    0.203649    0.720469
   0.0818189    0.130653
    0.110325    0.229181
    0.158233    0.428825
    0.739101   0.0699123
   0.0167307    0.192463
    0.277397    0.208442
    0.709658    0.223431
    0.199622   0.0533671
    0.940384   0.0294356
    0.276291    0.616174
   0.0415935      0.0624
    0.242469    0.173193
     0.14929    0.109598
  0.00695124    0.829544
    0.140847     0.21163
    0.140039     0.63266
    0.885525   0.0236173
    0.935566   0.0507755
    0.616429    0.324394
   0.0915923     0.39118
    0.437451    0.233683
    0.488254   0.0911484
   0.0680386    0.524876
    0.400997     0.55132
   0.0303778    0.558982
    0.184055    0.414274
    0.298474    0.447571
    0.330952    0.304723
    0.485931   0.0347953
     0.19525    0.566914
    0.119448    0.562969
    0.179049    0.270278
    0.560662   0.0496737
    0.133556    0.678839
    0.760937   0.0658902
    0.415871    0.550504
    0.326139    0.419659
      0.2062    0.610624
    0.248321    0.532302
    0.608443    0.104087
    0.616767  0.00555554
    0.372005    0.294561
    0.306687    0.496046
   0.0383901    0.221941
    0.170064     0.26388
   0.0258399     0.29063
    0.374862    0.303725
    0.289023    0.613395
    0.331184    0.214527
    0.555678    0.274394
    0.266145    0.103654
    0.116652    0.578136
    0.267925   0.0171489
    0.221302    0.415521
    0.664605   0.0171881
    0.118951    0.212014
    0.682055    0.306009
   0.0936282    0.609475
    0.449113    0.243912
    0.422047    0.351217
    0.907241  0.00524417
    0.138794     0.71099
    0.383848    0.327858
    0.310427    0.347308
     0.21132     0.66092
   0.0777522    0.781202
    0.341719    0.274713
   0.0987839    0.260891
     0.20192    0.664603
   0.0125677    0.225622
   0.0234489    0.105746
    0.275028    0.389198
    0.254156     0.59454
    0.441023    0.280343
    0.276319   0.0861947
    0.325002     0.30437
    0.550146    0.303983
   0.0378163    0.578931
   0.0936125    0.345507
   0.0574054    0.812395
   0.0703979    0.177834
    0.148195    0.715572
    0.389623    0.401814
    0.705842   0.0859276
    0.185824    0.146502
    0.740536    0.185053
    0.194127    0.692372
    0.302705    0.568356
    0.643797    0.293945
    0.328038    0.331186
    0.250474    0.708739
    0.230362    0.686089
    0.103733     0.43711
    0.497786     0.29357
   0.0255409    0.265773
    0.159437    0.655998
    0.358977    0.329247
    0.337276    0.595043
     0.10487    0.548603
    0.362441     0.54449
    0.243008    0.230885
    0.520938    0.402062
    0.449772    0.322669
    0.105734   0.0659462
    0.357188    0.257973
    0.243734    0.435724
     0.21432   0.0732407
   0.0428941     0.92152
   0.0163448    0.707854
   0.0956029    0.798595
   0.0150017    0.133968
    0.404842    0.186799
     0.53056    0.121288
    0.512542    0.286003
    0.848582     0.12139
    0.209142   0.0543219
   0.0117791    0.972119
     0.40842    0.317718
    0.121677   0.0268595
    0.571742    0.265569
     0.41716     0.21625
    0.516594    0.388697
    0.174946    0.313281
     0.68615     0.12581
    0.483014   0.0236605
    0.661759    0.179062
    0.509793   0.0959532
    0.314833    0.393801
      0.3867    0.266968
   0.0666504     0.19328
    0.458805    0.131208
    0.211538    0.325672
    0.567815    0.262557
    0.206895    0.286424
   0.0729285    0.709964
    0.642354   0.0382889
    0.478807    0.306677
    0.328687    0.234328
    0.357732    0.395643
    0.430725    0.197401
    0.711443    0.217967
    0.378068    0.183864
     0.80497    0.131484
    0.148434    0.734334
   0.0507898     0.62492
   0.0379167    0.265334
    0.538412    0.086482
    0.497071     0.27362
     0.73899    0.210602
    0.584402   0.0360689
    0.210762    0.278966
    0.424238    0.166043
    0.308836    0.606232
   0.0509049    0.559114
   0.0238028   0.0534502
    0.662108   0.0569624
    0.367538    0.214018
  0.00738774    0.165747
    0.282681   0.0275044
    0.265878    0.607327
    0.658014    0.235518
    0.355216    0.122715
    0.463439   0.0179826
    0.233093    0.595305
    0.296696    0.566525
    0.581972    0.207004
    0.116847    0.853425
    0.507186    0.276558
    0.107008    0.476732
    0.558882     0.12757
   0.0702278    0.317922
    0.686738    0.012408
    0.541584    0.402081
     0.77171    0.129585
   0.0693378    0.360877
    0.737499    0.144103
   0.0634459    0.335596
    0.356666    0.480966
    0.400852    0.113985
    0.256833    0.584088
     0.23996   0.0160478
    0.285088    0.469078
    0.207636    0.742239
    0.183881    0.483189
   0.0416624    0.219208
    0.226459   0.0938756
    0.233361   0.0978077
    0.145323    0.447222
    0.455782     0.33408
    0.117783    0.574088
    0.300064    0.180461
  0.00465054     0.16159
    0.160552    0.405083
    0.230387    0.107258
    0.321736    0.418082
    0.300413   0.0425444
   0.0441122    0.393204
     0.58531    0.312782
   0.0775207    0.889954
    0.464629   0.0259078
    0.431574    0.466969
    0.351355    0.222555
      0.5132    0.360714
    0.527232    0.188168
    0.463029    0.133611
    0.403794      0.5591
    0.211951    0.259342
    0.238771   0.0251136
   0.0849693   0.0784127
    0.117586    0.276119
    0.271686    0.218391
    0.501042   0.0132974
    0.511107    0.180167
    0.069616   0.0362093
    0.430542    0.125519
    0.603445    0.106585
    0.633313   0.0878897
    0.161441    0.331527
   0.0316046    0.177857
    0.248782    0.275656
   0.0416188    0.487544
    0.153259     0.81912
   0.0582441    0.908532
    0.307871    0.387186
    0.570004   0.0490125
    0.752546   0.0328065
    0.378311    0.276851
   0.0382463    0.806286
    0.242527    0.147552
   0.0892791      0.5138
    0.558523   0.0932124
    0.379026    0.298045
    0.239305  0.00270269
    0.424059    0.165476
    0.155492    0.358081
    0.740473    0.137572
    0.176562    0.476049
    0.036362    0.135411
    0.146299    0.842511
   0.0743321    0.300229
   0.0467192    0.209313
   0.0824009    0.911987
    0.235006    0.742344
     0.57609    0.339995
    0.299702   0.0849244
    0.675494   0.0211805
   0.0187995    0.963127
    0.283179    0.381582
    0.252462    0.129582
    0.123645    0.101589
    0.407832    0.429163
   0.0646937     0.30661
    0.799258    0.123237
    0.236908     0.72002
    0.622252    0.185707
    0.171424    0.120173
    0.255373   0.0587195
     0.10206    0.324525
    0.294919    0.698525
    0.106486    0.703357
    0.682466    0.204961
    0.214586    0.543405
  0.000946245    0.903542
    0.163755    0.227455
    0.165975    0.533714
    0.138741      0.8242
    0.332453    0.544295
    0.039575    0.137445
   0.0388048    0.192294
    0.118909    0.501646
    0.159066    0.421317
   0.0684976    0.239454
    0.498619    0.295547
    0.256939    0.368789
    0.757366   0.0451904
    0.485221    0.111596
    0.588336    0.170908
    0.457321    0.197687
    0.522249    0.444037
   0.0752216    0.249244
   0.0462707    0.671322
   0.0976644    0.444875
   0.0155067    0.620671
      0.3789    0.176754
    0.288944    0.286246
   0.0577023    0.802379
    0.581793    0.197123
   0.0512077    0.647404
   0.0778493    0.413141
    0.654789   0.0358606
    0.290575     0.70208
    0.133534    0.313887
    0.500464    0.302331
    0.730173   0.0195521
    0.611957    0.157158
    0.653187    0.118676
     0.41611    0.553074
    0.486711    0.150859
    0.484681   0.0360518
     0.07771   0.0723675
    0.280809    0.551256
    0.958768   0.0104164
    0.068414    0.833713
    0.789974    0.101098
    0.840966    0.111096
    0.184154   0.0794044
    0.549794    0.385174
    0.387534    0.280059
   0.0515934    0.130706
    0.226454  0.00907686
    0.445296   0.0814737
    0.328856   0.0857956
   0.0329985    0.605663
     0.38301    0.249355
   0.0974632   0.0645488
    0.128259    0.652065
     0.25063    0.338101
    0.531981   0.0108341
   0.0881115    0.890494
    0.463943    0.496922
    0.773549   0.0448703
    0.135269     0.46896
    0.195784    0.549637
    0.252673    0.672876
   0.0314834    0.140771
    0.064405    0.455631
    0.208793    0.192066
   0.0549279    0.172949
    0.755414    0.243539
    0.151709    0.774575
      0.2796      0.2339
    0.150757    0.771129
    0.363489    0.159417
    0.315848    0.463629
    0.789266    0.189309
    0.275284    0.700714
    0.104507    0.455884
   0.0359005    0.379636
    0.536407    0.395301
    0.817934     0.02284
    0.127748   0.0644636
    0.439523   0.0642429
    0.731014    0.146407
    0.339698    0.301305
   0.0296111    0.673828
   0.0269151    0.362187
    0.270228    0.721542
   0.0373576    0.869386
    0.229967   0.0560432
   0.0811904    0.566745
    0.712156    0.203395
    0.451435    0.263958
     0.34546    0.140165
    0.250276    0.387681
    0.238458     0.75972
    0.381987   0.0478324
   0.0812586    0.712964
    0.213856    0.270327
    0.387714    0.305436
    0.458867    0.173852
   0.0612496    0.422095
     0.14431    0.420541
   0.0261741    0.908563
    0.211761   0.0642581
   0.0146293    0.875478
    0.166726    0.172017
   0.0943952    0.500272
   0.0768881    0.258888
    0.137038    0.202424
    0.145124   0.0985218
    0.143782    0.537549
    0.415671    0.176971
    0.357173   0.0123426
    0.557215    0.108761
   0.0512898   0.0270131
  0.00883122     0.42624
    0.185484    0.425551
    0.240936    0.414107
    0.102161   0.0186446
    0.359154    0.293383
    0.889992   0.0978687
    0.120116    0.786202
    0.307793   0.0813012
     0.57072    0.086258
    0.262392   0.0242606
    0.251264  0.000378908
    0.368309    0.166674
    0.295065    0.153696
    0.831685    0.129044
    0.157169    0.541251
    0.193867    0.325266
    0.256951    0.582535
    0.671166    0.291764
    0.321026    0.482383
    0.582674  0.00642182
   0.0683964    0.538173
   0.0800697    0.730725
    0.705316    0.245324
     0.15264    0.419393
    0.739645    0.205704
     0.26067    0.085509
    0.149449    0.782694
    0.261508    0.172661
   0.0934052    0.861568
    0.370052    0.456008
    0.129572    0.711031
    0.294174    0.185342
   0.0454507    0.889571
   0.0127584    0.430269
    0.538484    0.305815
    0.172754    0.475633
   0.0342631    0.859453
     0.18109    0.578952
    0.445603    0.257529
     0.70804   0.0227121
    0.723099    0.132761
    0.683419     0.22507
    0.745476    0.214809
    0.300093    0.665406
    0.519383    0.265831
    0.177572    0.451249
    0.862324   0.0817031
    0.183813    0.338723
   0.0754981    0.896683
     0.44745    0.287463
    0.606374    0.330511
      0.1094     0.68076
    0.532658    0.390125
    0.177138    0.150405
    0.151069   0.0177234
    0.123322    0.678322
    0.560614    0.232358
     0.24369    0.701759
     0.53099     0.34948
    0.289084    0.634188
    0.195108    0.183299
    0.292384    0.105169
    0.419473   0.0743614
    0.208369   0.0520773
    0.262343    0.193116
     0.69871    0.225615
    0.904981    0.018247
    0.322734    0.197849
    0.756483    0.209337
    0.326668    0.305124
    0.213986    0.467439
    0.745945    0.101254
    0.772298   0.0140543
    0.210953    0.492895
   0.0946143    0.181937
    0.179889    0.396655
    0.414797    0.500713
    0.512362    0.267208
   0.0385981    0.719092
    0.221607     0.54274
    0.168089   0.0685301
    0.785875    0.206673
    0.443162    0.222028
    0.374192   0.0498367
    0.393795    0.508419
  0.00486704    0.800272
    0.177138    0.154944
    0.140848    0.233364
    0.140399     0.68332
    0.443058    0.481764
    0.014774    0.306325
     0.59089   0.0817249
     0.44942    0.405911
    0.143284    0.175551
    0.518497    0.371812
   0.0454755    0.306716
   0.0231336    0.806058
    0.409484    0.200431
    0.351877  0.00241112
    0.523672    0.357884
   0.0497363    0.918222
    0.447028    0.195419
    0.401531     0.52786
    0.256596    0.605068
    0.370094    0.170884
   0.0542162    0.212371
    0.314524    0.210342
    0.215448   0.0389048
    0.126273    0.277429
    0.256985    0.152577
    0.357503    0.561011
   0.0800171    0.847879
     0.30603    0.451912
    0.277879    0.305158
    0.211699   0.0265911
   0.0838081    0.562727
    0.246882    0.351043
   0.0170737    0.957758
   0.0342388    0.452153
    0.329339     0.20887
    0.484231    0.469901
    0.365935    0.273205
    0.245504    0.189209
   0.0288903    0.559814
    0.212311    0.313352
    0.498131   0.0841829
    0.138079    0.690415
    0.806579    0.168545
    0.258599     0.27662
    0.158316    0.816276
    0.851557    0.113999
   0.0200066    0.250618
     0.14299     0.23096
    0.251516      0.2359
    0.777723    0.188572
     0.32536    0.323842
    0.185473    0.241373
    0.237832     0.24594
    0.484285    0.369957
    0.125685    0.394336
    0.386626   0.0198127
  0.00780438    0.168188
    0.733277    0.188791
   0.0147573   0.0263995
    0.697042    0.182716
   0.0898483   0.0798697
    0.369933    0.469237
    0.527175     0.23364
    0.206285   0.0255216
   0.0577538    0.668523
    0.868807   0.0381306
    0.138692  0.00243141
    0.135302   0.0145358
    0.696573    0.302627
    0.246631    0.123004
    0.323638    0.379033
    0.595008     0.29682
     0.65057    0.121888
    0.429775    0.232773
    0.777239   0.0541175
    0.447814    0.401861
   0.0798394    0.861086
    0.276866    0.281592
    0.710732     0.27881
   0.0438959    0.757566
     0.58418    0.316775
    0.966146   0.0158798
    0.891831  0.00920982
    0.210554    0.781447
    0.785157    0.127126
    0.389969    0.211727
    0.502724    0.280609
    0.198259    0.144958
    0.688534    0.197055
   0.0955589   0.0585413
   0.0967108    0.417629
   0.0929821    0.750403
     0.03114    0.370577
    0.718696    0.125158
    0.525871    0.305664
    0.298131    0.693515
   0.0924202    0.306629
    0.487839    0.103109
    0.054467    0.427379
   0.0366043     0.20931
    0.123748    0.826122
    0.627911    0.306303
   0.0332255    0.421386
    0.237006    0.357375
    0.398406  0.00374979
   0.0226759    0.113566
    0.706745    0.262878
    0.185356     0.27654
    0.194159    0.228893
  0.00728526    0.443297
    0.486291    0.086371
    0.362862    0.619238
    0.463409    0.515248
    0.228266    0.468171
    0.553178    0.269738
    0.519679    0.249037
    0.437105    0.430501
    0.425678    0.362892
    0.123069     0.41324
    0.332974    0.289159
    0.108153    0.730243
    0.813951   0.0753339
    0.136385    0.226974
    0.239759    0.625954
    0.411987    0.262744
   0.0594581     0.31262
    0.201908    0.470282
   0.0356905    0.849834
    0.152426    0.816516
    0.187335    0.540026
    0.213789    0.154999
   0.0690633    0.746575
    0.687216   0.0476161
    0.284066    0.296693
    0.476246     0.27204
    0.176082    0.406124
    0.719528    0.104767
     0.17773     0.11133
    0.121874    0.344442
   0.0335764    0.319299
    0.543538    0.249846
    0.155427    0.269973
    0.429303    0.298878
    0.236947    0.362166
   0.0782724    0.524626
     0.38675     0.10111
    0.637652   0.0224352
   0.0690942    0.266277
      0.3225    0.263431
    0.487426    0.172326
    0.289563    0.678655
    0.156577     0.59241
    0.372466   0.0328136
    0.497499    0.465827
    0.151698    0.589145
    0.245215    0.322999
    0.646819   0.0830271
    0.436513    0.468675
   0.0258884    0.106115
    0.468049    0.504031
    0.256819    0.361232
    0.221522    0.122403
    0.777419   0.0780074
   0.0704669    0.337686
    0.488932    0.481967
    0.421874    0.440864
    0.392347    0.167894
    0.207486     0.22225
    0.358328    0.425933
    0.661635   0.0947352
    0.214931    0.339035
    0.153049    0.290366
    0.183838    0.763797
    0.136389    0.295181
    0.112065    0.474429
    0.276087     0.19627
    0.288767     0.30645
    0.492084    0.461541
    0.884279   0.0704389
    0.133892    0.320492
    0.483278    0.458175
    0.550974    0.221881
    0.158756    0.213971
    0.217316    0.437884
    0.508254    0.228136
    0.277805   0.0724108
   0.0082149   0.0678993
    0.184229    0.329628
   0.0537608    0.557368
     0.32221    0.377718
    0.686813    0.272923
   0.0177423    0.195274
   0.0380424    0.379158
    0.502788     0.35499
    0.311202    0.376773
    0.425626    0.490995
     0.15578    0.202321
    0.415027    0.355075
    0.256306    0.735712
    0.890168   0.0592416
    0.674313    0.178032
    0.179311    0.679662
   0.0820399    0.843804
     0.19058   0.0845133
    0.585473     0.04971
     0.52378    0.175151
    0.761595    0.126381
   0.0903601    0.682411
    0.286678    0.193656
    0.227068    0.338225
    0.450958    0.244505
    0.388545    0.279066
    0.260396    0.474392
    0.110044    0.505779
    0.370285    0.375297
    0.376882     0.25572
    0.107239    0.362493
     0.57322    0.107522
    0.114328    0.515616
   0.0469136     0.47618
     0.15805    0.350393
    0.055773     0.37705
   0.0817284    0.609606
    0.347913    0.367944
   0.0362558    0.350999
    0.238005    0.144029
    0.304411    0.230359
    0.352236   0.0368157
    0.237847    0.492518
    0.254731    0.268676
    0.643258    0.241082
    0.141499    0.167866
    0.319574   0.0807501
    0.167657    0.805245
    0.253024    0.579406
   0.0740439     0.45501
    0.644443    0.152625
    0.169121    0.424255
     0.54129    0.453248
    0.254791    0.272588
    0.389957  0.00257553
    0.286874    0.483979
    0.232134    0.473306
     0.15383    0.417379
    0.114865    0.541392
    0.829662    0.127148
   0.0238907    0.531687
   0.0637782    0.920688
   0.0107294    0.329018
    0.200458   0.0941866
   0.0061759    0.798334
    0.406385    0.118433
    0.502953    0.139127
    0.699119   0.0971199
    0.706256   0.0424977
    0.741194    0.239996
    0.608324    0.100106
     0.47489     0.47367
    0.031535  0.00953696
    0.287768    0.513159
    0.666688    0.019255
    0.619406    0.360572
     0.13331    0.541068
    0.263377    0.577313
   0.0939812    0.542145
    0.172114    0.720073
     0.73345   0.0967962
    0.146991    0.482059
     0.03331    0.841285
     0.48022    0.052954
  0.00141014    0.700203
    0.693055    0.183063
    0.261997    0.386693
    0.844002    0.140948
   0.0788565    0.340975
    0.762133    0.166159
    0.371285    0.190635
  0.00629521    0.803676
    0.610467    0.122332
   0.0323939    0.444399
  0.00576558    0.902152
    0.466206    0.518731
     0.68484    0.113817
   0.0707253    0.680437
   0.0975815    0.052384
    0.417627   0.0549303
    0.213678    0.278064
    0.586365   0.0330044
    0.704722    0.256795
    0.945918   0.0372565
    0.170375    0.494681
   0.0957721    0.641351
     0.80729    0.123997
   0.0250393     0.83509
    0.637892   0.0431464
    0.160837    0.188896
    0.217375    0.428788
    0.639149    0.173584
    0.429658    0.265107
    0.350245    0.566197
    0.075104    0.273133
    0.456009    0.138901
    0.495926   0.0242818
    0.103701    0.896002
    0.888921   0.0899409
    0.637012      0.2598
    0.540253   0.0382776
    0.331318    0.455044
   0.0694083    0.545179
    0.176322    0.435538
   0.0812912    0.260505
    0.301341    0.633619
    0.234166    0.623261
    0.144768    0.114542
    0.115706    0.677943
    0.194003    0.609384
     0.91498    0.075142
   0.0888146    0.706293
    0.340597    0.406581
    0.593921   0.0296748
    0.255384    0.235987
    0.228841    0.136023
    0.130569    0.479403
    0.680915      0.1428
    0.031697    0.731446
    0.420493    0.221349
    0.220119    0.538453
    0.222058    0.133489
    0.456595  0.000165099
    0.225176    0.540289
    0.355774    0.486973
     0.44151    0.458406
     0.57459    0.127636
    0.182097     0.49687
     0.89457   0.0358839
    0.101533    0.472643
    0.715782    0.144147
    0.328174    0.623475
    0.747856    0.218372
    0.182728    0.108378
    0.490772    0.398333
    0.221304    0.455764
   0.0319117    0.339755
    0.260027    0.277121
    0.570192    0.209426
    0.183998    0.448406
    0.639984    0.211594
    0.261033    0.175027
    0.322966   0.0950284
    0.142812    0.238877
    0.200226    0.195418
    0.392358    0.365572
    0.826033    0.143022
    0.226704    0.208949
    0.809494    0.158181
    0.550088    0.329584
    0.320117    0.205107
    0.234888    0.758915
   0.0859784   0.0387967
   0.0554184    0.416714
    0.283126    0.491223
   0.0124683    0.554293
  0.00274686    0.166414
   0.0807052    0.412882
    0.300956    0.169703
    0.798129     0.14642
     0.12106    0.661655
     0.56067    0.176257
    0.358629    0.481643
   0.0318294    0.956812
    0.138249    0.549873
     0.28407    0.359727
   0.0709006    0.626775
    0.207919    0.498793
    0.222241    0.207428
     0.75416    0.164583
    0.138458   0.0701739
    0.586963   0.0858035
   0.0997602    0.669837
   0.0499296    0.167167
    0.428111    0.269226
    0.110434   0.0698724
    0.345698    0.142507
    0.122278    0.129247
    0.246722    0.662795
    0.594228    0.192543
   0.0665473    0.460538
    0.255585    0.624085
   0.0103692    0.275157
     0.55812    0.321384
     0.49748    0.152083
    0.064847    0.882989
    0.388297    0.103987
     0.28268  0.00760191
    0.765283    0.102992
  0.00529914    0.062603
    0.168427    0.757174
    0.183586    0.531257
    0.157127    0.841088
     0.17253      0.7114
    0.498849    0.159942
    0.144439    0.586308
   0.0836736    0.302558
   0.0868176    0.143565
   0.0958743    0.359967
   0.0297783    0.484481
     0.33338    0.120875
    0.457505    0.288445
    0.899392   0.0754567
    0.200277   0.0570857
    0.439757  0.000335348
    0.363809    0.535718
      0.1952    0.727105
    0.457091    0.333871
    0.368545    0.141312
   0.0238489    0.827783
    0.444887     0.22199
   0.0178642    0.243685
    0.389676    0.286969
   0.0864592    0.120407
    0.685446    0.295282
     0.19445    0.115897
     0.11474    0.436576
    0.529133    0.133106
    0.116061    0.643625
    0.600834    0.211352
     0.81264   0.0329284
    0.426801    0.240595
    0.313512    0.190884
    0.195218   0.0370999
    0.537342    0.105078
   0.0416207    0.518818
     0.77826    0.217987
    0.707683    0.029349
     0.26878    0.377472
    0.173405    0.419425
    0.280267    0.441495
    0.209512    0.260672
    0.111907    0.826408
    0.560554    0.234613
    0.148769    0.357259
    0.543058    0.180742
    0.277215     0.15129
    0.263538    0.285597
   0.0314546    0.657179
    0.215666    0.691511
    0.217142    0.504466
    0.566805    0.286113
    0.295441    0.481378
    0.477669    0.181207
     0.45803    0.114837
   0.0599526      0.6233
    0.811457    0.161025
    0.644922    0.210569
    0.028878    0.352329
    0.410613    0.166048
    0.775517    0.108048
   0.0349325    0.109764
    0.810912  0.00443953
    0.615235    0.253044
   0.0891239    0.906015
    0.392779    0.435406
    0.138181    0.409297
   0.0563752    0.498643
    0.306075    0.206569
      0.1909    0.451649
    0.127272   0.0542764
     0.77665    0.160154
    0.716558     0.19511
    0.779565     0.14558
    0.242085    0.714348
   0.0549029     0.75297
    0.825373   0.0492611
   0.0683298    0.419081
    0.508257    0.274296
   0.0876797    0.632601
    0.126693    0.329066
     0.39449    0.201226
  0.00213913    0.952431
    0.503509    0.482465
    0.204576    0.306534
   0.0759498    0.488003
    0.133698   0.0599096
    0.901114   0.0305185
   0.0756854   0.0444958
    0.159832    0.293244
    0.441335    0.510001
    0.410903   0.0538508
   0.0703457    0.299919
    0.731958   0.0130166
    0.230275    0.230275
    0.233609    0.268707
    0.156574     0.54153
    0.499627    0.223013
    0.817993   0.0143627
    0.394632    0.573805
   0.0543097    0.782935
    0.791698   0.0639787
    0.289322     0.63704
    0.272598    0.552025
    0.112908    0.638114
    0.210911    0.776086
    0.680136   0.0460828
    0.486822   0.0151626
    0.161881    0.731359
   0.0529152    0.345722
    0.450952    0.147317
    0.047708    0.827825
    0.256942    0.429162
    0.074868    0.305735
    0.487661    0.121935
      0.6395   0.0730779
    0.219747    0.290161
    0.256751    0.220938
    0.297327    0.182564
     0.35701    0.268269
    0.204956    0.691224
    0.399315    0.289001
     0.24212    0.310053
   0.0536474    0.652069
    0.329418    0.529015
    0.146797    0.220044
    0.279667    0.371635
   0.0620948    0.628027
    0.250467    0.598254
    0.149317    0.566423
    0.132355      0.4878
    0.450953    0.164723
    0.507667    0.361589
    0.219049    0.554826
   0.0400983    0.932961
    0.717208    0.122858
    0.117501    0.835542
   0.0377357    0.223232
    0.145125    0.119614
    0.649443    0.181206
    0.522224   0.0153238
     0.54782    0.202417
   0.0168028    0.404947
   0.0486443    0.565112
    0.164046    0.122152
   0.0136459    0.346445
    0.301085    0.333483
    0.151227    0.676177
    0.498984    0.418084
    0.257548    0.610079
    0.593763    0.366432
    0.619151   0.0733182
    0.740884   0.0320087
   0.0289559    0.661101
    0.127547    0.689561
    0.451444    0.425995
    0.703825    0.192756
    0.642055    0.025202
    0.430548    0.228546
    0.833111    0.104954
   0.0370239    0.260024
    0.782712   0.0361988
    0.393263    0.564256
    0.453936    0.302995
    0.555503    0.340272
   0.0459957   0.0501558
   0.0315892    0.919024
   0.0310523    0.896441
    0.518782     0.16562
    0.428531    0.321333
    0.644328    0.217798
    0.528674    0.432108
    0.431746    0.363086
    0.616294   0.0503877
    0.133517    0.024421
    0.443832    0.483884
    0.636048    0.051405
   0.0364223    0.149333
    0.162769     0.66181
   0.0324412    0.239088
    0.352774   0.0665675
    0.199399    0.295982
    0.569061    0.203487
  0.00592387    0.562515
    0.185765    0.146668
   0.0439533    0.723825
     0.33422    0.227514
    0.171266    0.475455
   0.0308938    0.231617
     0.21488     0.48859
    0.730838    0.193635
    0.425903    0.144711
    0.155366    0.239005
   0.0435289    0.590215
    0.744932   0.0660184
    0.428113     0.28808
    0.764097    0.183349
     0.54247    0.293768
    0.350402    0.201234
    0.138381    0.762247
   0.0809582    0.663962
    0.207493    0.334981
   0.0286288    0.164994
   0.0581349   0.0740229
     0.89695   0.0303135
    0.479569    0.124204
    0.499689    0.272279
    0.190187    0.479973
   0.0887449     0.53582
    0.525498   0.0394582
    0.173441   0.0254836
    0.303505  0.00643532
    0.158427    0.690003
    0.126622    0.132602
    0.365391    0.120462
    0.599707    0.276617
    0.108078    0.475214
   0.0821199    0.189196
     0.18711    0.751601
    0.163598    0.598343
    0.655145   0.0295994
    0.477558    0.322264
    0.291917     0.24222
   0.0152375   0.0958323
    0.654271    0.339403
    0.339222    0.309635
   0.0318446    0.211623
    0.254445    0.452047
    0.446925    0.475989
   0.0559109     0.69461
    0.685371   0.0311747
   0.0464528    0.731933
    0.404082    0.405156
    0.460316     0.53374
    0.565858     0.36745
    0.262693   0.0834057
     0.19964     0.34119
     0.37408    0.170765
    0.040961    0.431749
    0.401443   0.0504059
    0.828704   0.0221862
    0.116652    0.562804
   0.0495479    0.752025
     0.71691    0.106539
    0.605651    0.177591
    0.222971    0.470355
    0.254561    0.413421
    0.369699    0.529412
    0.824122   0.0247454
    0.104726    0.132861
   0.0120119    0.883496
   0.0827373    0.566014
  0.00389584    0.477385
    0.414666     0.29363
    0.042155    0.498301
   0.0505051    0.838462
   0.0259063     0.40678
    0.244744    0.406306
    0.218937    0.680191
   0.0234167    0.564576
    0.168409    0.452016
   0.0265164    0.661625
   0.0701664    0.286266
    0.265104    0.605231
    0.115326    0.286218
    0.533733    0.456805
     0.51991    0.132747
    0.085656    0.620953
    0.636113    0.145602
      0.1302    0.275158
    0.579063    0.316505
    0.497323    0.499836
    0.250026    0.182229
     0.72031     0.25403
    0.514502    0.230588
    0.513723    0.144781
    0.331435    0.422429
    0.231763    0.234891
    0.812166   0.0690889
    0.177409    0.710916
    0.364998    0.515178
    0.600346  0.00800185
    0.512962    0.352283
    0.181721    0.189701
    0.301097    0.529596
   0.0773319    0.718013
    0.353989    0.499519
    0.421743    0.233914
    0.398313    0.442906
   0.0845647     0.27826
    0.276335    0.361652
     0.72101   0.0194502
    0.900103   0.0282948
    0.449706    0.203381
    0.228962    0.170792
    0.491429    0.448485
    0.308233    0.478488
   0.0518027    0.648721
   0.0616189    0.628092
    0.348796    0.216828
    0.234784    0.017141
   0.0881516    0.563132
    0.551259  0.00249373
   0.0879612    0.364651
       0.688    0.219419
    0.223876    0.679237
   0.0717312    0.586826
    0.208614    0.175901
    0.364444    0.215855
    0.125677    0.258252
    0.434314    0.514845
  0.000689507    0.588536
    0.470945    0.177005
   0.0849396    0.579505
    0.743033    0.151407
    0.298274   0.0946921
    0.509791   0.0601475
    0.100213     0.28815
   0.0623465    0.856857
    0.195072    0.577601
    0.735116   0.0877354
    0.568463    0.152324
    0.102283   0.0709847
   0.0394895    0.699444
    0.451313    0.218396
    0.576848   0.0883133
    0.282043    0.305011
    0.686154    0.197531
    0.104695    0.609167
    0.268432    0.541975
   0.0321902   0.0209098
    0.431098    0.466064
    0.138998     0.14607
  0.00171597    0.840288
    0.277626   0.0536315
     0.61589    0.261372
    0.113993     0.88358
    0.335369    0.555046
    0.658065   0.0919187
    0.122316    0.764904
    0.254125   0.0729364
    0.157943    0.547565
   0.0683391    0.575733
    0.647889   0.0781666
    0.253361    0.236423
    0.560381    0.315973
    0.449337  0.00191497
    0.815144    0.130014
    0.141613   0.0848332
    0.209212    0.218447
     0.55502    0.214075
   0.0468027    0.612244
   0.0131117    0.368746
    0.518296  0.000979178
    0.542953    0.416764
    0.447747    0.279255
    0.568954    0.410724
   0.0394073    0.318176
    0.424005    0.246105
    0.279981    0.645277
    0.169879    0.162282
    0.468861    0.145839
    0.119207    0.507321
    0.455478    0.215055
    0.565025    0.369598
    0.826323   0.0175823
    0.493812    0.501284
   0.0786266    0.477566
    0.448394     0.15491
    0.422408    0.409711
   0.0190342    0.908025
    0.168368    0.755445
    0.231242    0.478866
    0.307858    0.168697
    0.710435    0.282792
    0.111722    0.704227
    0.061916    0.621402
   0.0954528    0.275953
   0.0641028     0.37505
     0.54242    0.454233
    0.291868    0.418322
    0.261271     0.17931
    0.329041    0.187981
    0.389315    0.209527
    0.478319    0.102858
    0.263903    0.421345
    0.552754    0.140095
    0.419309    0.318634
    0.284124    0.269135
    0.357006    0.200453
     0.97989   0.0113407
    0.397292    0.282887
