    0.218418    0.956318
    0.829509    0.561695
    0.415307   0.0661187
    0.257578    0.109957
    0.043829    0.633966
   0.0617272    0.449539
    0.401306    0.754673
    0.797287  0.00183837
    0.897504    0.350752
   0.0945448   0.0136169
    0.859097    0.840847
    0.123104  0.00751236
    0.260303    0.912484
    0.113664    0.351629
    0.822887    0.267132
    0.692066    0.561662
    0.861216    0.453794
    0.911977    0.597917
    0.188955    0.761492
    0.396988    0.185314
    0.574366    0.367027
    0.617205    0.361529
     0.21293    0.714471
    0.117707    0.299329
    0.825003     0.82466
   0.0618618    0.710781
   0.0882833    0.777994
    0.745303    0.308675
    0.899373    0.763537
    0.761731     0.40697
    0.938749    0.562088
     0.01782    0.501103
   0.0419093    0.368851
    0.271724    0.858573
   0.0290366   0.0174423
    0.152384    0.114319
    0.353907    0.119308
    0.206653    0.212924
    0.612948    0.809519
     0.58709    0.215492
    0.768056    0.723297
    0.448019    0.855176
    0.945017    0.909057
    0.519726   0.0301946
    0.481067    0.292313
     0.90264    0.667842
    0.412278    0.156948
    0.833282    0.964404
     0.74079    0.456099
    0.653561    0.406827
    0.540539    0.832281
    0.145756    0.717128
    0.775651    0.362262
    0.531111    0.379977
    0.269285    0.877418
    0.761285    0.913675
    0.135794    0.291195
    0.118211    0.771781
    0.320633    0.877413
    0.679476    0.949176
    0.793361   0.0213662
    0.102278    0.991406
     0.56326    0.704528
    0.994146    0.604334
   0.0461452    0.562029
   0.0215154    0.609135
    0.728789    0.748407
    0.469634    0.135194
    0.202348     0.86012
   0.0406244    0.773973
    0.155941    0.895727
    0.487127    0.148682
    0.893345    0.445207
    0.599347    0.228689
      0.5723    0.639618
   0.0659845  0.00211991
    0.629405    0.412842
    0.628397    0.469879
    0.258509    0.754493
    0.768513    0.403978
    0.660236    0.584298
    0.304735    0.684345
      0.7808    0.910878
    0.131231    0.595555
    0.490323    0.854159
     0.84858    0.083143
    0.383972    0.411112
    0.565026    0.394392
    0.538036    0.775243
    0.509806    0.305324
    0.584076    0.559778
    0.195029    0.856103
    0.529502    0.344293
    0.530101    0.406241
    0.692814    0.121905
    0.858971    0.722382
    0.079996    0.492085
    0.466644    0.878359
    0.584231    0.173778
    0.684731    0.278111
    0.214915   0.0688213
    0.679375    0.261012
    0.829383    0.442158
    0.351522   0.0327619
     0.62885   0.0867208
    0.516988   0.0110025
    0.919105     0.39691
    0.871228    0.722048
    0.455404    0.966804
    0.078531     0.87075
    0.688186    0.337421
   0.0363072     0.21431
    0.908339     0.45591
    0.474342    0.258065
    0.302162    0.434341
    0.971341    0.335417
    0.358697     0.61584
    0.424428    0.366481
    0.438869   0.0781727
    0.849352   0.0655086
  0.00386793  0.00835881
     0.48656    0.622276
    0.598399     0.29053
    0.944417    0.824733
    0.290477   0.0389144
   0.0341828    0.510304
    0.677301    0.397581
    0.151405     0.66225
    0.428705    0.236546
    0.628882    0.621841
    0.281714    0.769302
    0.663225    0.824001
    0.986634    0.350637
    0.151555    0.179257
    0.770598    0.441796
    0.263209    0.761996
    0.869792    0.600145
    0.629358    0.623897
    0.830126     0.91977
     0.57331    0.620359
    0.368776    0.024396
   0.0235872    0.430812
    0.652667    0.373921
    0.493998    0.618198
   0.0550569    0.341973
    0.532633    0.969348
    0.825221    0.485053
    0.285376    0.319971
    0.754984   0.0149317
    0.956749   0.0756784
    0.927452    0.692547
    0.629162    0.328612
    0.975966    0.054465
    0.393914    0.507814
    0.822332    0.935784
    0.713415    0.358431
    0.143524    0.207696
    0.749955    0.490183
    0.502491    0.373999
     0.79593    0.192331
    0.511615    0.708718
    0.428111    0.267912
    0.791217    0.988433
     0.60108    0.352597
   0.0925785    0.967258
    0.704005    0.215409
    0.377365    0.379108
    0.671502    0.937284
      0.9363    0.394361
   0.0207367     0.52206
    0.264825    0.907554
    0.267984   0.0144396
    0.687031    0.934913
   0.0749657     0.94795
    0.193285    0.542296
    0.376332  0.00911556
    0.205279    0.128703
    0.119157    0.665071
    0.842376    0.806986
   0.0137775    0.557809
   0.0955683    0.217119
    0.121953    0.657409
   0.0759909    0.179361
    0.519893    0.847437
    0.875589   0.0289328
    0.273328    0.824758
    0.712662    0.713358
    0.407683     0.93302
    0.273156    0.931929
    0.926182    0.340536
    0.394021    0.310125
     0.26495   0.0186158
    0.876345    0.727233
    0.597666     0.97123
    0.469008    0.621594
    0.125419    0.916918
    0.634004    0.708991
   0.0192318    0.228268
    0.496534    0.246123
    0.583425    0.628399
    0.499431    0.945197
     0.92019    0.631411
    0.133067    0.450123
    0.224769    0.697906
    0.707573    0.181175
   0.0147229    0.447452
    0.320702   0.0346121
    0.725293     0.99651
    0.343217    0.452323
     0.18861    0.961315
    0.821431    0.791798
    0.751046     0.83801
    0.431503     0.26714
    0.819206    0.393031
    0.669675    0.225187
    0.715749    0.589899
    0.428745    0.918818
    0.567101    0.271409
    0.565615    0.285991
    0.649252    0.985464
    0.697191    0.694112
    0.939451    0.356364
    0.412249    0.676809
    0.121517    0.333493
   0.0138465    0.718851
    0.726439    0.266667
    0.869023    0.677079
    0.671283    0.248176
    0.100641    0.469243
    0.566702    0.562128
    0.692124    0.533854
    0.485259    0.746917
    0.431365    0.944148
     0.29908    0.643718
    0.972118    0.384847
      0.1259    0.995092
    0.518943    0.876823
      0.7605    0.718776
    0.475723    0.475819
   0.0936941    0.716797
    0.204606    0.818528
    0.994613     0.45657
    0.566678    0.159814
    0.992125    0.642267
    0.575227    0.847078
    0.834391    0.615652
     0.25831    0.411976
    0.083802    0.460554
    0.527293    0.221476
    0.339601    0.681473
    0.522061    0.284688
    0.750461    0.994292
   0.0684745     0.85028
    0.653327    0.474202
    0.906601    0.247563
    0.792866    0.704605
    0.287868    0.195328
     0.87272    0.804786
   0.0441613    0.219512
    0.344983    0.122699
    0.203408    0.674972
    0.246263    0.944672
    0.105233    0.647559
    0.524598    0.926786
    0.493763    0.681957
    0.650661    0.667596
    0.283383     0.81836
    0.178294    0.583506
    0.991486    0.909841
    0.701742    0.179066
    0.570083    0.378713
   0.0227511    0.377047
    0.035725    0.430488
    0.204003     0.68658
    0.357923    0.606904
    0.233741    0.489165
    0.400137    0.105517
    0.422552    0.833749
    0.823542    0.277652
    0.497778    0.153587
    0.340662     0.50898
    0.424304    0.269194
    0.337016    0.230747
     0.16295    0.699529
    0.977993     0.13324
    0.356328    0.809329
    0.400223    0.554311
     0.30328    0.224178
    0.760014     0.55034
    0.565473    0.911807
    0.740455    0.821739
    0.969121   0.0232723
    0.137564   0.0427232
   0.0483344    0.357023
    0.488683    0.293772
    0.421465     0.56435
   0.0347061    0.305445
    0.607474    0.813374
    0.372608     0.42661
   0.0399938    0.176489
    0.256999    0.374681
    0.268393     0.88445
    0.952077    0.553551
    0.536718    0.627252
    0.223921    0.447543
    0.861393    0.432048
    0.433415     0.40283
    0.368807    0.538784
    0.344713    0.590613
    0.432588      0.5006
    0.586519    0.625599
    0.438573   0.0982462
    0.223219    0.643391
    0.466275    0.682426
    0.537341   0.0859344
    0.300191      0.3082
    0.920037   0.0693243
    0.133513    0.958218
    0.765682    0.818463
    0.914582    0.373344
    0.787821    0.900259
    0.646129    0.493513
    0.465234    0.195015
    0.609682    0.930705
    0.355118    0.472047
    0.697004    0.543873
    0.875119    0.124495
    0.395748    0.339474
    0.545673    0.122753
    0.103472   0.0467591
    0.880737    0.544444
    0.468604    0.829824
    0.843642   0.0846848
     0.29762    0.103762
    0.923581    0.628049
    0.622047    0.749359
     0.48017    0.224541
    0.855253    0.232048
   0.0352415     0.30375
    0.127089    0.987725
    0.692586    0.295687
    0.612801    0.347625
      0.5343    0.982921
    0.947958    0.330027
    0.770531    0.312521
    0.544221    0.714451
    0.783607   0.0826911
    0.789404    0.509178
    0.761264    0.562075
    0.800662    0.722096
    0.261034     0.20364
    0.579187     0.39803
     0.68207    0.558143
    0.715011    0.190535
    0.321763    0.873232
    0.411194    0.940573
     0.21296    0.218255
     0.20513    0.613919
    0.133995   0.0517323
    0.464686    0.972726
    0.610108   0.0876377
    0.927015    0.337403
    0.731243  0.00286598
    0.168485    0.732417
    0.740194    0.447941
    0.550066    0.966542
    0.676738    0.941026
    0.831218    0.285073
    0.226202    0.780184
    0.557797    0.894337
     0.11751    0.997908
    0.845217    0.564783
    0.300762    0.908721
    0.877837    0.806402
    0.205192    0.667912
       0.591    0.931683
    0.795252    0.802123
    0.281649    0.680193
    0.996165     0.54297
    0.692925    0.994646
   0.0101444    0.497509
    0.635463    0.233256
    0.334503    0.996395
    0.406872    0.293545
    0.609029    0.956225
    0.280921    0.442631
    0.301415    0.881815
    0.669846   0.0936764
    0.419708   0.0301684
   0.0404972    0.635605
    0.612238    0.875965
    0.346182    0.287473
    0.550701    0.632897
    0.108216    0.788908
    0.171113    0.900994
   0.0083099    0.664463
    0.629934    0.304145
    0.763373  0.00826524
    0.913883      0.6299
    0.731325    0.381121
    0.499128    0.852077
    0.863027    0.889519
    0.138616    0.711636
    0.468838     0.75528
    0.988965    0.534928
    0.526989    0.101496
    0.844749    0.702115
    0.440358   0.0890419
    0.526602    0.594543
    0.486158    0.858767
    0.299575    0.949116
     0.79366   0.0419978
    0.856448    0.316805
    0.540189    0.952862
    0.750093    0.819725
    0.119746    0.564966
    0.383647    0.958849
    0.370303    0.679868
    0.547681    0.880998
    0.935773    0.532305
    0.442475    0.680763
    0.584993    0.983314
    0.555652    0.843028
    0.765586    0.197802
    0.464026     0.89004
    0.894452    0.059037
    0.234702    0.635521
    0.196259    0.533183
     0.20887    0.471004
     0.17104     0.66107
    0.608072    0.868873
    0.148184    0.523489
    0.278442    0.776763
   0.0556542     0.37962
    0.270514    0.530486
    0.882718    0.843258
    0.638128   0.0161401
    0.266686    0.185866
    0.852894    0.597146
    0.240117     0.64948
    0.812942    0.120945
    0.721326    0.327818
    0.641053    0.183364
    0.799324    0.232437
    0.561471    0.639914
   0.0263452    0.783783
   0.0382177    0.325105
   0.0362362   0.0211331
     0.18331    0.890909
    0.509829    0.696118
    0.660451    0.200332
    0.972067    0.522569
    0.818553    0.423114
    0.282008    0.713674
    0.713187     0.53114
    0.876677     0.31501
    0.369191    0.991907
    0.986397    0.380554
    0.977763    0.267467
    0.318177    0.605274
    0.836761    0.439529
    0.164867    0.912356
    0.964034    0.525048
    0.487067    0.128648
    0.178803     0.13675
    0.351703   0.0763351
    0.964668    0.173653
    0.590841    0.263658
    0.300199    0.436576
    0.534376    0.263424
    0.371627    0.939213
    0.353215    0.491303
    0.332532    0.872289
    0.555393    0.484836
     0.63288    0.818085
    0.551563    0.126214
    0.281954    0.794052
    0.628467    0.638967
    0.110226    0.566312
  0.00791982    0.108368
    0.345571   0.0149794
    0.758412    0.622856
     0.33621     0.68421
    0.510058    0.537026
    0.803049    0.846279
     0.40406   0.0358377
    0.323631    0.274191
    0.324782    0.614284
    0.272263      0.9282
    0.252515   0.0230946
    0.151014     0.09123
    0.301779  0.00803107
    0.978119     0.24931
    0.148873    0.109529
    0.846942    0.561661
    0.831202  0.00637625
    0.165566    0.674661
   0.0265992   0.0530125
    0.980885    0.739125
    0.472649    0.819771
    0.886738    0.399742
    0.460828    0.130427
   0.0923365    0.899088
    0.967115    0.302116
    0.662841      0.3708
   0.0295713  0.00464211
   0.0198777   0.0847176
    0.849348    0.991675
   0.0763746    0.627749
    0.581216    0.496159
    0.937435    0.471621
    0.534679    0.342441
    0.397696   0.0803154
    0.860129    0.183229
     0.52401   0.0405164
    0.959781   0.0389602
    0.804016   0.0932968
   0.0392134    0.059158
    0.267946    0.363654
    0.925334   0.0855561
    0.940546    0.753857
   0.0800643    0.641324
     0.73853    0.475081
    0.686903    0.780454
     0.08957    0.403645
   0.0676689    0.311647
    0.853601    0.473075
     0.96829    0.055512
    0.989376    0.446175
     0.86464   0.0045775
    0.934047    0.531991
    0.166947    0.872372
    0.949856    0.230238
    0.611162     0.80534
    0.354089    0.179238
    0.456448     0.51498
    0.265577    0.545701
    0.592883    0.578405
    0.258463    0.994162
    0.872395    0.346927
     0.79992    0.247184
    0.419783    0.299879
   0.0735566    0.265051
     0.71639    0.368727
    0.189776    0.570784
    0.168042    0.285298
   0.0101891    0.248449
    0.686236    0.563921
    0.814661   0.0128245
      0.5408    0.224471
    0.678613    0.446365
   0.0642867    0.466966
    0.302315  0.00677479
    0.863851    0.737559
    0.153258    0.813571
    0.681464    0.367295
    0.124927    0.655214
    0.187933    0.596355
     0.93237    0.346042
    0.924426    0.820176
    0.695546    0.039284
    0.245847    0.948149
    0.531842    0.668887
    0.983463   0.0650912
     0.98788    0.300489
    0.317452    0.418263
    0.744585    0.233151
    0.562989    0.154973
    0.630982    0.918884
    0.679307    0.106482
    0.637952   0.0562386
    0.201361    0.275433
    0.207602    0.159026
    0.751685    0.563806
    0.892482    0.937443
    0.606853     0.37612
    0.446803    0.413326
    0.765411    0.255909
   0.0671522    0.627453
    0.603113     0.51833
    0.571357    0.799509
    0.343512    0.410711
     0.82275    0.957586
    0.153861    0.942293
    0.124585    0.907568
     0.49401    0.825761
    0.568736    0.750722
    0.392782    0.489251
    0.841801     0.15532
    0.456532     0.93995
    0.745277    0.873529
    0.398352    0.107623
    0.814396     0.54857
     0.80799    0.881427
    0.139562    0.620939
    0.116895    0.653342
    0.721437    0.185329
    0.819691    0.550534
    0.821634    0.208564
    0.334754    0.209126
    0.778247    0.992744
   0.0501403    0.708176
    0.317983    0.336379
    0.528023    0.475371
    0.553715    0.290935
    0.747966   0.0708817
    0.308719    0.643747
    0.454105     0.13953
    0.079667    0.963467
    0.989259    0.478313
  0.00318929    0.602365
    0.944876    0.537816
   0.0691363    0.974071
    0.205447    0.941955
    0.429407   0.0429762
    0.301497    0.252612
    0.644977    0.121464
    0.448964    0.744568
    0.960942     0.54718
    0.446262    0.320744
    0.741599   0.0598469
    0.847685   0.0442344
    0.447947    0.647747
    0.689676    0.386765
    0.353323    0.299108
    0.114678    0.390057
    0.690716    0.856238
    0.796371     0.60694
    0.833648    0.123702
   0.0592941    0.555429
   0.0968343      0.4933
    0.887465    0.615929
    0.925878    0.233447
    0.541906    0.812732
    0.580014     0.29061
    0.278266    0.809966
    0.105538    0.780898
    0.554455     0.72443
    0.491242    0.311277
    0.637852    0.372505
    0.687771    0.368838
   0.0528201    0.746638
    0.748175    0.573252
    0.652753    0.825877
    0.515992    0.273177
    0.286182    0.852624
   0.0598402    0.733592
    0.486359     0.23356
    0.446124  0.00888914
    0.399746    0.536908
    0.809266    0.331674
     0.43702     0.99743
    0.804366    0.983555
    0.614712    0.469932
    0.154284    0.043573
    0.331271    0.663478
   0.0671611    0.776929
    0.843329    0.824379
    0.330227    0.120976
    0.245012    0.915836
    0.459977    0.839641
    0.853481    0.448471
    0.457876    0.514713
    0.786749    0.889529
    0.312729    0.032809
    0.420441    0.344765
    0.461696    0.719946
    0.128566    0.804852
     0.15189    0.814971
    0.211075    0.545071
   0.0126566    0.720286
    0.847153   0.0989683
    0.359922    0.210665
    0.641642   0.0812558
    0.666921    0.949337
    0.503562     0.37356
    0.424907     0.40424
   0.0626703     0.30012
    0.121339    0.346003
    0.277819    0.299657
    0.339431    0.824035
    0.549459    0.759133
    0.752695    0.544844
    0.193709    0.672721
     0.42974    0.639245
    0.791522    0.105063
    0.797759    0.932877
    0.872026    0.138526
    0.213333    0.480062
    0.405583    0.631759
    0.976696    0.323481
    0.739034    0.946758
    0.160292   0.0282799
    0.300821    0.898084
   0.0957873    0.897602
  0.00296933    0.905462
   0.0975802   0.0297971
     0.79957     0.37797
    0.549397    0.711816
    0.497423    0.196233
   0.0917055    0.293778
    0.530385    0.175748
    0.793975    0.339331
    0.129117   0.0683699
   0.0925321    0.186875
    0.808074    0.297522
    0.455411   0.0923314
    0.813115   0.0245123
    0.977652    0.391142
    0.922697    0.762909
    0.219533    0.690963
   0.0136995    0.247886
    0.221353    0.287527
    0.473422    0.806582
    0.220098    0.180811
    0.895637    0.970103
    0.521517    0.135717
    0.996886    0.661883
    0.274807    0.679116
    0.897224    0.647159
    0.804635    0.504215
    0.340362    0.460533
    0.184835     0.52248
    0.317518    0.527651
    0.226054    0.287572
    0.219189    0.910876
   0.0956443    0.493232
    0.752923    0.372009
    0.355951    0.475723
    0.472102    0.613245
    0.804269    0.345794
     0.75409    0.988999
    0.110377    0.105938
    0.494021   0.0129993
     0.47878    0.852451
    0.138538    0.412639
    0.221375    0.650718
    0.616019    0.427164
     0.33812    0.777231
    0.915638    0.122563
    0.917568    0.564726
    0.355415    0.459291
    0.310969    0.456967
    0.250585    0.587795
   0.0718071    0.862532
    0.582391    0.247222
   0.0657093     0.37661
    0.692008    0.577739
   0.0620282    0.508293
    0.876042    0.633597
    0.859009    0.359386
    0.203649    0.720469
    0.918181    0.869347
    0.110325    0.229181
    0.841767    0.571175
    0.739101   0.0699123
   0.0167307    0.192463
    0.722603    0.791558
    0.709658    0.223431
    0.199622   0.0533671
    0.940384   0.0294356
    0.723709    0.383826
    0.958406      0.9376
    0.242469    0.173193
     0.85071    0.890402
    0.993049    0.170456
    0.859153     0.78837
    0.140039     0.63266
    0.114475    0.976383
   0.0644344    0.949225
    0.616429    0.324394
   0.0915923     0.39118
    0.562549    0.766317
    0.488254   0.0911484
    0.931961    0.475124
    0.400997     0.55132
   0.0303778    0.558982
    0.815945    0.585726
    0.298474    0.447571
    0.330952    0.304723
    0.485931   0.0347953
     0.80475    0.433086
    0.880552    0.437031
    0.179049    0.270278
    0.560662   0.0496737
    0.866444    0.321161
    0.760937   0.0658902
    0.415871    0.550504
    0.326139    0.419659
      0.2062    0.610624
    0.751679    0.467698
    0.608443    0.104087
    0.383233    0.994444
    0.627995    0.705439
    0.306687    0.496046
   0.0383901    0.221941
    0.170064     0.26388
   0.0258399     0.29063
    0.625138    0.696275
    0.289023    0.613395
    0.331184    0.214527
    0.555678    0.274394
    0.733855    0.896346
    0.883348    0.421864
    0.267925   0.0171489
    0.221302    0.415521
    0.664605   0.0171881
    0.881049    0.787986
    0.682055    0.306009
   0.0936282    0.609475
    0.449113    0.243912
    0.422047    0.351217
    0.907241  0.00524417
    0.138794     0.71099
    0.616152    0.672142
    0.689573    0.652692
     0.78868     0.33908
    0.922248    0.218798
    0.341719    0.274713
   0.0987839    0.260891
     0.79808    0.335397
   0.0125677    0.225622
   0.0234489    0.105746
    0.275028    0.389198
    0.254156     0.59454
    0.441023    0.280343
    0.723681    0.913805
    0.325002     0.30437
    0.550146    0.303983
   0.0378163    0.578931
   0.0936125    0.345507
    0.942595    0.187605
   0.0703979    0.177834
    0.851805    0.284428
    0.389623    0.401814
    0.294158    0.914072
    0.814176    0.853498
    0.740536    0.185053
    0.194127    0.692372
    0.697295    0.431644
    0.643797    0.293945
    0.328038    0.331186
    0.250474    0.708739
    0.769638    0.313911
    0.896267     0.56289
    0.497786     0.29357
   0.0255409    0.265773
    0.840563    0.344002
    0.641023    0.670753
    0.337276    0.595043
     0.89513    0.451397
    0.637559     0.45551
    0.756992    0.769115
    0.520938    0.402062
    0.449772    0.322669
    0.105734   0.0659462
    0.357188    0.257973
    0.756266    0.564276
     0.78568    0.926759
   0.0428941     0.92152
    0.983655    0.292146
   0.0956029    0.798595
    0.984998    0.866032
    0.404842    0.186799
     0.53056    0.121288
    0.487458    0.713997
    0.151418     0.87861
    0.790858    0.945678
   0.0117791    0.972119
     0.40842    0.317718
    0.878323     0.97314
    0.571742    0.265569
     0.41716     0.21625
    0.516594    0.388697
    0.825054    0.686719
     0.68615     0.12581
    0.483014   0.0236605
    0.661759    0.179062
    0.490207    0.904047
    0.314833    0.393801
      0.6133    0.733032
   0.0666504     0.19328
    0.458805    0.131208
    0.211538    0.325672
    0.567815    0.262557
    0.793105    0.713576
   0.0729285    0.709964
    0.357646    0.961711
    0.478807    0.306677
    0.328687    0.234328
    0.357732    0.395643
    0.569275    0.802599
    0.288557    0.782033
    0.621932    0.816136
     0.80497    0.131484
    0.851566    0.265666
   0.0507898     0.62492
   0.0379167    0.265334
    0.461588    0.913518
    0.497071     0.27362
     0.73899    0.210602
    0.584402   0.0360689
    0.210762    0.278966
    0.575762    0.833957
    0.308836    0.606232
    0.949095    0.440886
    0.976197     0.94655
    0.662108   0.0569624
    0.367538    0.214018
    0.992612    0.834253
    0.282681   0.0275044
    0.265878    0.607327
    0.341986    0.764482
    0.644784    0.877285
    0.536561    0.982017
    0.766907    0.404695
    0.703304    0.433475
    0.418028    0.792996
    0.883153    0.146575
    0.492814    0.723442
    0.892992    0.523268
    0.558882     0.12757
   0.0702278    0.317922
    0.313262    0.987592
    0.458416    0.597919
     0.22829    0.870415
   0.0693378    0.360877
    0.262501    0.855897
   0.0634459    0.335596
    0.356666    0.480966
    0.599148    0.886015
    0.256833    0.584088
     0.76004    0.983952
    0.285088    0.469078
    0.792364    0.257761
    0.183881    0.483189
    0.958338    0.780792
    0.773541    0.906124
    0.233361   0.0978077
    0.854677    0.552778
    0.544218     0.66592
    0.117783    0.574088
    0.699936    0.819539
    0.995349     0.83841
    0.160552    0.405083
    0.230387    0.107258
    0.678264    0.581918
    0.300413   0.0425444
   0.0441122    0.393204
     0.58531    0.312782
    0.922479    0.110046
    0.535371    0.974092
    0.568426    0.533031
    0.648645    0.777445
      0.5132    0.360714
    0.527232    0.188168
    0.536971    0.866389
    0.403794      0.5591
    0.788049    0.740658
    0.238771   0.0251136
   0.0849693   0.0784127
    0.882414    0.723881
    0.271686    0.218391
    0.501042   0.0132974
    0.488893    0.819833
    0.930384    0.963791
    0.430542    0.125519
    0.603445    0.106585
    0.366687     0.91211
    0.838559    0.668473
   0.0316046    0.177857
    0.248782    0.275656
    0.958381    0.512456
    0.846741     0.18088
   0.0582441    0.908532
    0.692129    0.612814
    0.570004   0.0490125
    0.752546   0.0328065
    0.378311    0.276851
   0.0382463    0.806286
    0.242527    0.147552
    0.910721      0.4862
    0.558523   0.0932124
    0.620974    0.701955
    0.760695    0.997297
    0.575941    0.834524
    0.844508    0.641919
    0.740473    0.137572
    0.176562    0.476049
    0.963638    0.864589
    0.146299    0.842511
   0.0743321    0.300229
    0.953281    0.790687
   0.0824009    0.911987
    0.764994    0.257656
     0.42391    0.660005
    0.700298    0.915076
    0.675494   0.0211805
    0.981201   0.0368725
    0.716821    0.618418
