    0.842218       1.753
    -1.14435      1.3297
   -0.831813     1.48175
   -0.128152     1.40336
    0.274134     1.96284
    0.684067    0.833935
    0.556643     1.36817
    0.920619     1.29457
     1.23054     1.39741
   -0.396311     1.91057
     1.13329     1.36231
    0.122331     1.43538
    0.191435     1.18065
    -0.48912     1.17637
   -0.801847     1.61459
     1.11422     1.10863
   -0.917858     1.29035
    0.346426     1.41492
     1.10268     1.47373
    0.873671     0.90205
   -0.842993     1.35063
   -0.892814     1.52612
    0.850309     1.24952
    0.943573    0.955722
    0.684904     1.70428
    -1.19208     1.59507
    0.962359     1.37008
    0.339228     1.39381
   -0.543055    0.991376
    0.716871     1.84062
   -0.514154      1.6875
   -0.116614     1.27774
   -0.777245     1.23612
    0.114413     1.45748
    -1.03827     1.39158
   -0.287772     1.93107
    0.925609     1.71818
   -0.581828     1.35815
     0.17185     1.01621
      0.7678     1.40594
   -0.148332     1.33134
    0.410816     1.88518
   -0.238098     1.32184
    0.226091    0.996093
    0.771233     1.57044
   -0.633774     1.84474
    0.630385    0.909677
    0.618312     1.86052
   -0.607513     1.10036
   -0.782607      1.4193
    0.932904     1.12191
   -0.323769    0.960479
    0.771502     1.01026
   -0.491495     1.06983
   -0.431436     1.08228
     0.52165     1.65018
    -1.09308     1.52718
   -0.733793     1.69779
   -0.402192    0.937856
    0.247338     1.61625
   -0.715937    0.879852
   -0.117651     1.27965
    0.807527    0.844842
  0.00700683       1.724
    0.734845    0.829443
    0.260594     1.21251
    0.569873     1.49497
   -0.995218     1.59745
     1.29143     1.39964
    0.720772    0.753184
    0.706927     1.14902
      1.0698     1.52637
    0.412745     1.72268
     1.00565     1.45902
    0.670394     1.33177
    0.859199     1.74953
   -0.230242     1.32908
   -0.899931     1.72798
    -0.25379     1.92721
    0.621614     1.27875
   -0.595655     1.35176
   -0.469595     1.30761
    0.116951     1.33461
   -0.538687    0.875022
    -1.21683     1.46573
    -1.06011     1.43452
  -0.0420654      1.6707
     1.33889     1.45638
   0.0550981     1.55048
     0.55145     1.60021
   -0.687683    0.950447
   -0.493606     1.87273
    0.243652     1.68601
    0.915805      1.5127
   -0.508741      0.8938
   -0.859114    0.972998
   -0.573873     1.46979
    0.098426     1.31479
   -0.386622      1.6127
    0.257323     1.67898
  -0.0913855     1.57796
    -0.96612     1.70358
      1.0333     1.64099
    -0.55947     1.60662
   -0.489853     1.07668
    0.337626     1.49545
  -0.0556844     1.29275
    0.339491     1.72582
    0.635753      1.6488
   -0.687857     1.03459
   -0.402082    0.939414
   -0.918496     1.22422
    0.764831     1.17352
    0.344047    0.992707
     1.01389     1.46557
   -0.816093     1.82305
    0.403837     1.36622
   -0.849988     1.27847
   -0.340976     1.20398
    -1.26872     1.50808
   -0.817588     1.67208
     1.26204     1.33516
     1.06293     1.45716
    -1.29917     1.35136
   -0.141456     1.50814
   -0.416224       1.276
    -1.29446     1.33492
   -0.232279     1.45779
     1.14165     1.30601
   -0.118391     1.28901
     1.21834     1.28953
   -0.274251     1.64149
     -0.5233     1.41859
   -0.726459     1.79686
   0.0878416     1.64122
    0.736508     1.12773
    0.748283     1.46182
   -0.723576     1.15517
     1.14113      1.2828
   -0.818939     1.81266
    0.912985     1.50268
    -1.01365     1.43347
   0.0508125      1.9534
    0.760864     1.22073
   -0.858917     1.22434
    0.159618     1.73348
   -0.174771     1.15499
     0.59187     1.28459
   -0.109716     1.01464
   -0.376278     1.73637
     1.13113     1.37835
    0.950645    0.946718
   -0.372421     1.86236
    0.247493     1.72336
   -0.337728     1.70288
   0.0700835     1.31895
    0.428454     1.05752
   -0.595322     1.43294
   -0.663679     1.50321
    0.255543     1.61898
   -0.426751     1.70125
   -0.203576     1.60004
    0.481579     1.49126
   -0.503766     1.72829
   -0.638362     1.37353
    -1.16798     1.57107
     0.76033     1.14854
   -0.246067     1.69429
    0.041535     1.97854
   -0.767511     1.25119
   -0.604953     1.00585
     1.22439     1.57675
    0.298785     1.57085
    0.275973     1.88529
   -0.174168      1.8031
    0.303375     1.75051
  -0.0839642     1.55567
   -0.644303     1.41857
  -0.0108641      1.1318
    0.543888     1.68955
   -0.159898     1.26026
   -0.163477     1.85172
    0.929826     1.76614
   -0.808925     1.30971
   -0.066567     1.64183
    0.301225     1.17843
  -0.0826553     1.99237
    0.260727      1.6908
   -0.483035     1.57872
     1.06163     1.55376
   -0.990698     1.58798
   -0.568006     1.58881
    0.822299     1.04821
    0.027248     1.49505
   0.0650314     1.11677
   -0.856337     1.28388
   -0.202636     1.59399
    0.638759      1.1209
   -0.398434     1.36384
    0.605113     1.63654
    0.701657     1.44009
    0.859095     1.05642
    -0.49107       1.735
    0.742118      1.8526
   -0.537257    0.957485
    0.181762     1.87558
     0.40713     1.67159
     1.04877     1.15008
   -0.376549     1.89156
    0.803785      1.0472
  -0.0383661      1.8377
     1.23285     1.26249
   -0.828551     1.08495
     0.21014      1.2417
    -1.03769     1.59416
   -0.621124     1.74028
   0.0806014     1.06113
   -0.856023    0.962165
    0.883051     1.12034
   -0.637356    0.980752
   -0.362439     1.21608
    0.448878      1.6803
    0.883077    0.979267
    0.859316     1.75943
   -0.680671    0.923247
    0.128567      1.7106
   0.0739004      1.6026
    0.731347     1.80152
    0.490126     1.49702
    0.189648     1.73491
    -1.15115     1.27547
    0.452498     1.67273
    0.306972     1.32511
   -0.325593     1.83005
    0.153776     1.22932
    0.354514     1.62014
    0.202542     1.98329
     1.19632     1.51603
    -0.91005     1.50898
    0.787239    0.957838
     1.16331     1.16488
     1.02546     1.04143
   0.0277957     1.03319
   -0.270223     1.43462
   -0.155879     1.04061
    0.497196     1.42978
   -0.810077    0.977643
   -0.844804     1.53168
    0.473104     1.36013
     1.11963     1.25185
    0.876712    0.965712
  -0.0163061     1.57074
   -0.399331     1.42862
    0.190268     1.13152
    0.791065     1.28136
   -0.461003     1.81348
    0.218821     1.85007
    0.551335     1.23652
   -0.308362     1.54863
   -0.222908     1.18789
    0.485592     1.33648
   -0.643845     1.45341
   -0.373673     1.46057
   -0.647972     1.17801
   -0.975137     1.02964
    0.309593     1.26348
    0.640743     1.03841
     0.85835     1.53682
   -0.807029     1.81182
    0.114789     1.17752
    0.530266     1.33709
   -0.730434     1.70131
   -0.806483     1.24509
   -0.246169     1.61318
   -0.270892     1.35516
    -0.24262      1.2703
   -0.888082      1.5784
   -0.989559     1.29298
   -0.179122     1.63228
   -0.352035     1.90039
    0.377337      1.7547
     1.27227     1.35888
     1.35283     1.44125
    0.118091     1.02756
   -0.275467     1.15621
    0.214909     1.04018
   0.0162856     1.06992
   -0.257326     1.41593
     1.01688     1.19666
    0.344521     1.32764
  -0.0683513     1.50324
    -1.09569     1.22169
   -0.508187    0.919709
   0.0405037     1.38372
    0.564623     1.58228
    0.527601     1.77813
   -0.559368     1.34348
     1.04823     1.08676
   -0.690872    0.801671
    0.769903    0.967842
