    0.400043   -0.323446
   -0.114725    0.122595
   0.0378578   0.0477728
    0.197557   0.0280061
    0.188991   -0.540758
    0.260563   -0.308073
    0.353553   -0.137174
   0.0126947   0.0239292
    0.150214   -0.163199
    0.184122   -0.323856
   -0.273569  -0.0385255
    0.344427   -0.375307
    0.143868   -0.386148
   -0.161778  -0.0555546
   -0.189556    0.271131
   0.0879247    0.140406
   0.0893476     -0.1556
    0.207002    0.128779
    -0.31363    0.599131
    0.146033   -0.391121
  -0.0392316  -0.00576711
    0.202942  -0.0224296
   0.0694274   -0.100846
   0.0225503    0.126966
   0.0711441      0.1193
   -0.155756   -0.215248
  -0.0957596    0.475814
   -0.409687    0.353189
    0.320535   -0.355212
   -0.227568    0.145867
  -0.0150884   -0.271666
    0.366424   -0.608528
   -0.355184    0.287682
   -0.307171   0.0386516
    0.100154   -0.481073
   -0.217927    0.049099
    0.372009   -0.489764
   0.0606237    0.172965
     0.14309    -0.35202
  0.00894464   -0.444554
    0.118212  -0.0377035
   -0.244589   -0.040159
  -0.0419243  -0.0445129
    0.288303  -0.0915578
    0.134308   -0.409786
  -0.0678141     0.47699
    0.101787   -0.246104
   -0.159964   0.0955584
   -0.343758    0.302526
   -0.217272  -0.0668351
    0.315199   -0.152316
   -0.090712   -0.202114
    0.185158   -0.530729
  -0.0342492   -0.305878
   0.0201935   -0.414848
   0.0962397    0.235195
    0.370469    -0.55066
   -0.276706    0.351913
   -0.321502    0.386644
   -0.213801   0.0898891
   -0.131934  -0.0150328
   -0.209056   0.0504551
   -0.369315    0.415892
    0.346683   -0.502528
   -0.279699     0.15683
   -0.101841  -0.0543129
   -0.123858    0.290117
  0.00454634    -0.23298
   -0.263819    0.237292
  -0.0386119  -0.0872979
    0.369319   -0.151548
    0.357562   -0.486243
     0.12127  -0.0896482
   0.0195316   -0.278574
   -0.101067    0.515136
   -0.216874    0.149209
   -0.440183     0.41767
   -0.319849    0.464295
   -0.275648    0.384239
    0.101374   -0.154525
    0.271307   -0.117345
   -0.113209  -0.0996047
    0.193676   -0.337151
    0.248727  -0.0482384
   -0.171207    0.202338
    -0.21748    0.214069
  -0.0795164   -0.144135
  -0.0330792   -0.371527
    -0.15484    0.234436
    0.166137   -0.412628
    0.214088   -0.572033
   -0.102487    -0.23556
    0.338341   -0.352035
  -0.0653525   0.0900152
   -0.361143    0.350694
   -0.320208    0.174927
   -0.281727    0.446519
     0.25084   -0.435474
    -0.30518    0.545725
    0.120769  -0.0973058
   0.0363513   -0.389213
   0.0993104  -0.0672097
   -0.353393    0.154445
   0.0620228   -0.322483
  -0.0761238    0.455855
   -0.242677    0.116552
  -0.0323498    0.350589
   -0.231462    0.228694
    0.320558   -0.188426
    0.220624     0.15987
  -0.0669838    0.333416
  -0.0128003   -0.419973
  -0.0631148   0.0759157
   -0.225148    0.586838
    0.315166   -0.120034
    0.258675   0.0915775
   -0.204545   0.0217136
  -0.0291429    0.186913
     -0.0287   -0.380753
    0.284713    -0.11007
  -0.0397043    0.190748
    0.111535     0.04154
    0.368255   -0.567017
    -0.23274    0.565582
   0.0660483   -0.343851
   -0.247017    0.601091
   -0.241023     0.38494
  -0.0322867   0.0840625
    0.108952   -0.437072
   -0.339916    0.246236
    0.355485   -0.376259
    0.178198  -0.0603026
   -0.145277    0.454436
   -0.389577    0.196525
  -0.0453133   -0.111403
   -0.112233    0.468583
  -0.00169329   0.0559308
  -0.0655791    0.116783
    0.236852   -0.124849
  -0.0341318    0.471279
    0.257379   -0.547147
   -0.231017    0.223329
   -0.358048    0.433787
   0.0844598   -0.417396
    0.336416   -0.352049
   -0.153133  -0.0305739
    0.347831   -0.211992
    0.266046   -0.243858
  0.000588074   -0.156482
    0.323124   -0.124727
   -0.224399    0.575753
  -0.00689376   -0.215789
   -0.324428    0.234502
   0.0326227   -0.357748
    0.126243   -0.391452
   -0.250301    0.507387
   -0.153353    0.194129
   -0.349668    0.119239
   0.0815206   -0.379008
    0.187624    0.141248
    0.347761   -0.627019
   -0.113552  -0.0245371
  -0.0717876   -0.259712
    0.294108     -0.4855
   -0.128945    0.140506
   -0.169421   0.0445556
   0.0106877    -0.33364
    0.200582    -0.59886
    0.321115   -0.487098
    0.220828   -0.248171
    0.042584    -0.27872
     0.37875   -0.511059
  -0.0705914      0.3236
  -0.0624862    0.424549
    0.144099   -0.127306
   -0.350849    0.101324
   0.0130273    -0.37353
   -0.252305    0.568555
   -0.244955   -0.126925
   0.0302311   -0.217045
  -0.0644738   0.0843066
    0.226654  -0.0403055
   0.0174243   -0.284409
   -0.110622    0.403189
    0.124918    0.137581
    0.188297   -0.329982
   0.0369747    0.221415
   -0.232015    0.234792
  -0.0606588     0.23069
    0.154677   -0.102494
    0.209999   -0.399591
   -0.151662    0.299426
    -0.23909  0.00259416
     0.15924   -0.532054
    0.135967  -0.0409631
    0.192331  -0.00682312
   -0.195483    0.410144
     0.19192  -0.0361773
    0.207208   -0.384934
    0.141873  -0.0187061
    -0.21965    0.293356
    0.328346   -0.274503
  -0.0640737   -0.137616
    0.269914   -0.386344
   -0.268666    0.308416
   -0.299609    0.468005
   -0.305758    0.151435
   -0.139753    0.128873
  -0.0625231   -0.236385
   -0.100416   0.0161339
    -0.31635    0.606057
    0.116033    0.306081
    0.333368    -0.60129
    0.273773   -0.597964
   -0.278165     0.15298
   -0.175134   -0.219162
   -0.357985    0.251931
    0.149734   -0.199521
   -0.282502    0.453754
   0.0426733    0.044107
   -0.225475   0.0183952
    0.113019   -0.177546
     0.18895    0.197074
   -0.129214   -0.235718
   -0.123676    0.518334
    0.190863  -0.0349104
    0.344722   -0.204422
   -0.102291   -0.140735
    0.408069   -0.256176
    0.139644   -0.347018
   0.0942129   -0.478719
    0.208308   -0.450059
   -0.262995  -0.0386112
   -0.102541    0.276361
   -0.363569    0.428621
   0.0471232    -0.23656
    0.271033   -0.364735
  -0.0478177      0.2512
  -0.0624465  -0.0888789
   -0.428245    0.322647
    0.227444    0.138168
  0.00811484  -0.0306392
    0.133079    -0.49409
   -0.313115  0.00446057
    0.405964   -0.368057
   -0.122052    0.497738
     0.15024   -0.180735
    0.293504   -0.457247
    0.416481   -0.462426
   -0.066193    0.425638
    0.398575   -0.384859
   -0.226868    0.517676
   -0.276502   0.0272397
    0.272579   -0.113826
  -0.0907391    0.332952
   -0.240513    0.269879
    0.232829   -0.188388
   -0.297339    0.593907
    0.143598    0.108039
    0.268496  -0.0339084
    0.250125   -0.331819
   -0.252375   0.0016032
     0.12032    -0.26084
    0.317106   -0.137282
   -0.281343     0.55249
    0.353873   -0.381332
   -0.303358    0.391673
    0.388985   -0.552063
    0.067602   -0.366262
    0.301986   -0.176328
    0.185943    0.180629
   -0.132921    0.121073
   -0.153071   -0.118592
   -0.304899    0.616122
    0.309088   -0.033853
     -0.3293   0.0427106
    0.121391   -0.217377
    -0.42235    0.538066
  0.00761067   -0.338486
    0.325694   -0.306098
  0.00978787   -0.351698
    -0.28213  -0.0162117
  -0.0412068    0.343047
    0.106506   -0.128044
  -0.0500991   -0.141583
  -0.0625445    0.363026
  -0.0331195   -0.314037
   0.0566813    0.261886
   0.0623101   -0.147447
   -0.181908    0.452106
    0.309814   -0.487693
   -0.103797    0.266276
   -0.104439  -0.0882163
    0.117777   -0.219352
   -0.291795    0.499319
    0.150643   -0.304896
  -0.0164103  -0.0542985
    0.194407  -0.0294012
    0.158415  -0.0508654
     -0.3228    0.135653
  -0.0665758    0.502444
     0.22685   -0.408954
   0.0880865   -0.455344
    0.238945   -0.315804
    0.406853   -0.228666
    0.219258    -0.14564
   -0.176351   -0.192773
   0.0304148    0.395667
   -0.253833   0.0722241
  -0.00269582    0.168052
    0.257896   0.0976636
   -0.117349  -0.0800362
   -0.326224    0.304943
   -0.408171    0.553908
   -0.236617    0.134056
   -0.214325  -0.0115771
    0.258392   -0.467069
   -0.245722    0.559459
  -0.0344267   -0.110003
    0.128239  -0.0559325
    0.330437   -0.124297
   -0.312338    0.510547
   -0.307475   0.0504355
  -0.0838428   0.0955864
   -0.147181    0.355253
   -0.244536    0.599278
     0.14257  -0.0431891
  -0.0284407   0.0566779
  -0.0764981    0.231168
    0.294445   -0.454552
    0.159369   -0.071536
   0.0831543  -0.0224265
    0.118402   -0.402146
    0.274101   -0.343507
   0.0385531   0.0917578
    0.237737    -0.17525
  -0.0722906   0.0985266
    0.108267  -0.0360044
    0.113283  -0.0638661
    -0.17705  -0.0834982
   -0.313788    0.221741
   -0.124712    0.147296
  -0.0142754    0.337692
   0.0863159  -0.0678331
    0.044076   0.0327354
   -0.146982    0.373095
    0.233895    0.131348
    0.203429   0.0913282
    -0.35331    0.241273
    0.147143   0.0959171
   -0.310686    0.583073
    0.101706  -0.0741692
   -0.412578    0.360544
    0.325792   -0.309732
    0.411158   -0.555797
   -0.159495   -0.208785
  -0.00575186    0.307839
   -0.175909    0.455545
   -0.131087  -0.0546785
    0.248497   -0.335873
   -0.124976    0.386391
    0.138416   0.0455714
   -0.182252    0.251095
   0.0122508    0.226307
   -0.162442    0.495398
   0.0387069  -0.0713668
   -0.110012    0.461608
    0.197627    0.035475
    0.363527   -0.161988
    0.057965    0.341227
   -0.147362    0.204546
  -0.0254199    0.369839
    -0.37658    0.584119
   0.0107433  -0.0987284
    0.323048    -0.27823
    0.106794  -0.0666276
   -0.177365     0.35634
   0.0899448   -0.286261
   0.0472575    0.304827
  0.00284084   -0.148746
    0.137347   0.0089686
    -0.03495    0.209832
   -0.274186  -0.0472456
   -0.115772   -0.132866
   -0.389976    0.421611
    0.224182    0.050104
   -0.282977   0.0980571
   -0.248779    0.391086
    0.172022   -0.137661
    0.135779    0.268049
    0.272295   -0.471299
   -0.305937    0.371152
   0.0395451    0.260026
    0.175751   -0.554984
    0.168585      0.1981
    0.309265   -0.593238
  -0.0520372  -0.0917374
    0.053978   -0.238781
   -0.287854  0.00242917
   -0.171667    0.282823
   0.0915161  -0.0508605
   -0.201684    0.364777
    -0.31703    0.215862
   0.0518822   -0.159048
  -0.0610413   -0.234077
    0.250241    0.110415
  -0.0239144    0.015793
    0.325715   -0.287333
    0.193608   -0.133563
  -0.0926918   0.0908286
   -0.165871    0.484433
   -0.381956    0.326968
   -0.216528   0.0106935
   0.0436965   -0.143996
    0.220715  -0.0185418
   0.0235072   -0.300636
   -0.105666    0.214157
   0.0376686   -0.449771
   -0.172157   -0.198102
    0.223403   0.0239367
   -0.384417    0.212033
    0.216077   -0.216525
    0.257626   -0.480408
   -0.240763    0.563294
    0.203587   -0.467108
   -0.228968    0.129826
   -0.349969    0.472754
    0.270466  0.00553459
   -0.217769  -0.0705487
   -0.197525   0.0725484
   0.0979129   -0.146709
   -0.200877    0.121124
    0.245449   -0.105077
    0.191102   -0.363771
    0.361596   -0.188039
   -0.115531   -0.168439
    0.190527  -0.0174564
    0.249443   0.0557845
    0.206161   -0.359598
   -0.179309    0.567916
    0.353531   -0.567334
   -0.314517    0.251097
    0.243479   -0.300607
   -0.262417     0.27193
   0.0435143    -0.19785
   0.0614478    0.337574
  -0.0369212  0.00274292
    0.123688   -0.190733
  -0.0769511    0.426818
  -0.0254109   -0.409585
   -0.275711    0.370394
    0.160325   0.0249314
   -0.206416    0.320241
   -0.347102    0.557642
    0.193134   -0.529643
  -0.0402535    0.404841
  -0.0915765   -0.295616
     0.29874   -0.610717
   0.0484496    0.152347
   -0.352479    0.398416
   -0.307114    0.538388
  0.00750841   0.0673221
    0.136255   -0.160587
    0.377006   -0.179627
    0.318138  -0.0758519
   -0.269818  0.00607295
  -0.0169949    0.151354
   -0.148733   0.0345914
   -0.137344    0.220771
   0.0970234   0.0701934
   -0.208404    0.426693
   0.0530719  -0.0987428
   -0.419196     0.51308
  -0.0999498    0.458004
  -0.0915886    0.281015
   -0.384098    0.266689
  -0.0122392    0.435297
   -0.136084   0.0432149
  -0.0210722   -0.212417
    0.353817   -0.418973
   -0.230191    0.107371
  -0.0175133    0.340297
    -0.17088   0.0443463
    -0.11387     0.52522
   -0.354148    0.195518
   -0.278886     0.41067
    -0.15456   -0.215528
    0.209052   -0.601604
    0.134319    0.149869
   -0.390583     0.25666
   -0.209652     0.22757
   -0.107922   -0.163713
    0.253752   -0.598335
    0.335578   -0.353814
   -0.244018    0.192551
   -0.154462    0.460568
    0.314337   -0.447268
    0.175602   0.0353148
  -0.0645981  -0.0261363
    0.338439   -0.448795
   -0.184288    0.266554
    0.416446   -0.437468
   -0.134058    0.521849
   0.0455208   -0.154655
  -0.0387585    0.416936
   0.0441021   -0.250841
    0.302469  0.00831913
   0.0814704   -0.346287
    0.219649     -0.2039
      0.3754   -0.568157
   0.0149777    0.399276
   0.0801449    0.266422
    0.107926  -0.0727277
  -0.0934373   -0.143519
   -0.327334    0.400562
   -0.124887   0.0735736
   -0.269924     0.18425
    0.265262  -0.0617116
    -0.13154  -0.0743528
   -0.203957    0.343048
    0.311377  -0.0584057
    0.283564   -0.367216
   -0.186598    0.464651
    0.235781    -0.32873
    0.184276   0.0375714
   -0.234306    0.404695
   -0.155293   -0.199982
   -0.059593  -0.0718071
    0.322323    -0.17499
   -0.230255    0.445178
  -0.0522685    0.229132
    0.195376  -0.0541167
   0.0302331   -0.268751
   -0.171301    0.287754
   -0.221636    0.534124
    0.280001   -0.357282
    0.176961  -0.0631856
  -0.00427071  -0.0542048
     0.23859   -0.520522
    0.173134    0.130048
   -0.119897    0.384537
    0.032156  -0.0360064
   0.0761086   -0.418801
    0.030304   -0.390332
   -0.366712    0.590256
   -0.202139    0.320809
   -0.202687    0.546975
    0.181913  -0.0722217
    0.100475    0.111446
   -0.162213    0.466507
   -0.231538     0.53341
   -0.198501    0.345032
  -0.0625576    0.122971
    0.130379    0.097881
  -0.00848929    0.126843
    0.212916   -0.320398
   -0.239709     0.27674
    0.314955   -0.582355
  -0.0109453    0.207683
   0.0388142   -0.330057
   -0.172667    0.361859
   -0.169374    0.505618
   -0.322293    0.596848
   -0.218215    0.112875
   -0.218749    0.565536
  -0.0803146   -0.277037
   -0.206545   -0.162732
  -0.0725782   -0.220397
    0.177904   -0.447232
   -0.251256    0.213781
    0.170708   0.0349523
    0.161947   -0.456274
   0.0926214  -0.0923007
    0.226145   -0.140778
    0.308652   -0.627609
   -0.191548    0.217418
    0.105619    0.188211
   0.0650308    0.349086
   0.0481742  -0.0422513
   -0.250506    0.278621
    0.323558   -0.225281
    -0.20763    0.219447
   -0.394985    0.489842
  0.00990243   -0.168218
    0.297707  -0.0886083
     -0.3913    0.224885
   -0.342993    0.413815
    0.124903   0.0269359
   0.0573855    0.140136
   -0.144278   -0.033753
    0.028096   -0.145554
     -0.3985     0.58164
   -0.187419     0.36238
   -0.255661     0.37299
    0.171348   -0.339726
   -0.135124   -0.245624
     0.11445    0.282053
     0.25064  -0.00131419
   -0.161392    0.418822
   -0.211125    0.110375
  -0.0733065    0.407232
  -0.0508804    0.281541
    0.207936    -0.34406
    0.293882   -0.251327
     0.36093   -0.314546
   -0.192991    0.267542
    0.199178   -0.329041
   -0.186134    0.480786
    0.189118    -0.49439
   -0.340845   0.0575981
   -0.371627    0.422169
   -0.397719     0.41818
   0.0581161    0.250405
    0.316482   -0.383508
    0.035657   0.0773657
   -0.337136    0.626718
   -0.100921  -0.0874218
    0.167144   0.0431856
    0.101831   -0.149993
   -0.281011    0.412259
    0.219453   -0.276083
    0.223006   -0.606489
   -0.383732    0.277796
  -0.0149804    0.325485
    0.240261   -0.551682
  -0.0491524    0.180094
   -0.230972  -0.00460265
    0.121615    0.194656
    0.349658   -0.626803
   0.0279537    0.255304
    0.154618    0.179666
  -0.0648994    0.130451
   -0.334813    0.405256
    0.148314   -0.151789
    0.322027   -0.222107
  -0.0679493   -0.320473
   -0.297616    0.427504
   -0.319464   0.0525921
   -0.266464   -0.027827
  -0.0271471   0.0926128
    0.242197    0.101058
    -0.11799    0.290491
    0.267038   -0.104343
    0.438891   -0.427373
    0.108783     0.22115
   -0.397587    0.553621
  -0.00386234   -0.075548
   -0.103395    0.314205
   -0.352559    0.140308
    0.287803   0.0266415
   -0.130959   -0.180249
   0.0373792   -0.109241
  -0.0516932    0.122242
  -0.0695283    0.226615
   -0.310759     0.18774
   -0.127441   -0.224908
    0.306097   -0.159492
    0.312125   -0.488085
   0.0451711    0.137235
    0.404387   -0.307491
    0.105453   -0.166658
    0.391926   -0.324608
     0.38959   -0.424495
   -0.363281    0.368527
    0.366659   -0.392348
   0.0807995  -0.0517143
   -0.137335   -0.224116
   0.0462249   0.0886123
   -0.432431    0.424403
    0.109643   -0.222007
   0.0747118   -0.339226
    0.342999   -0.584488
    0.285186   0.0282739
   0.0443026   -0.285823
   -0.253641    0.522266
    0.191459   -0.425259
   0.0869354   0.0717883
    0.255573   -0.422724
  0.000937545    0.364451
    0.125486  -0.0171232
  -0.0423547    0.459996
    0.292527   -0.466207
    0.159619   -0.432099
   -0.131928    0.369315
    0.306502   -0.250821
   -0.096969  -0.0604435
  -0.0434832    0.363732
    0.387478   -0.390959
    -0.11433    0.194714
    0.298309   -0.110836
    0.191818   -0.336713
    0.197792   -0.177728
    0.311237   -0.616016
    0.166553     0.06773
    0.290758  -0.0512896
   0.0663783    0.175223
   -0.165418     0.32852
   -0.398823    0.496336
    0.120857    0.198786
     -0.1613   0.0968464
    0.331193  -0.0577542
   0.0799282    -0.36865
    0.397873   -0.230499
   0.0932062   -0.200595
    0.392897   -0.486711
   -0.346685    0.294011
   -0.264444    0.610494
  -0.0132289   0.0537303
    0.365946   -0.383623
     0.27259  -0.0561928
   -0.188461    0.569236
    0.107159    0.237703
   -0.260251    0.421102
    0.147392   -0.160689
   -0.355142    0.186074
   0.0779112    0.218267
   -0.222215    0.188228
    0.132404  -0.0293337
   -0.150571   0.0124149
    0.128401  0.00614662
   -0.071512    0.230345
    -0.13083    0.303061
    0.151441   -0.374518
   -0.234189     0.42882
    0.175502   -0.331245
    0.323759    -0.38703
   -0.104662   -0.181282
  -0.0162663    0.458044
    0.191481   0.0348812
   0.0577673    -0.21884
   0.0620374    -0.49819
    0.341779   -0.238097
  -0.0517902    0.120995
    0.241566   -0.602727
   -0.152316  -0.0330726
   -0.275769   0.0090101
    0.204555   -0.295177
    0.111986   -0.300441
    0.309468  -0.0128574
    -0.05449    0.280535
   -0.219826    0.428272
    0.338917   -0.312153
   -0.252055   -0.110206
    0.279985   -0.609768
    0.173409   -0.230633
    0.155533    0.119901
  -0.0821872    0.225898
   0.0272418    0.110462
   -0.280886    0.215793
  -0.0450831   0.0659647
   0.0988466   -0.120921
    0.253505   -0.108648
    -0.23249   -0.080177
   0.0273967   0.0271775
   -0.283305    0.595934
    0.198087   -0.257427
    0.164556   0.0778852
  -0.0359034   0.0955949
    0.318294   -0.160093
   0.0738564   -0.478586
    0.119895    0.272777
  -0.0282415    0.281728
   -0.256063    0.270145
   -0.245209    0.435864
    0.106636  -0.0585926
    0.217135    0.097504
    0.194842   -0.557483
   -0.201048    0.545198
    0.411327   -0.441664
  -0.0948958    0.254667
   0.0834599    0.261539
    0.225789    -0.30833
    0.333933   -0.615711
    0.313041   -0.186742
    0.020951   -0.205645
    0.162514     -0.1213
   -0.171283  -0.0732231
   -0.293934    0.624177
     0.34462   -0.478489
   0.0873886   -0.275338
  -0.0210266   -0.288297
  -0.0025741    0.302979
    0.403528   -0.423603
    0.250442   0.0910475
   0.0788018   -0.418014
    0.246384   -0.302446
  -0.0761958  -0.0959138
    0.392004   -0.598857
  0.00444747   -0.339265
   -0.154129    0.495591
  -0.0386415   -0.198685
    0.292317   -0.571407
    0.147091    0.160269
  -0.0204824    0.120462
  -0.0396379    0.411351
   0.0598738   -0.067907
    0.276667   -0.550075
   -0.200271    0.344895
   -0.217891    0.160146
    -0.14118    0.562199
   -0.371736    0.164638
  -0.00651361    0.288096
   -0.286957    0.145082
    0.231255   -0.179268
    -0.30336   0.0306783
  -0.0940011    0.481079
   -0.100451    0.439672
   -0.312289    0.376783
  -0.0597316    0.460985
    0.357326   -0.517467
   -0.229926    0.418991
    0.210173  -0.0794348
    0.299434   -0.314372
   0.0384865    0.144895
   -0.129838   -0.287351
    0.329328  -0.0996442
  -0.0545852    0.410457
   -0.340739    0.229743
    0.332139    -0.34882
   -0.144198   -0.127159
   -0.117601   -0.127734
    0.142949  0.00550829
  -0.0441789    0.247004
    0.359669   -0.482765
   0.0395574    0.224897
    0.174292   -0.181113
   -0.273939   0.0105344
  -0.0161278   0.0872482
   -0.221671    0.206235
   0.0861404  -0.0540733
   -0.264382   0.0109364
   -0.275399     0.10169
   -0.222359     0.54088
    0.284981   -0.202377
   -0.240449    0.446745
   0.0881754    0.272807
   0.0185329    0.366092
    0.165286    -0.26237
    0.168673    0.240653
    0.355695   -0.520889
   -0.144476    0.511452
   -0.205092    0.355776
    0.107961   -0.297463
   -0.300304    0.111027
    -0.34325    0.412922
    0.159825  -0.0698616
  -0.00429075   0.0584484
   0.0249522    -0.21448
    0.354725   -0.368278
   -0.174107   0.0459875
    0.102569  -0.0704707
   0.0817093   -0.112527
     0.14824  -0.0769297
   -0.267734    0.528105
    0.350351   -0.462273
   -0.118985  -0.0936335
    0.113036    0.205191
   0.0616946   -0.145464
   -0.202092   -0.176314
     0.11015   -0.472846
   0.0261305    -0.11611
   -0.368868    0.392979
    0.357055   -0.131493
    0.136516   -0.294863
    0.263739   -0.355585
   -0.210046     0.10049
   0.0486919    0.196098
   0.0525144   0.0420926
    -0.23682   -0.117185
    0.342138   -0.248189
    0.102249    0.205515
   -0.258207    0.526595
   0.0336187   -0.344163
    0.335923   -0.294933
  -0.0864426     0.49605
   -0.351149    0.475381
   -0.224809  -0.0946591
   -0.201684   -0.196529
    0.234656   -0.294551
    0.290694   -0.536029
  -0.0124063   0.0485053
   -0.122177   0.0737303
   -0.292109    0.377864
    0.184207   -0.453342
    0.107401   -0.411376
   -0.220492  -0.0350144
   -0.101854   -0.304363
  -0.0217407   -0.354684
   0.0642396   -0.246127
     0.36318   -0.513864
  -0.0891387    -0.18372
    0.369275   -0.335927
    -0.34951   0.0836075
    0.168655   -0.259497
   -0.387647    0.304148
    0.225034   -0.218346
    0.373294    -0.31134
   -0.221822    0.149689
   -0.376332    0.424077
    0.334834   -0.590998
  -0.0568826   -0.379064
   -0.165496   0.0152286
   -0.162815    0.406438
   -0.100235    0.350007
   -0.333636    0.227161
  -0.0160692  -0.0489602
   -0.136176     0.35055
   -0.172083    0.102423
  0.00272059   -0.179661
   -0.132421   -0.286986
   -0.320704   0.0622298
    -0.10678    0.337427
    0.163275   0.0829844
     0.11803  -0.0326381
   -0.200077   0.0936209
   -0.043948    0.194112
    0.431018   -0.442437
     -0.2772    0.113594
    -0.18797  -0.0197241
    0.263238   -0.556931
   -0.155725   -0.052657
    0.229746   -0.511544
   0.0842298   -0.479372
    0.346784   -0.490675
   -0.190657    0.053299
   0.0813015   -0.444757
   -0.148399    0.114902
   0.0665247    0.177756
    -0.22402   0.0249721
    0.341322   -0.543077
   -0.206046  -0.0303736
    0.122728   -0.535591
    0.403647   -0.388696
    0.295181   -0.257832
   -0.238748    0.313825
    0.376558   -0.238177
   -0.303352    0.395738
   -0.205905    0.387448
   -0.162087   0.0922033
   -0.265829    0.284536
   -0.221773     0.58073
  -0.00224695   -0.186436
  0.00277967   -0.130843
    0.317771   -0.604335
    0.220269  -0.00410837
   -0.159226    0.545711
   -0.293108    0.531335
  -0.0817069    0.328626
    0.167096   -0.474293
     0.12576   -0.424601
   -0.247662    0.134876
   -0.126326   -0.238225
   -0.269057    0.382918
    0.301209    -0.37963
     -0.1691    0.114189
    0.188529   0.0111371
   -0.146752    -0.18322
    0.350304    -0.26612
    0.223103   -0.328494
  -0.0780251   -0.353888
   -0.353048    0.196809
    -0.35307    0.517768
   0.0132457    0.239221
   0.0215523    0.379178
   -0.430071    0.445247
  -0.0346396   -0.136606
   -0.302867    0.306583
   -0.110658    0.316261
    0.212481   -0.101907
   -0.105901    0.394772
  -0.0840779   -0.042033
   0.0154067    0.402125
  -0.0890321   0.0195417
    0.221191  -0.0912756
    0.034857  -0.0393483
   -0.208256   -0.156358
   0.0566388    0.182041
   0.0173024   -0.107857
    0.140646   -0.382625
   -0.263793   0.0749029
    0.207766  -0.0878201
  -0.00370997  -0.0582355
   -0.149595    0.215042
    0.107738   -0.377793
    -0.30364    0.032753
   0.0489705   -0.179205
  -0.0684347   0.0239523
  -0.0970422   0.0627842
   -0.260915    0.526498
    0.132592   -0.456753
   0.0943146    0.324414
   -0.154282    0.532389
  -0.00321205   0.0385494
   -0.407892    0.503586
   -0.306492  -0.0174056
   -0.242022   0.0479106
    0.164705    0.233701
    0.430488   -0.495319
    0.393784   -0.346897
  -0.0434662  -0.0251747
