     0.84548    0.533641  -0.0197573
    0.877841    0.295784   -0.376707
   -0.126706    0.925171    0.357776
    0.378734    0.886501    -0.26585
   0.0216314    0.935059    0.353831
    0.635421     0.48004   -0.604816
  -0.0296588    0.930875    0.364132
    0.922579  0.00900988   -0.385704
    0.747259    0.664095   0.0241242
    0.361118    0.918321   -0.162109
     0.65609    0.649645   -0.384068
    0.474247    0.806939   -0.352051
    0.506505    0.720077    -0.47428
    0.943541    0.182361    -0.27654
    0.454155    0.889153   0.0561256
     0.59337    0.782932   -0.186894
    0.566221    0.800242   -0.197502
    0.930257    0.256236   -0.262611
    0.688616    0.722471   0.0619998
     0.65845    0.471821   -0.586369
    0.963447    0.195106   -0.183587
    0.965347    0.113454   -0.235019
    0.446655      0.8749   -0.187215
    0.579607    0.577214   -0.575221
    0.515157    0.808264   -0.285172
    0.466549    0.759129   -0.453933
    0.890005     0.45486  -0.0315196
    0.780264    0.623767   0.0458583
       0.926   0.0907784   -0.366448
   0.0511376    0.933307     0.35542
     0.37709    0.901406    0.212768
     0.34638    0.926512     0.14696
    0.550404    0.829189   0.0974722
    0.792597     0.34955   -0.499605
    0.426905    0.903436  -0.0394424
    0.671571    0.534186   -0.513456
    0.872703    0.194246   -0.447947
    0.576569    0.481638   -0.659995
   0.0661912    0.963191    0.260541
    0.563793    0.821704  -0.0833076
    0.543509    0.659816   -0.518884
    0.402465    0.911618     0.08351
    0.679351    0.338046   -0.651312
    0.562563    0.762095   -0.320521
    0.582478    0.773395   -0.250161
    0.832371    0.278377   -0.479234
    0.947339    0.222669   -0.230145
    0.472605    0.845569   -0.248308
    0.625989    0.758376   -0.181669
    0.925225   0.0633138     -0.3741
    0.722079    0.334791   -0.605406
     0.67459    0.735721   0.0603571
    0.959562    0.135646   -0.246659
    0.912622    0.091487   -0.398436
    0.774629    0.233164   -0.587865
  -0.0153621     0.96653    0.256092
    0.917194    -0.19305    -0.34855
    0.792104     0.44004   -0.423008
    0.433011    0.754375   -0.493376
    0.918131    0.386993  -0.0852742
    0.943277    0.316017   -0.101793
    0.707017    0.486066    -0.51368
    0.346069    0.933541   0.0934756
    0.941158   0.0524857   -0.333865
    0.973045   0.0979765   -0.208766
    0.944115  -0.0221611   -0.328872
    0.364719    0.928399   0.0710955
     0.44377    0.824141   -0.351936
    0.438202    0.896992   -0.058182
    0.763682    0.515715   -0.388365
  -0.0953534    0.918608    0.383493
    0.600869    0.760331   -0.246686
    0.641678    0.708962   -0.292615
    0.924681    0.224713   -0.307358
    0.508485    0.812713   -0.284501
    0.687645    0.613742   -0.387899
    0.895371    0.336927   -0.291188
    0.708562    0.352504   -0.611294
    0.914258    0.376206   -0.150336
     0.85633    0.220863   -0.466818
    0.119069    0.988173   0.0966265
    0.716854    0.681842   -0.145644
    0.621079    0.755896    -0.20708
    0.823608    0.345022   -0.450145
    0.565356    0.817956   -0.106402
    0.719984    0.604368    -0.34112
    0.942978   0.0544394   -0.328374
     0.59489    0.789736   -0.149744
     0.64814    0.733868   -0.203354
    0.245724    0.967688   0.0565629
    0.600737    0.588545   -0.541046
    0.871186    0.487573  -0.0575113
    0.866748    0.175624   -0.466803
    0.370228     0.92887   0.0114383
    0.451669     0.88145    -0.13799
    0.247358    0.936377     0.24902
    0.436653     0.89185   -0.118061
    0.491201    0.804327   -0.334334
    0.101255    0.954654     0.27997
    0.200966    0.971281    0.127383
  -0.0285888    0.947526    0.318396
    0.393347    0.864103   -0.314013
    0.590354    0.596109   -0.544184
    0.866071    0.051611    -0.49725
    0.959829  -0.0238136   -0.279574
    0.505788    0.839448   -0.198763
    0.588091    0.792016    0.163892
    0.437887    0.821985   -0.364136
    0.527088     0.84849  -0.0473559
    0.765939    0.630422   -0.126118
    0.311265    0.913374   -0.262416
    0.851877    0.444786   -0.276534
      0.6618    0.738852   -0.126963
    0.231173    0.955602    0.182713
   0.0858038    0.987424    0.132783
  -0.0169742    0.927741    0.372839
    0.799954    0.494349   -0.340136
    0.508701    0.852051    -0.12342
    0.556436    0.554567   -0.618737
     0.13431    0.950961    0.278628
    0.892413    0.448874  -0.0459432
    0.561469    0.788736   -0.250296
     0.93312    0.297999   -0.201207
    0.517226    0.855801  -0.00909624
     0.72406    0.561607   -0.400419
    0.920021    0.216461   -0.326658
    0.767366    0.364835     -0.5273
    0.309017    0.908982   -0.279751
    0.507632     0.84854    0.149298
     0.53299    0.784186   -0.317763
    0.924382     0.21706   -0.313692
    0.543592    0.698126   -0.465971
    0.724675    0.559736   -0.401923
    0.674739    0.381183   -0.632002
    0.754991    0.536729    -0.37671
   0.0615894    0.953328    0.295587
     0.83887    0.544197    0.012104
    0.557054    0.800535   -0.220987
    0.794657    0.502294   -0.340912
    0.750262    0.658519   0.0588142
     0.84028    0.101053   -0.532652
    0.520288     0.77032   -0.368656
    0.666162    0.745258  -0.0286169
  -0.0355731    0.958389    0.283239
   0.0643859     0.99293   0.0997246
    0.530445    0.653509   -0.539958
    0.530437    0.830286   -0.171057
   0.0213296    0.989035    0.146133
    0.781956    0.582532   -0.221815
    0.683144    0.358695   -0.636123
    0.508724    0.830593   -0.226528
     0.55675    0.820956    0.126731
    0.577559    0.737185   -0.350692
    0.634389    0.755143   -0.165259
    0.298107    0.952275  -0.0656098
    0.819237    0.408296   -0.402672
    0.556869     0.82964  -0.0399336
    0.711354    0.277598   -0.645689
    0.566955    0.803012   -0.183668
     0.92897   -0.160988   -0.333312
    0.372592    0.925141  -0.0727326
    0.692019    0.712289   -0.117277
    0.778089    0.241139   -0.580025
    0.377929    0.870719   -0.314671
    0.902005    0.429206  -0.0465798
    0.922463   0.0185054   -0.385642
   0.0158104     0.94303    0.332331
    0.769465    0.255429   -0.585388
    0.938201   -0.140476     -0.3163
    0.871962    0.466662   -0.148017
  -0.0302954    0.940841    0.337493
    0.399244    0.898798    0.181017
    0.941511    0.280782   -0.186329
    0.640177    0.500542   -0.582779
      0.9224      0.3806  -0.0657385
    0.581473    0.801832    0.137672
    0.938682    0.292074   -0.183217
    0.522329    0.834106    0.177313
    0.843369    0.247248   -0.477071
  -0.00764943    0.974512    0.224206
    0.926212    0.137944   -0.350861
    0.706642    0.512234   -0.488132
    0.884031   0.0667926   -0.462631
    0.916391  -0.0115515   -0.400118
    0.349866    0.899757   -0.260826
    0.617759    0.783619  -0.0656958
   0.0417087    0.945577    0.322716
    0.587775    0.594628   -0.548578
    0.814452    0.145437   -0.561708
     0.80787    0.487105   -0.331776
    0.943334  -0.0686952   -0.324658
    0.754335    0.473092   -0.455151
    0.612687    0.773973    0.159943
    0.503568    0.862881  -0.0430769
    0.752911    0.533014   -0.386033
    0.853769    0.109806   -0.508941
    0.513436    0.698136   -0.498988
    0.829056    0.556371  -0.0558366
    0.923357    0.283274   -0.259169
     0.32782    0.944239  -0.0307505
    0.853577    0.520939  0.00540461
    0.112994    0.952929    0.281351
    0.751975    0.214008   -0.623485
    0.764592     0.62473   -0.158466
    0.921924   -0.101424   -0.373858
    0.652504    0.501121   -0.568434
    0.715136     0.40781    -0.56769
     0.55466    0.831092  -0.0404691
    0.465775    0.836571   -0.288449
     0.40112    0.912953  -0.0749591
    0.654454    0.633989   -0.412005
    0.878934   0.0990716    -0.46654
    0.502938    0.859254  -0.0934642
    0.519556    0.847623   -0.107686
    0.791014    0.166714   -0.588646
    0.710159    0.523104   -0.471207
    0.350597    0.894062   -0.278809
     0.85328    0.396466   -0.338715
    0.726406    0.686422   0.0340505
    0.972836    0.163832    -0.16355
    0.417265    0.898313   -0.137567
    0.575993    0.633715   -0.516369
    0.426794    0.898627   -0.101573
    0.850947    0.522602  -0.0526936
     0.73073    0.594499   -0.335568
    0.641227    0.675415   -0.364202
    0.841657    0.349507   -0.411652
    0.875928   0.0666238   -0.477819
    0.884191    0.385025   -0.264504
    0.342568    0.886454   -0.311203
    0.913975   -0.186305   -0.360472
    0.846161    0.210119   -0.489756
    0.675488    0.534192   -0.508287
    0.725336    0.646946   -0.235264
    0.958359    0.200448   -0.203392
    0.942737    0.111764   -0.314256
    0.363812    0.851019   -0.378693
    0.355505     0.93405    0.034167
    0.450061    0.726586   -0.519152
    0.818016    0.282088   -0.501275
     0.57929    0.667986   -0.467139
    0.762658    0.640653  -0.0889675
    0.848679    0.527518   -0.038333
    0.459671    0.887673  -0.0271947
    0.882517    0.356602   -0.306592
    0.537845    0.838117  -0.0910119
    0.737319    0.237221   -0.632524
    0.964502  0.00126469   -0.264074
    0.629781    0.714301   -0.305205
    0.289706    0.944353    -0.15578
    0.646828    0.566314   -0.510785
     0.50197    0.860811   0.0838448
    0.614695    0.522994   -0.590447
    0.594883     0.78842     0.15655
    0.355656    0.923249    0.145327
    0.923309    0.303649   -0.235154
    0.918387  -0.0450747   -0.393107
    0.939474    0.298205   -0.168708
     0.84508    0.150512   -0.513017
    0.819207    0.430096   -0.379364
    0.729696    0.525473   -0.437517
    0.923393    0.151808   -0.352562
    0.896731    0.409918   -0.166856
    0.531918    0.517597   -0.670192
    0.327698    0.944409  -0.0265602
    0.605532    0.771425   -0.195537
    0.791985    0.608538   0.0494031
    0.836168    0.548438  0.00622886
    0.926245    0.288807   -0.242199
    0.848364    0.455039   -0.270588
     0.82795    0.544922   -0.132511
     0.30525     0.94003    0.152207
    0.880608    0.207025   -0.426229
    0.370417    0.912428   -0.173976
    0.369604    0.927133   0.0617847
    0.803719    0.561186   -0.197752
    0.559839    0.827648  -0.0397243
    0.540236    0.840956   0.0306363
     0.93981     0.25375   -0.228842
    0.131518    0.991285  -0.00757495
     0.90127    0.202175   -0.383194
    0.806025    0.533368   -0.256597
    0.541173    0.839436   0.0497872
    0.604085    0.689748   -0.399159
    0.828003     0.19688   -0.525023
    0.718626    0.417727    -0.55595
  -0.0451385    0.970401    0.237242
    0.167494    0.938701    0.301306
    0.767208    0.639353   0.0511759
    0.562179    0.822368  -0.0875514
    0.802274    0.530807   -0.273131
    0.713438    0.694254   0.0949595
    0.796259    0.341752   -0.499177
    0.733768    0.662049   -0.152562
    0.523285    0.829952    0.193265
    0.730178    0.680619    -0.05998
    0.924732   0.0530041   -0.376911
    0.450548    0.771043       -0.45
    0.777305     0.51212   -0.365417
    0.801668     0.58959  -0.0985481
    0.460723    0.822508   -0.333488
     0.68969    0.706072   -0.160591
    0.810325    0.538337   -0.231443
    0.846083    0.468677    -0.25394
    0.760996    0.604966    -0.23431
    0.749999    0.537447   -0.385555
    0.279389    0.947996    0.152462
    0.907912    0.352715   -0.226468
    0.831979    0.415971   -0.367123
    0.225491    0.962928    0.148069
    0.648461    0.760837  -0.0250246
   0.0679235    0.990842    0.116699
    0.929133   -0.126165   -0.347555
    0.700587     0.43789    -0.56341
    0.381449    0.877382   -0.291029
    0.701947    0.368951   -0.609217
    0.646284    0.693937   -0.317441
    0.446224    0.894635   0.0226238
    0.808694    0.204217   -0.551642
    0.774085    0.607434   -0.178373
    0.643521    0.668289   -0.373189
    0.172079    0.984895    0.019225
    0.647488    0.756493  -0.0920739
    0.299063    0.949981   0.0899846
     0.18678    0.934581    0.302773
    0.508208    0.747028   -0.428572
    0.862829    0.238553   -0.445666
    0.123656    0.987834   0.0942999
    0.324731    0.928038    0.182471
    0.509008    0.702468   -0.497443
    0.773387    0.422552    -0.47257
     0.48221    0.875932  -0.0147192
    0.307504    0.942921   -0.127831
    0.711322    0.696285   0.0959619
    0.917378   -0.174363   -0.357792
    0.464847    0.871059   -0.158664
    0.556384    0.810465   -0.183257
    0.838574   0.0844987   -0.538195
    0.325779    0.910804   -0.253581
    0.434725    0.878527   -0.198002
    0.804949    0.418794   -0.420321
    0.141985    0.984077    0.106922
    0.560649    0.736994   -0.377508
    0.609212    0.680009   -0.407982
    0.646989    0.554402   -0.523492
     0.52223    0.848503    0.085542
    0.616677    0.757129   -0.215558
    0.660701    0.648546    -0.37797
    0.336501    0.940623  -0.0446776
    0.912558    0.097839   -0.397071
    0.882185   0.0586985   -0.467231
    0.556943    0.825644   0.0901434
    0.902198    0.382457   -0.199414
    0.201918     0.93551    0.289913
    0.862512    0.049804   -0.503581
    0.208581    0.969375     0.12964
    0.347004    0.901738   -0.257794
   -0.111106     0.93019    0.349861
    0.944629     0.21223   -0.250269
    0.557628    0.768566   -0.313621
    0.833934    0.117001   -0.539319
    0.775552    0.240649   -0.583615
    0.372213    0.909759   -0.183837
    0.936164    0.174777   -0.305041
     0.83055    0.213399   -0.514439
    0.913098   -0.195092   -0.358039
    0.547139     0.71536   -0.434626
    0.914458    0.036935   -0.402991
    0.610825     0.52497   -0.592706
    0.920809    0.313566   -0.231921
    0.817314    0.189845   -0.544019
    0.675155    0.473906   -0.565313
      0.9017    0.331652   -0.277388
    0.404593    0.796861   -0.448684
    0.769395     0.19001   -0.609859
    0.889221    0.456781  -0.0252203
    0.427118    0.901138  -0.0742929
    0.888661  -0.0678962   -0.453509
    0.594662    0.802034  -0.0558401
    0.809584    0.172432   -0.561107
    0.779617     0.61421   -0.122245
    0.917202   0.0747548   -0.391346
    0.202312    0.973437    0.107195
   0.0810605     0.95802    0.275004
    0.949011    0.288136   -0.127893
    0.803253    0.271738   -0.530041
     0.60949    0.792368  -0.0259826
    0.772419    0.512598   -0.374983
     0.96204    0.107203   -0.250971
    0.940693  -0.0220444   -0.338542
    0.963112    0.236436   -0.128507
    0.506636    0.849448   -0.147505
  -0.0717358    0.946974      0.3132
    0.518443    0.696125   -0.496615
    0.515709    0.818576   -0.252939
    0.852571    0.228818   -0.469856
    0.643338    0.436395   -0.629028
    0.947948    0.226923   -0.223385
    0.850737    0.330641   -0.408563
    0.407736    0.799227   -0.441574
    0.262571    0.956666    0.125884
    0.605327    0.598254   -0.525045
    0.257619     0.95195    0.165602
    0.767856    0.542866   -0.340139
    0.858332    0.212527   -0.467009
    0.907534  -0.0209453   -0.419455
   0.0485142    0.979639    0.194818
    0.382295    0.896703   -0.223103
    0.838368    0.127674   -0.529941
    0.711652    0.426221   -0.558469
    0.903124    0.410722   -0.125195
    0.886858   0.0162179   -0.461756
    0.870751    0.372916   -0.320509
    0.834154    0.223281   -0.504314
    0.455057    0.779212   -0.430989
    0.841887    0.406304   -0.355167
    0.819291    0.120831   -0.560502
    0.826789    0.274687   -0.490883
     0.32039    0.944983   -0.066014
    0.867892    0.158911   -0.470649
   0.0577997     0.98814    0.142261
     0.90175    0.367541   -0.227509
    0.866072    0.478869    -0.14354
    0.823224    0.557399   -0.107746
    0.927855    0.307829   -0.210539
    0.804532     0.27737   -0.525161
    0.873791    0.473011   -0.112918
     0.92183    0.204969   -0.328965
    0.787727    0.615214   0.0315916
    0.841441    0.509985   -0.178584
    0.616392    0.494557    -0.61276
  -0.0132475    0.957396    0.288474
    0.492229    0.864589    0.100981
    0.556148    0.692475   -0.459542
     0.90499    0.352218   -0.238613
    0.195067    0.980169   0.0348792
    0.477993    0.855397   -0.199544
    0.360573    0.932587  -0.0163892
    0.340819    0.932876   -0.116557
    0.769619    0.510167   -0.383948
    0.975228   0.0778109   -0.207066
    0.735355    0.673066   0.0789617
   0.0733178    0.934237    0.349034
    0.940589  -0.00117773   -0.339546
    0.816201    0.421896   -0.394739
    0.374648    0.926181  -0.0427494
    0.417626    0.800657   -0.429577
    0.486806    0.814691   -0.315115
    0.910189    0.289095   -0.296614
    0.625952    0.686722   -0.369591
    0.366844    0.902554   -0.225435
    0.883122  -0.0395239   -0.467475
    0.327964    0.892735   -0.308972
    0.257074    0.947665   -0.189327
    0.862363    0.440081   -0.250317
    0.484053      0.8088   -0.333968
    0.939155  -0.0418177   -0.340938
    0.426168    0.795772   -0.430265
    0.328523     0.93947   0.0973084
    0.421328    0.888643    0.181099
    0.244902    0.947452    0.205812
    0.182678    0.980841  -0.0676676
    0.483274    0.870476  -0.0933675
    0.768356    0.627325   -0.126855
    0.508473    0.857887  -0.0740629
     0.89302   0.0360658    -0.44857
     0.78773    0.585574   -0.191272
    0.909703    0.105132   -0.401732
    0.691775    0.667495   -0.275494
    0.783417    0.352194   -0.512072
    0.303567    0.949139   0.0835641
    0.922447    0.183718   -0.339617
    0.731613    0.543825   -0.411093
    0.906067    0.405419   -0.121154
    0.384054    0.885078    0.262942
   0.0127991    0.946564    0.322261
    0.639892    0.623932   -0.448605
    0.884534    0.351634   -0.306519
    0.746491    0.596816   -0.294214
    0.680214    0.435264   -0.589791
    0.106313     0.95833    0.265144
    0.601126    0.799139  -0.00486609
    0.863815    0.432047   -0.259149
    0.917312  -0.00672431   -0.398113
   0.0674048    0.946786    0.314725
    0.320285    0.916873    0.238246
  -0.0342355    0.937037    0.347548
    0.242407    0.955521   -0.167986
    0.366436    0.904328    0.218896
    0.544238    0.718658   -0.432823
  -0.0908649    0.942825    0.320662
    0.933095    0.287725   -0.215751
    0.217695    0.924857    0.311847
    0.495553    0.648012   -0.578366
    0.860073    0.253489   -0.442738
    0.420508    0.852585   -0.310277
    0.339776    0.934937    0.102202
    0.951978  -0.0587892   -0.300468
    0.291098    0.929426   -0.226782
    0.548688    0.806119   -0.221618
