    0.948793    0.242634    0.202288
    0.988244    0.146379   0.0441263
    0.988335   0.0171096     0.15133
    0.980958   0.0282463    0.192153
     0.95558    0.160072    0.247475
    0.963355    0.113903    0.242843
    0.968703    0.193919    0.154953
    0.998623  0.000480622    0.052466
    0.995436   0.0916655   0.0265279
    0.972146  0.00346561    0.234349
    0.975219    0.218215   0.0364684
    0.973903  0.00191541    0.226957
     0.95363    0.232245    0.191448
    0.969211   0.0894747    0.229401
    0.996507   0.0698046   0.0458401
    0.986062    0.146048   0.0796991
     0.99231    0.118447     0.03592
    0.987517    0.155855    0.022782
    0.958355    0.193628    0.209914
    0.986584   0.0479018    0.156071
    0.989329   0.0953556    0.110162
    0.990626   0.0940418   0.0990747
    0.961955     0.18206    0.203709
     0.97059   0.0762156    0.228354
    0.975783    0.214002   0.0452926
    0.953328    0.179473    0.242808
    0.951673    0.196561     0.23597
    0.994569   0.0805474   0.0659204
    0.979755    0.198498   0.0260442
    0.992437    0.106141   0.0616686
    0.989068    0.146605   0.0158528
    0.958839    0.126515    0.254207
    0.964254   0.0934035    0.247972
     0.95737    0.218891    0.188492
    0.967898  0.00441982    0.251304
    0.975203   0.0291951    0.219379
    0.985439   0.0307899    0.167221
    0.977172   0.0545273    0.205333
    0.972709    0.209291    0.100177
    0.992691   0.0560627    0.106869
    0.980354     0.18789   0.0600314
    0.965041    0.219742    0.142863
    0.971715    0.235726   0.0142305
    0.992213  0.00784354    0.124304
    0.988039     0.07576     0.13431
    0.984442    0.173896   0.0251987
    0.987529   0.0405994    0.152114
    0.967394    0.249574   0.0431499
    0.990643    0.118854   0.0670885
    0.990328    0.105878   0.0896649
