    0.374667   -0.105495    0.921138
   -0.770439   -0.314573    0.554498
    0.501778    0.221339    0.836198
    0.327054    0.270413     0.90549
   -0.114297   -0.127958    0.985172
   -0.193764    0.063579    0.978986
   0.0158015   -0.537963     0.84282
    0.809217  0.00934754    0.587436
    -0.52282    0.712493    0.467989
    0.252189   0.0216295    0.967436
    0.461399   -0.718563    0.520364
     0.28925   0.0136632    0.957156
    0.363821   -0.223001    0.904381
   -0.165703     0.22323    0.960578
  -0.0888957    0.822629    0.561586
   -0.682891   -0.278662    0.675283
   -0.819734    0.244907    0.517742
   -0.731394     -0.5169    0.444835
   0.0260431   -0.360047    0.932571
    0.211511    0.491433    0.844841
   -0.442004    0.488668    0.752221
   -0.443363    0.525573    0.726087
   -0.085035   -0.374574    0.923289
   -0.086321    0.269529    0.959116
    0.374751   -0.739391    0.559341
  -0.0498005   -0.197986    0.978939
   0.0427759   -0.240682    0.969661
   -0.278722    0.721463    0.633881
   0.0752026   -0.882044    0.465127
    -0.65437    0.432969    0.619949
    -0.84998     -0.3495    0.394188
   -0.109156  -0.000756656    0.994024
   -0.113943    0.123107     0.98583
    0.275211   -0.338814    0.899702
    0.138636   0.0152547    0.990226
    0.243236    0.212598    0.946382
    0.367897    0.342479      0.8645
   0.0873015    0.367952    0.925737
    0.250152   -0.637432    0.728769
    0.143588    0.651828     0.74465
   -0.131757   -0.777905    0.614414
    0.351039   -0.451524    0.820304
    0.777953   -0.500195    0.380255
    0.610709    0.117273    0.783123
   -0.156376    0.574266    0.803595
   -0.438261   -0.772199    0.460038
    0.301469    0.455495     0.83764
     0.81412    -0.18518    0.550378
   -0.741243    0.209812    0.637603
   -0.593312    0.393335    0.702331
