    0.156276   -0.147972
   -0.097083  -0.0173519
   0.0934426   0.0246523
   0.0539385   0.0950798
  -0.0303742   -0.130935
   -0.157947    0.157122
   0.0873752   -0.252339
    0.137917  -0.0804401
   -0.149353    0.250858
     0.13126  -0.0616652
    0.145166   -0.255392
    0.134802  -0.0714445
    0.161964   -0.201695
   -0.149696    0.250409
  -0.0977729    0.257506
  -0.0971098  -0.0172974
   -0.156932    0.151411
  -0.0653268  -0.0762332
   0.0931362   -0.255361
   -0.021637     0.19669
    -0.15497    0.241308
   -0.153251    0.244822
   0.0505177   -0.225348
   -0.121724    0.263505
    0.137121   -0.260667
   0.0469358    -0.22212
    0.106351   -0.260725
   -0.127786    0.263233
   0.0948309   -0.256176
   -0.161813    0.207449
  -0.0967626  -0.0180008
   -0.138308   0.0815984
     -0.1555    0.240079
    0.152251    -0.24659
    0.128941  -0.0554899
   0.0497331    0.101779
   0.0448773    0.109348
  -0.0490193    0.224009
    0.128312   -0.263164
  -0.0515033    0.226219
   0.0589693   -0.232573
    0.151037   -0.248517
    0.161893     -0.2053
    0.120682  -0.0346925
   -0.116897    0.263112
  0.00391972    -0.17629
  0.00716332    0.162482
    0.153913   -0.136707
   -0.156335    0.148272
   -0.161807    0.207595
     0.14109   -0.258517
   0.0530798   -0.227597
   -0.153491     0.24437
   -0.158286    0.231902
    0.157713   -0.233885
    0.161971    -0.20042
   -0.116107    0.263002
    0.101502   -0.259031
    0.157712   -0.233888
    0.158029   -0.157605
    0.126485  -0.0491222
    0.143184  -0.0967045
   0.0408106   -0.216379
  -0.0592991  -0.0863398
   -0.096811  -0.0179029
  -0.0547266  -0.0938092
   0.0819387   -0.249153
   0.0291456    0.132696
    0.152781   -0.245675
    0.103231   -0.259674
    0.160906   -0.218402
   0.0155547    0.151491
   -0.158865    0.162821
  -0.0640453    0.236637
  -0.0247056   -0.138973
    0.137767  -0.0799961
   -0.161967    0.201313
   -0.152086    0.128877
   0.0872207   -0.252253
   -0.161651    0.210467
  -0.0777544  -0.0543959
   0.0206588   -0.195618
     0.16194   -0.203396
  -0.0675192  -0.0724812
     0.15066   -0.249073
    0.078784   0.0525224
   -0.161944    0.203149
   -0.160744    0.219631
    0.104224   -0.260024
   -0.125662    0.263435
  -0.0986376  -0.0141833
    0.151375   -0.248003
   -0.146687    0.253926
   -0.161779    0.208191
   0.0423317    0.113246
   0.0581016   -0.231857
    -0.14286   0.0956586
    0.157929   -0.233162
  -0.00995522    0.183472
   -0.106441    0.260753
   0.0911827   0.0291037
  -0.0927361    0.255163
   -0.159441    0.166761
    0.118923  -0.0304744
   0.0755829   0.0583139
    0.132801  -0.0658654
   -0.161039    0.217299
   0.0577836   -0.231594
    0.153134   -0.133294
     0.15603   -0.238765
   -0.143585    0.256731
  -0.0503618    0.225209
   -0.156385     0.14853
  -0.0902616      0.2539
   -0.160648    0.176578
    -0.14263    0.257459
  -0.0482573   -0.104098
   -0.154808     0.24167
   0.0831643   0.0444337
   0.0939491   0.0236463
    0.134323  -0.0700945
  -0.0419669     -0.1138
   -0.115634     0.26293
    0.137161    -0.26065
    0.114585  -0.0203354
   -0.133207   0.0669848
   -0.161111    0.216669
  -0.00177073   -0.169301
  -0.0713089    0.242071
  -0.0423947    -0.11315
   0.0995244   -0.258246
    0.136763   -0.260825
   -0.149307    0.250916
  -0.0155136    0.189874
   -0.159505    0.167225
   0.0935555   -0.255565
   -0.063246  -0.0797564
  -0.0403722   -0.116214
    0.161864   -0.193722
  -0.0438487   -0.110928
    0.124537   -0.044185
   -0.161067    0.180872
   -0.156865    0.236496
  -0.0459614   -0.107673
    -0.14567    0.254926
    0.152271   -0.129644
   -0.146092     0.10641
   -0.134522    0.261694
    0.130471  -0.0595466
   0.0853323   0.0403575
   0.0289065   -0.204453
   -0.139219    0.259627
    0.102871   0.0053922
   -0.134632   0.0709644
    0.160455   -0.174798
   -0.152202    0.246673
   -0.043923     0.21933
   -0.143762   0.0985859
   -0.156885    0.236439
   -0.028691    0.204228
   0.0449232   -0.220264
   -0.098404    0.257777
    0.144573   -0.101266
   -0.150069    0.249905
    0.152983   -0.132645
  -0.0514235    0.226149
   -0.158096    0.232582
    0.160239   -0.172931
   -0.160741     0.21966
   -0.126043    0.047993
    0.161839    -0.20685
    0.130767    -0.06034
    0.160573   -0.175874
    0.158298   -0.159227
   -0.112126    0.014748
    0.133891  -0.0688858
   0.0356169    0.123303
   0.0011002   -0.172854
    0.126722    -0.26335
    -0.10022  -0.0109262
   -0.053071     0.22759
  -0.00669491   -0.163082
  -0.0156191    0.189993
    0.148015   -0.252484
    0.121534  -0.0367625
    0.137174   -0.260643
   0.0494401   -0.224387
    0.160814   -0.178195
    0.160943   -0.179522
   -0.145025    0.255518
   -0.128687     0.26311
    0.128215  -0.0535889
   0.0626815   -0.235566
    0.151608   -0.126921
  -0.0426375    -0.11278
    0.161943   -0.196893
   0.0451903   -0.220512
  -0.0636516    0.236329
  -0.0799253    0.247896
  -0.0359193   -0.122857
