          -1    0.912635
    0.659018          -1
           1   -0.867763
          -1   -0.780086
   -0.912342           1
           1   -0.100922
           1    0.509347
    0.594574          -1
           1   -0.298495
          -1   -0.972766
    0.718194          -1
   -0.753792          -1
           1    0.824967
   -0.772672           1
    0.645775           1
    0.384133          -1
          -1  -0.0924124
    0.823954           1
   -0.622091           1
   -0.206023          -1
    0.148732          -1
     0.23441           1
          -1    0.428942
           1   -0.401342
          -1     0.64932
   -0.876276           1
   -0.823433          -1
    0.490606           1
           1    0.527073
    0.523461          -1
    0.877499          -1
          -1  0.00220645
          -1   -0.262299
          -1    0.717145
   -0.941927           1
          -1   -0.771363
   -0.292185          -1
   -0.586694          -1
           1    0.619038
          -1   -0.569017
          -1    0.446593
   -0.103962           1
    0.890035           1
   0.0394514          -1
  -0.0378661          -1
     0.80528          -1
           1   -0.686103
           1    0.928808
     0.48158           1
          -1   -0.186346
   0.0810772           1
   -0.708488          -1
          -1   -0.275477
   0.0622217           1
   -0.461429           1
     0.52257          -1
           1    -0.41761
   -0.763578          -1
           1    0.754826
           1    0.898351
          -1   -0.957268
          -1    0.982812
          -1    0.409055
    0.988291          -1
          -1    0.124058
   -0.956969          -1
          -1    0.496813
          -1   -0.729612
   -0.595304          -1
   -0.918751           1
   -0.688119           1
           1   -0.702637
           1   -0.109585
          -1   -0.542622
          -1    0.279237
           1    -0.99576
           1   -0.174317
          -1  -0.0602417
   -0.482983           1
           1   -0.192044
          -1    0.168597
           1    0.368689
           1    0.821757
          -1     0.19111
  -0.0193545           1
          -1   -0.833714
          -1   -0.177775
           1   -0.211217
   0.0760725          -1
   0.0196115          -1
    0.168151          -1
   -0.609942           1
           1   -0.311414
           1   -0.187518
           1    -0.75619
          -1    0.444765
           1  -0.0158307
  -0.0667129          -1
           1   -0.652444
           1   -0.443778
           1   -0.862357
          -1   -0.477976
    0.658766          -1
   -0.296956          -1
           1   -0.826558
   0.0339752           1
           1   -0.206179
          -1    0.444095
          -1    0.933608
          -1    0.741499
    0.376371          -1
           1    -0.57138
          -1  -0.0881806
          -1    -0.48387
   -0.395676           1
           1   -0.329165
   -0.282607           1
          -1   -0.267039
   -0.122261          -1
    0.698705           1
   -0.992264          -1
   -0.026879           1
           1   -0.418939
    0.888835          -1
           1   -0.922171
   -0.931634          -1
    0.354602           1
           1    0.324499
   -0.142591           1
           1    0.243682
   -0.436572          -1
          -1    0.648002
    0.973267           1
           1   -0.641486
    0.541196          -1
   -0.473581          -1
           1    0.200289
    0.258716           1
           1     0.83954
          -1    0.240717
   -0.262447           1
   -0.952826           1
    0.305334          -1
  -0.0120047           1
   -0.889886           1
   0.0652668          -1
    0.650441           1
   -0.429247          -1
    0.509968          -1
    0.913497          -1
           1    0.385093
    0.258324           1
    0.951931          -1
   -0.212173           1
          -1    0.871567
          -1   -0.283139
           1   -0.584608
          -1  -0.0196344
           1   -0.252003
          -1   -0.615337
   0.0232295           1
   -0.143777           1
    0.582435           1
          -1   -0.294807
   -0.814843           1
     0.40801          -1
   -0.245269          -1
    0.343004           1
          -1   -0.211279
   -0.958527          -1
          -1    0.815109
   -0.464031          -1
          -1    0.869825
   -0.850069          -1
          -1   0.0845929
   -0.247336          -1
   -0.589441          -1
          -1    0.330141
    0.684751          -1
   -0.972445          -1
           1   -0.565762
   -0.756095           1
          -1   -0.641278
           1    0.694874
    0.751179          -1
           1    0.649517
          -1    0.426716
   -0.184633           1
           1    0.863857
          -1   -0.318927
   -0.211958          -1
           1   -0.962768
     0.75269          -1
          -1    0.942461
          -1    0.243187
          -1    0.833835
    0.268008           1
   -0.961536           1
  -0.0069321          -1
    0.166851           1
