    0.867886   0.0254803
    0.138259    0.210636
    0.202708    0.329918
    0.112803    0.689309
    0.642508    0.198073
    0.844955    0.014506
    0.346508     0.63118
   0.0242126    0.292589
    0.372621   0.0253558
    0.408253   0.0761431
    0.336343    0.527126
    0.565758   0.0659769
    0.582081   0.0951856
    0.519876    0.171006
    0.158383    0.333933
   0.0913129    0.581089
   0.0607222   0.0608534
    0.113057    0.803808
    0.186586    0.746097
     0.18723    0.188874
   0.0135441    0.123447
    0.142153    0.652651
    0.260873   0.0305295
    0.499922    0.232295
    0.219071    0.448393
    0.688206    0.217776
    0.228446    0.658358
    0.252423    0.625666
   0.0701328    0.118245
    0.640835    0.133976
   0.0735757    0.289977
    0.894406   0.0880882
    0.198648    0.519759
    0.529619    0.362272
    0.766534    0.132345
    0.388172    0.241907
    0.764781   0.0762295
   0.0271875    0.601271
    0.604589   0.0733492
    0.229687    0.678701
   0.0364101    0.604948
  0.00925204    0.615319
  0.00163763    0.140464
    0.117331    0.781727
    0.232288    0.212785
    0.533684    0.426128
     0.60238   0.0481806
   0.0402587    0.262944
   0.0786539    0.564341
    0.594828    0.225004
    0.291114    0.659304
     0.42037    0.220751
    0.712827    0.148437
    0.487598    0.223336
    0.654702    0.208972
   0.0353261    0.768541
     0.68891    0.152378
    0.573976    0.220893
    0.269142    0.438641
    0.120386    0.318594
    0.195355    0.210792
    0.083644    0.342308
    0.333609    0.473489
    0.815155    0.058883
    0.631907    0.177406
   0.0536584    0.222353
    0.118502     0.40042
    0.607407   0.0877395
   0.0913156    0.398355
    0.540267   0.0733099
    0.125575    0.858369
    0.665949   0.0993484
    0.233779   0.0100337
   0.0865806    0.233776
    0.669548    0.311039
    0.272178    0.258445
    0.581025    0.404858
    0.419754     0.39397
    0.319259    0.373945
    0.468735   0.0300277
     0.50227    0.432595
    0.213304    0.230898
   0.0384808    0.129664
    0.445005    0.462776
     0.12177    0.288255
    0.152594    0.313616
    0.210274    0.215379
    0.302681     0.47391
  0.00456422    0.355464
    0.614689    0.093186
    0.764441    0.155667
    0.353246    0.320362
     0.22536    0.101232
   0.0920248     0.19227
    0.747046    0.167886
    0.453347    0.325006
    0.629982    0.233148
   0.0328836    0.202913
    0.468847    0.426065
    0.615582  0.00647381
   0.0831223     0.40547
    0.274961  0.00601074
    0.516171     0.37545
   0.0464107    0.236135
    0.510765    0.413526
    0.298985    0.288585
   0.0896143    0.647255
    0.137183    0.338028
     0.31024   0.0154124
     0.30168    0.688686
    0.122685    0.536653
    0.676883    0.277917
   0.0135093    0.190981
     0.31314    0.640127
    0.222063    0.714636
   0.0248212    0.955465
    0.508408    0.189291
    0.563863     0.19005
    0.785942    0.150686
   0.0421902    0.842966
    0.392671    0.255431
   0.0889615     0.54659
    0.686732    0.173789
    0.703976     0.25774
    0.215244    0.214624
    0.048227    0.902732
   0.0367744    0.516592
      0.1806    0.204885
    0.136751    0.329983
    0.023135    0.600046
    0.792847   0.0331245
   0.0595793    0.684504
    0.265104    0.530858
    0.382299    0.571321
   0.0324919    0.179617
    0.301154    0.563151
   0.0551473    0.272343
    0.151591    0.214373
     0.23039  0.00250786
    0.317231    0.666993
    0.274561    0.325844
   0.0756145    0.359612
    0.129979     0.60868
     0.63357    0.142124
    0.565056   0.0564911
    0.417219    0.182305
    0.535054   0.0181382
    0.250189   0.0427985
    0.261843     0.11535
    0.192387    0.749782
    0.179375    0.741834
    0.178708    0.182648
    0.634177    0.208972
     0.36651    0.234143
    0.389655    0.157248
   0.0337078    0.707939
  0.00925499    0.312526
  0.00620905    0.827888
    0.203266    0.245158
    0.215693    0.687611
     0.88526    0.111726
    0.246102    0.178284
  0.00787759    0.441143
    0.199453    0.217588
    0.286798    0.187892
    0.265271     0.21897
    0.511004    0.181456
    0.810999    0.185306
    0.820178    0.049612
    0.333051   0.0437683
    0.127006    0.191586
    0.822131   0.0685365
    0.547303    0.266002
    0.513761     0.38998
    0.377739   0.0153422
    0.376002    0.558209
     0.46481    0.252124
    0.216605    0.675941
    0.759088    0.237148
   0.0435682    0.163321
    0.105712    0.182649
     0.18939    0.646956
    0.531096    0.125633
    0.187177    0.544809
    0.227493    0.558552
    0.109707    0.117139
    0.191231    0.513572
    0.237382     0.30134
    0.248977    0.335694
    0.149193  0.00929041
    0.477913   0.0979764
    0.179972    0.363922
     0.19034    0.414238
    0.156712    0.510041
  0.00543075    0.651109
    0.437155    0.420045
    0.255272    0.436701
    0.111758    0.656554
    0.294548    0.122066
     0.14674    0.554488
    0.371665    0.268536
    0.160866   0.0643386
    0.240714    0.180418
    0.448549   0.0832426
    0.304822    0.331503
    0.279827    0.481903
    0.406098    0.335332
    0.129802    0.228094
    0.554672    0.163118
    0.110517    0.179651
     0.48843    0.477742
    0.564836    0.426132
    0.479674    0.359909
    0.741455    0.179472
    0.228886    0.370095
    0.742594    0.224783
    0.482222    0.349649
    0.215519   0.0472042
    0.354746    0.413444
    0.282359     0.30536
   0.0850621    0.407232
   0.0660236   0.0601784
     0.34071    0.636941
    0.378649    0.386465
    0.307767    0.626638
    0.243554    0.557785
    0.844558  0.00505664
    0.440702    0.177125
    0.898674   0.0246991
    0.437769    0.102939
    0.511911    0.282914
    0.732252   0.0694688
    0.254642     0.53782
   0.0998735    0.411982
    0.295208    0.497967
    0.226329    0.130198
    0.525414   0.0628093
   0.0195737    0.494136
    0.388077    0.119524
    0.788577     0.20406
    0.164462    0.810313
    0.149769   0.0431479
    0.744167    0.130123
    0.559709    0.416574
    0.613834   0.0955547
    0.419797    0.497172
    0.205791   0.0393677
  0.00282356    0.226764
    0.841667   0.0670546
   0.0976911    0.719069
    0.636886     0.08569
    0.117724    0.676517
  0.00391542     0.62229
  0.00101404     0.86712
    0.150926    0.484539
  0.00169678    0.422465
    0.273922   0.0247256
    0.380839     0.56039
    0.110181    0.651094
    0.488916    0.447797
    0.291376   0.0786464
    0.541862    0.259303
    0.526157   0.0561044
   0.0196587    0.903262
    0.240397    0.619149
    0.896737   0.0168388
    0.158636    0.489062
    0.377131     0.34705
    0.642882    0.110676
    0.305942   0.0120956
    0.206836    0.738688
   0.0984443    0.228302
    0.340671    0.276209
    0.107994    0.854965
   0.0649851     0.89144
    0.633808    0.339568
    0.110229   0.0762004
    0.363446    0.609806
    0.501392    0.194744
    0.153832   0.0805984
    0.469666    0.221501
   0.0217067    0.758019
    0.100592    0.610257
    0.038098   0.0364805
    0.410482    0.128378
    0.213341    0.531255
    0.659588    0.154599
   0.0521146    0.707909
    0.289279   0.0571569
     0.33285    0.449293
    0.167573    0.229005
    0.578675    0.185347
   0.0757228    0.245364
    0.156877   0.0752773
    0.173149    0.591166
    0.501946   0.0662806
    0.123859    0.095797
   0.0525993    0.704809
    0.373986    0.434769
    0.100321    0.585082
    0.202264    0.783922
     0.37968    0.117132
    0.652094    0.173777
    0.329633   0.0685681
     0.97857  0.00797986
    0.418713  0.00974601
    0.627327    0.275043
    0.302626    0.663607
   0.0261585    0.460108
    0.355912    0.298776
    0.286013    0.704141
    0.484956    0.145764
    0.452584    0.311722
    0.558958    0.414765
    0.364844    0.249157
   0.0943181    0.405947
    0.365027    0.160213
    0.580355    0.354984
    0.148984    0.143669
   0.0745306    0.634192
    0.191791    0.758295
    0.243671    0.561012
    0.444589    0.410564
   0.0379174    0.205866
    0.318086    0.364829
    0.261595    0.698406
    0.195639    0.535643
    0.284473     0.14234
  0.00667213    0.418916
     0.74853    0.056226
   0.0262676    0.718224
    0.056563    0.521279
   0.0180205    0.282251
    0.160802   0.0972641
    0.149159    0.392173
   0.0795767   0.0250142
   0.0835089     0.20147
    0.456885      0.3332
   0.0595121  0.00304698
    0.272431    0.317495
   0.0447957    0.521106
    0.237328      0.2042
   0.0604158    0.680458
    0.493822  0.00632289
   0.0374236    0.406937
    0.548391    0.255422
   0.0298754    0.946527
   0.0868938    0.776495
    0.213007    0.523056
   0.0694762    0.676247
    0.670382    0.290216
    0.203847  0.00877569
   0.0110891    0.837907
    0.885087   0.0112108
    0.904965   0.0690269
    0.674455    0.226125
    0.293152    0.485395
    0.255717    0.510893
    0.215727    0.225929
  0.00487557    0.113665
   0.0896965    0.561546
    0.234227    0.507536
    0.111432    0.333329
    0.155827    0.495634
     0.72165    0.219105
    0.111573   0.0399248
    0.246235    0.598461
    0.187041    0.636381
    0.188772    0.788133
    0.127562    0.785979
    0.110678    0.289049
    0.161904    0.640147
   0.0578816    0.877163
   0.0521918   0.0955861
    0.672054   0.0255037
    0.127632  0.00529237
  0.00516263    0.509044
    0.332354    0.112455
    0.198138    0.643048
   0.0312039    0.142632
   0.0911694    0.583768
    0.274329     0.33448
    0.293591    0.589411
   0.0418954    0.323928
    0.411775    0.451581
    0.300881    0.596226
     0.29355    0.381498
     0.10254    0.489668
   0.0924594   0.0205385
   0.0265447    0.930142
    0.482687    0.131041
    0.148091    0.482672
   0.0610986    0.660713
     0.12609    0.598604
    0.274354    0.664448
    0.638862    0.226849
    0.428819    0.103767
    0.174607    0.133937
      0.2004    0.601587
     0.37086    0.258917
   0.0771201  0.00224009
    0.133728    0.444034
    0.323615    0.376846
    0.295953   0.0696097
    0.488659    0.183124
    0.434131    0.557665
  0.00166234    0.113526
    0.428179   0.0478963
    0.624148  0.00613745
   0.0147568    0.208612
    0.397883    0.456588
    0.657991    0.249949
   0.0274832    0.415942
    0.267429   0.0703068
   0.0404363    0.763047
    0.247336    0.211612
    0.235754    0.273502
    0.641893    0.252286
    0.250495    0.549338
    0.379761    0.513388
    0.738664    0.223565
    0.240336   0.0381925
    0.448929    0.151939
    0.453376      0.4693
    0.728728   0.0801457
    0.146515    0.323061
    0.248226    0.545145
    0.235767    0.695168
    0.227883    0.437065
   0.0889559    0.307664
     0.29601   0.0377217
    0.124672    0.290072
    0.125199    0.732576
    0.321052    0.109246
    0.789825  0.00245542
   0.0131771    0.386698
    0.306031    0.513061
     0.12198    0.802973
    0.115799    0.131244
     0.58565    0.389973
    0.699752    0.157489
    0.356847    0.347612
    0.157863   0.0770493
    0.638893    0.162002
    0.245135     0.10422
    0.094132    0.817153
    0.238143   0.0929031
    0.116891   0.0590943
    0.338022    0.515199
    0.845959    0.136519
    0.271529    0.389722
    0.185635     0.56769
    0.473836    0.238428
    0.486102     0.43583
    0.516896    0.237876
     0.22958    0.620548
    0.553515     0.29326
    0.884082   0.0886553
   0.0374293    0.540297
    0.350195    0.430648
   0.0162107     0.77589
   0.0100369    0.335853
    0.328714   0.0294147
   0.0179247    0.965597
    0.383747    0.579367
     0.50891    0.313281
    0.148075    0.345308
    0.340468    0.176262
   0.0686919    0.321803
    0.398025    0.353128
   0.0963423     0.54806
    0.378284   0.0328498
   0.0216962    0.901073
    0.125486    0.703096
    0.596453    0.193904
    0.564214    0.338486
    0.453986    0.512956
   0.0113319    0.243047
  0.00182663    0.241682
    0.415832     0.11654
    0.109788    0.345858
    0.249088    0.542365
    0.350454    0.195301
    0.436152     0.53118
    0.703217    0.211756
    0.357663    0.373623
    0.515009    0.335529
    0.783573    0.208264
    0.427606    0.435571
    0.828946    0.140583
    0.452345    0.202573
    0.243479    0.274531
    0.761214    0.176916
      0.7615   0.0312086
    0.347067    0.261045
    0.290217    0.512866
    0.792763   0.0445125
      0.2742     0.53419
    0.099584    0.148401
    0.534777    0.104586
   0.0549306    0.369885
     0.59262    0.154296
    0.572579    0.382678
    0.158977    0.085816
    0.674639    0.271777
    0.112631    0.165258
    0.350033    0.636614
    0.733499   0.0672769
   0.0278799   0.0422838
    0.863245   0.0796033
  0.00361789    0.917646
   0.0893452    0.738635
    0.439331  0.00484465
   0.0313591    0.291152
    0.612255      0.2404
    0.078784     0.21221
   0.0407672    0.430549
    0.127473     0.74801
    0.104452    0.274678
    0.259492    0.356928
    0.167945    0.781505
    0.467033   0.0709945
    0.476873    0.362709
     0.70123   0.0334835
   0.0705892    0.702718
    0.230858    0.433324
    0.669702    0.209225
    0.215932    0.141179
    0.670752  0.00389608
    0.156337    0.529549
    0.498702    0.230284
    0.214059    0.587396
    0.226615    0.174628
    0.155992    0.352706
    0.268271    0.590444
    0.099795    0.113117
    0.191123    0.590011
    0.164144   0.0763622
    0.169407    0.318736
    0.292545    0.585125
    0.260398    0.458985
    0.163637   0.0152239
    0.705242    0.121815
    0.332285    0.310871
    0.169585    0.772593
    0.391107    0.276359
    0.595986    0.345944
    0.157006     0.62901
    0.514768    0.308169
    0.333046    0.483443
    0.339157    0.526862
   0.0375016    0.467606
    0.118019    0.235176
    0.137402    0.595437
   0.0134786    0.381525
     0.54917   0.0510077
    0.306232    0.296222
    0.197969     0.45298
   0.0828242    0.465187
    0.234409    0.229892
    0.158444     0.44052
    0.389969    0.488542
    0.171134    0.757287
    0.230062    0.279269
    0.709888    0.256493
    0.558358    0.232682
    0.633084    0.302384
    0.391469    0.221526
    0.233355    0.220038
    0.320682    0.281215
    0.374769    0.453512
    0.614057     0.12661
   0.0695861   0.0219432
   0.0615114   0.0124029
    0.907242   0.0869161
    0.052767    0.331739
    0.183082    0.609362
    0.143108    0.801916
   0.0495861   0.0118035
   0.0136581     0.43252
    0.181193   0.0380244
    0.355323    0.234299
    0.367401    0.525629
    0.133015    0.133308
    0.148983    0.766494
    0.678825    0.281364
    0.448555    0.361693
   0.0666097     0.58087
    0.178558    0.465451
    0.370851    0.187087
   0.0727206     0.10587
    0.242973    0.729334
     0.24297    0.389948
    0.425991     0.30179
     0.27806    0.108531
    0.266093    0.514011
   0.0901518     0.84308
    0.277554    0.624004
    0.609128    0.246968
   0.0433722    0.335184
    0.126165    0.649775
    0.539687    0.252927
    0.289252   0.0951356
    0.364868   0.0380885
   0.0490297    0.111798
    0.529839    0.185083
  0.00510662    0.124801
     0.66338    0.244557
    0.602671    0.150842
    0.169667    0.806816
    0.174372    0.594373
    0.430872    0.449576
     0.04515    0.697728
     0.29849    0.104352
    0.109841    0.388733
    0.494124    0.500492
    0.281437    0.185573
   0.0362669    0.697394
    0.314656   0.0366072
    0.382465    0.361136
    0.257074   0.0607354
    0.649192    0.331276
    0.559081    0.337236
    0.358986    0.448418
   0.0778289    0.452554
   0.0254167    0.375189
    0.115615    0.436447
    0.131137    0.689867
    0.636582    0.355101
   0.0605861    0.628775
    0.359034    0.546017
    0.110467    0.245366
    0.679952    0.203358
    0.336903   0.0233898
    0.513842   0.0215878
    0.478902    0.329482
    0.286689    0.438214
     0.68582    0.255296
    0.525262    0.336772
   0.0554231    0.264408
    0.480005     0.49564
    0.102655    0.413987
    0.120671    0.754372
    0.645625    0.234512
    0.246183    0.606261
    0.671499    0.300908
   0.0436542   0.0998588
    0.391865    0.315707
    0.048449    0.761947
    0.367807    0.611559
    0.259181    0.344906
    0.448955   0.0423239
    0.176093    0.232658
   0.0607292    0.399557
   0.0669371    0.516161
    0.740776    0.148746
     0.33035  0.00326861
    0.228059    0.213066
    0.074777    0.493661
    0.802611   0.0400525
    0.409596   0.0365183
    0.809747   0.0321997
    0.873952   0.0322563
    0.515664     0.32634
    0.425469    0.105993
    0.537316  0.00264547
    0.301432    0.435125
   0.0307314     0.46288
    0.495607    0.467436
     0.13643   0.0834879
    0.525178    0.119791
    0.393922     0.36058
    0.316884    0.658125
    0.202148    0.180046
   0.0658491    0.710716
    0.607153   0.0925302
  0.000228175    0.563669
    0.610577    0.074834
   0.0651683    0.758496
    0.130985     0.53826
    0.646669    0.328136
    0.491601    0.122287
   0.0681889    0.263042
    0.340923    0.380077
     0.64797   0.0211582
    0.488395    0.118143
    0.256258    0.530968
    0.689922   0.0664566
   0.0135891    0.319159
    0.148524    0.764016
    0.249055    0.101711
    0.426676   0.0202726
    0.762112    0.191935
    0.232718    0.569941
    0.103408    0.812755
    0.276276     0.45936
    0.216425    0.374007
   0.0173611    0.832312
    0.137593    0.688581
    0.235703    0.210745
    0.175453     0.80495
   0.0622857    0.273312
    0.975125  0.00320227
    0.415147   0.0545545
    0.851247   0.0545229
   0.0605138    0.583711
    0.416924    0.559778
   0.0221379    0.234731
    0.549187   0.0791973
   0.0224117    0.852307
    0.391533    0.566631
   0.0261873    0.805993
    0.428755    0.335997
  0.00470566    0.039845
    0.445451     0.40562
    0.529535    0.341281
   0.0911189    0.333592
   0.0681318    0.594708
   0.0297052    0.271351
    0.261625    0.460125
   0.0783761    0.394684
   0.0856408    0.427263
    0.598006    0.082143
    0.488698    0.306726
    0.509378   0.0686524
    0.330957    0.102716
   0.0285017    0.372205
     0.22562    0.764017
    0.366046    0.487716
    0.551247   0.0629192
    0.516461    0.446137
     0.70138    0.017081
   0.0645442    0.261946
    0.304965    0.569372
    0.580684     0.13132
     0.20047     0.52935
    0.216233   0.0770471
    0.358124    0.102954
    0.235461    0.743803
    0.304521    0.376325
    0.325318    0.407216
    0.740989   0.0267696
    0.214067    0.749502
    0.887123   0.0882464
    0.687047   0.0216267
    0.365707    0.490391
    0.434501    0.228879
     0.27329    0.330223
    0.086033     0.42743
    0.242002     0.14387
    0.208886   0.0295232
    0.392818    0.514427
     0.19819    0.535508
   0.0786432    0.335569
     0.43265     0.51811
    0.581786   0.0320328
    0.259912    0.553559
   0.0175261     0.25994
    0.386288  0.000505912
    0.260899    0.500316
   0.0766999     0.85214
    0.219945    0.463056
    0.130103    0.382676
    0.156083     0.51408
    0.245284   0.0018083
    0.179164    0.730118
    0.732109    0.168649
    0.256491    0.634861
    0.545867    0.161563
    0.330103    0.290061
   0.0386434    0.779245
     0.30609   0.0697677
    0.580751    0.341708
    0.792921  0.00462085
    0.267174    0.126122
    0.271189   0.0127232
    0.557758    0.178395
    0.519633    0.471568
    0.710551   0.0788192
    0.448784   0.0883915
    0.513573    0.173809
    0.109072     0.61006
    0.873042   0.0375284
    0.133144    0.831749
     0.41414    0.236614
    0.468167   0.0489936
    0.254752    0.165605
    0.912499   0.0788876
    0.684014    0.126849
    0.452481    0.437718
    0.311814    0.177082
    0.520504    0.248072
     0.30546    0.559453
   0.0167954    0.340911
    0.400499    0.492194
    0.266235   0.0178526
    0.438238    0.247922
    0.404121    0.289124
    0.419831    0.207074
   0.0666955    0.924462
    0.233345    0.668764
   0.0706871    0.603824
    0.282133     0.36574
    0.502023   0.0149736
    0.654582    0.265475
   0.0385047    0.835922
    0.291955    0.539896
   0.0308054    0.561571
  0.00269457    0.889628
    0.287337    0.259103
   0.0715235    0.543618
    0.119169    0.687775
     0.50245   0.0479295
    0.196673    0.423815
    0.588298    0.374238
   0.0842418    0.866177
    0.304333    0.547848
  0.00203364    0.624784
    0.815764   0.0231915
    0.146786    0.346576
    0.476168    0.175875
    0.283546    0.467789
    0.272115    0.366764
    0.875916   0.0364186
    0.318397    0.440566
    0.227163   0.0327767
    0.282715    0.465342
   0.0656712    0.280057
   0.0378331    0.357542
    0.247575  0.00407273
   0.0336252    0.580798
    0.153025    0.432437
    0.388967    0.502037
    0.197944   0.0276665
    0.455856    0.341348
   0.0360651    0.812002
   0.0936733    0.775934
     0.14783   0.0786812
   0.0683067    0.923103
    0.408983    0.218741
    0.448718    0.469557
    0.425733    0.286537
    0.106982    0.144059
    0.555108    0.262067
      0.5937    0.266381
  0.00300666    0.729154
    0.050091    0.269178
     0.63816   0.0633715
    0.147258    0.130202
    0.232231    0.234717
   0.0743233    0.008317
     0.10569   0.0369114
   0.0693794  0.00113122
    0.731501    0.206185
    0.351592     0.16295
    0.215572    0.234893
    0.138846    0.679735
   0.0771711    0.073395
    0.498627     0.43151
    0.750882    0.123312
    0.264298    0.069644
    0.180749    0.571262
    0.008025      0.9653
    0.727347   0.0366854
    0.587974   0.0519841
    0.442174    0.195876
    0.343129    0.409527
    0.040601    0.434374
    0.137458    0.730651
    0.737271   0.0168049
    0.108258    0.681103
    0.429216    0.438252
   0.0821162    0.310085
    0.787373   0.0194096
    0.661038    0.312561
    0.563642    0.318526
   0.0396869    0.642601
    0.463456    0.532607
   0.0167399   0.0879791
    0.365834    0.245892
     0.20398    0.183499
    0.204218    0.180981
    0.206255    0.441813
    0.426804    0.166778
    0.453987     0.17715
    0.549943    0.227336
    0.487869    0.396598
     0.41672    0.316504
    0.527022   0.0744915
    0.162362     0.30396
    0.513092    0.168314
    0.753959   0.0345787
    0.251349    0.708148
    0.504659   0.0440181
    0.169398    0.634179
    0.104434   0.0443761
    0.752165   0.0315733
    0.146921    0.309661
    0.585362      0.3037
    0.877919   0.0761507
    0.221638    0.720119
    0.161529    0.256029
     0.46347    0.326006
    0.329682    0.393067
    0.062022    0.565885
   0.0244839    0.103352
    0.521202     0.25808
    0.350035    0.188566
    0.356019    0.111352
    0.511847    0.455535
    0.465062    0.423755
    0.259694    0.410371
    0.116084    0.663055
    0.113875    0.549052
     0.27078    0.244363
    0.220116    0.325824
    0.906872   0.0490224
    0.236657    0.385559
    0.265366     0.28154
    0.786672    0.102519
     0.21307    0.266535
    0.131726    0.320268
    0.233218    0.481574
    0.744035   0.0756032
   0.0580025    0.313918
    0.697344    0.145937
     0.19487     0.21248
   0.0226724    0.624126
    0.318387    0.295511
    0.377534    0.260151
    0.160058    0.376288
    0.392597    0.493441
   0.0292321    0.249179
     0.31485   0.0435049
    0.346652    0.298002
     0.57544   0.0323205
    0.663573    0.196857
    0.325774    0.367184
    0.249413    0.207696
    0.454887     0.25035
    0.169876    0.763381
    0.571399   0.0796729
    0.373183   0.0838503
    0.361681    0.450277
    0.125114      0.7015
    0.109316    0.813979
   0.0599588    0.726166
   0.0773762    0.532931
    0.437051    0.204378
    0.257229     0.23713
   0.0642388    0.388339
    0.560535    0.270545
    0.544702    0.247564
    0.118488    0.126463
    0.541855    0.131407
    0.213561     0.58781
    0.730799     0.14443
    0.494358   0.0397934
    0.168128   0.0961945
    0.756817    0.223846
    0.588972    0.290451
    0.193207    0.636456
    0.400643    0.365633
    0.556867    0.395198
    0.236263    0.701434
    0.207437    0.150154
     0.52056    0.251156
    0.184587    0.418027
    0.115518    0.731306
    0.247332    0.497736
    0.058175    0.188147
    0.243538    0.702488
      0.5246    0.088743
   0.0144236     0.79154
   0.0413543   0.0182859
    0.258051    0.597526
    0.178015    0.510888
   0.0283144   0.0963841
    0.527292    0.107056
   0.0758042    0.462932
    0.369505    0.497345
    0.132834   0.0807221
    0.136305    0.290274
    0.344865    0.171632
    0.746948    0.193389
    0.324938   0.0791134
   0.0376852    0.155944
   0.0449518    0.190787
  0.000897265    0.765972
    0.681727    0.121981
   0.0767041    0.886147
    0.204936    0.705759
    0.128404    0.214796
    0.169182     0.72981
   0.0525692      0.9382
    0.631029    0.170425
    0.144213    0.827845
    0.879376   0.0791477
    0.645523   0.0674563
   0.0762907    0.124993
