   0.0571818     1.55949
    0.217165     1.45711
    0.108727     1.32667
   0.0674337     1.33835
   0.0114744     1.47592
   0.0161602     1.42784
    0.105062     1.50726
    0.208729     1.30949
    0.234966     1.40196
   0.0247518     1.31264
    0.224911     1.52959
   0.0322285     1.31101
   0.0681472     1.54814
   0.0297572     1.40219
    0.215431     1.37996
    0.181183      1.4571
    0.225466     1.42895
    0.238755     1.46654
   0.0494682     1.50903
    0.103931     1.35835
    0.150369     1.40623
    0.161584     1.40479
   0.0557449     1.49683
   0.0308156     1.38844
    0.215985      1.5254
   0.0161954     1.49587
   0.0231125     1.51331
     0.19512      1.3909
    0.235455     1.50956
    0.199421      1.4167
    0.245764     1.45721
  0.00466527     1.44131
   0.0109718     1.40671
   0.0711371     1.53418
  0.00760175     1.31367
    0.039894     1.33951
   0.0926527     1.34083
   0.0541016     1.36565
    0.160469     1.52148
      0.1537     1.36633
    0.201077     1.49912
    0.117291      1.5333
    0.247405     1.54726
    0.136064     1.31708
    0.125943     1.38659
    0.236311     1.48472
    0.107934     1.35083
    0.218153     1.56158
    0.193938     1.42956
    0.171102     1.41666
