     12.7698     5.98941
     10.6202     7.26029
     10.9826     5.75064
     11.2603      5.5397
     12.4582     5.16951
     12.1338     5.20755
      12.143     6.56368
     10.3154     5.95669
     10.3127     6.92567
     11.0415     5.15582
     10.6102      7.7119
     11.0104     5.19786
     12.6435     6.14542
     11.9217     5.34679
     10.4864     6.70307
       11.09      7.0749
     10.4654     7.10089
     10.3315     7.38191
     12.5466     5.77887
     11.2791     5.92007
     11.2298     6.55684
     11.1161     6.62684
     12.4479      5.8507
      11.811     5.33872
     10.7482     7.65283
     12.5736     5.25087
     12.6619     5.37153
     10.7255     6.71554
     10.4197      7.6329
     10.7542     6.92014
     10.2252     7.33366
     12.2372     5.06264
     11.9834     5.13076
     12.5534     6.16126
     11.0664     5.04867
     11.3442     5.32805
     11.1875     5.73777
     11.5583      5.5244
     11.5618     7.24429
      10.997     6.31528
     10.9283     7.43407
      12.135     6.81198
     10.2481     7.86547
     10.7631     5.81193
     11.3298     6.25301
     10.3837     7.48908
     11.1978     5.90604
     10.7643      7.8515
     10.8538     6.97984
     11.0679     6.76472
     11.8283     7.07737
     12.5278     5.58909
     10.6815     6.85302
     11.3501     6.48896
     12.5823     6.16245
     11.0557     7.68231
     11.7834     5.38627
     12.6324      5.4945
     12.4802     6.36671
     11.4144     7.56769
     10.3451     6.02559
       12.95     5.47807
     11.6319     6.99329
     10.0222      7.4154
     12.3382     5.16978
     12.4221     5.08189
     11.0924     7.40708
     11.0677     5.97038
     12.6667     5.87735
     12.6763     5.17101
     12.7723     5.69299
     11.0672     6.02492
     10.3561      7.1059
     10.9901     6.35984
     11.5394     6.93577
      11.003     5.10434
     11.1405     6.73265
     11.2023     6.82031
     12.4368     6.04774
     10.7316     6.92264
     11.2118     7.05082
     12.2586     6.17204
     10.9717     7.70976
     12.3501     5.49142
     12.0089     6.94874
      10.304     6.25408
     11.7056     6.17472
     11.2869     6.58083
     11.7809     7.00755
     11.2916     6.33203
     11.4227     6.85855
     12.6711      5.8449
     11.3052      6.4321
     11.3872       6.525
     10.6521     6.24497
     10.5721     7.54004
     12.2043     5.27846
     12.1055     6.89569
     10.9394     6.22788
     10.8534     6.58006
     11.1749     5.41243
     10.8481      6.5391
     10.5641     7.05404
     10.9565     5.58928
     10.7165     6.08647
     10.7176     5.75699
     10.2589     7.02688
      10.523     7.55008
     12.2309     6.93839
      12.801     5.34728
     10.9048     6.69724
     11.6449     5.09391
     10.3093     7.13345
     11.2867     6.18696
     11.8815     5.96675
     10.0864     6.91726
     12.0582     6.30025
     11.5583      6.2262
     10.9838     5.81091
     10.2894     6.20013
     11.0329     5.00628
      11.765     6.69202
     11.0754     6.47234
     10.2404     7.74592
      11.028     5.50456
     12.2512     5.12099
     10.9926     6.78756
     12.4389     5.59123
     11.3294     6.06064
     11.3456     7.04063
     12.4171     6.14538
     11.3906     7.37873
      10.041     6.95024
     11.5161     5.36791
     10.7508     6.99265
     12.4394     6.07024
     10.4892     7.35836
     11.3459     7.04444
     10.7623     7.78873
     11.5169     6.91364
     10.9149     5.59845
     12.1072     5.07811
     11.0367      6.7078
     11.7404     6.70785
     11.9256     5.16695
     11.9823     7.19667
     10.5989     7.12643
     11.7003     5.81772
     10.3972     5.98064
      10.086     6.26413
     10.2908     7.54083
      11.048     6.59081
     10.0452     6.19736
     11.8329     6.30506
     10.8025     7.80041
     10.8557     6.77066
     11.5901     5.36469
     10.8491     7.04951
     11.4073     6.41832
      10.502     6.51215
     11.7925     6.85918
     11.3869      6.1044
     10.9613     7.82547
     11.1462     6.58332
     12.9248     5.42836
     10.7399     6.47505
     11.6656     6.12189
     11.4384     7.53562
     10.2036     7.02816
      12.274      5.0741
      12.629      6.1614
      10.964     5.43158
     11.3746     7.56708
     12.9095      5.3442
     12.2048     5.69076
       10.86     5.57727
     11.3512     5.45146
     12.4702     5.46782
     10.6692     7.64728
     12.3366     5.05058
     11.6358     5.24742
     12.4561     5.47634
     11.5493     5.18582
     11.9097      7.0329
     10.2155     6.08859
     12.5063     6.14744
     11.1296     7.33042
     12.3329     6.73834
     12.6442     6.20973
     10.2233     6.91688
     11.5197     6.08243
     10.9804     5.43333
      10.504       7.562
     11.7494     7.38942
     11.8102     6.64197
     12.8313     5.56511
     11.4045     7.16777
     11.6803     5.05078
      11.225     6.21175
     11.4942     6.94793
     12.0709     7.06716
     10.3076     7.44063
     12.0983     5.44509
     12.4075     5.88719
     10.6939     6.40283
     12.1394     5.04949
     10.9896     5.54547
     11.2528     7.72078
     11.8443     6.10331
     12.8195     5.86067
     10.7497     7.60237
      11.058     7.56608
     11.3797     6.11068
     10.5704      6.9542
       10.83     6.45346
     11.0327     7.15703
     12.2588     6.80233
     11.1198     6.38471
     11.1435     6.40728
     11.5603     7.53951
     11.1722      7.2757
     10.1864     6.95351
       12.02     6.52782
     11.8804     5.36335
     12.5976     5.05651
     10.7374      6.6092
     10.5175     7.47969
      10.853     6.50257
     12.1532     5.34325
     11.4754     6.82216
     11.0675     7.03255
     11.9103     6.82379
     12.2785     6.83346
     12.2112     6.12264
     10.0884     7.01766
     12.9351     5.58814
     11.9414     7.06049
     10.9545     7.41642
     11.6082     6.49002
      12.567     5.38055
     12.6067     5.86788
     10.0183      7.1569
     10.9499      6.1731
     10.0306     7.47734
     11.7257      7.1906
     10.6261     7.35228
     11.9043     5.81809
     12.1456     5.28408
     11.1257     6.22662
     12.1871     6.29161
      11.235     6.32372
     11.1431     7.76543
     12.7771     5.29986
     11.1342     6.87275
     10.2524     6.70787
     10.8235     7.44104
     11.4399     5.69944
     10.5417       7.673
     11.6562     5.11507
      11.206     5.72603
     12.4017     5.79461
     12.7091     6.10358
     12.4522     5.40907
     11.9704     7.12884
     11.8141     6.77893
     11.3135     7.14839
     12.4795     6.18288
      12.288     5.65808
     10.0385     7.87702
     10.7043      6.3916
     11.2549     6.56681
     12.0028     5.07161
     12.1047     5.11824
     12.4184     5.80262
     12.0473      6.2899
     12.0689     5.79568
     11.0985     5.79844
     12.1815     6.70619
     10.4911     6.72627
     11.0593     6.05194
     11.9373     6.14841
     11.3958     6.09788
     11.4561     5.85194
     12.4846     5.65023
     10.0497     6.43647
     12.3168      6.4516
     11.8855     6.37091
     11.4853     5.76644
     10.8556     7.16117
     11.8166     7.23479
     11.0912     7.52651
     10.0528     6.08784
     11.1314     5.24836
     11.9581     5.14895
     11.3171     6.27104
     11.8523     6.44359
     11.8529     5.10111
     11.5843     7.23537
      11.751     6.16051
       11.55      5.0975
     11.8386     5.78538
     12.5929     6.16288
     10.1752      7.3233
     11.6318     6.83176
     12.0091     5.73735
      10.456     7.06118
     11.5968      6.2934
     11.9284     6.26156
     12.0504     6.23318
     11.7402     6.40584
      11.482     6.95153
     11.0316     5.84954
     12.3285     5.85163
     11.8898     6.69946
     10.8631     5.97082
     11.6585     5.84565
     10.1562     6.23701
     12.8793     5.61286
     10.9885     7.56331
     10.2671     6.97874
     10.9369     7.70633
     11.1738     6.88954
     11.1915     6.06796
     11.6722     7.37682
     11.8542     6.15686
     11.0599     7.05613
     10.2754     6.38569
      11.567      6.1226
     10.9216     6.06429
     11.1568     5.18968
      10.431     7.27372
     12.0483     6.85559
     10.3149     6.25631
     11.2076     5.60965
     10.2939      7.4368
     11.4795     7.19222
     11.2187     6.14504
      10.381     6.64659
     11.8492     5.10247
     12.9243     5.59167
     10.8518     6.62477
     11.1111     6.59578
     11.9887     7.21547
     10.1558     6.90156
     10.6598     6.75065
     11.7008     6.95519
     10.4298     6.21525
     10.7316      7.1303
     10.8587     7.18155
     10.8019     7.47665
     11.4871     5.64637
     11.2558     6.61469
     11.1196     7.05225
     10.6877     6.43224
     12.4726     6.36825
     12.3315     6.75742
     11.5653     5.54405
     12.3062     5.76993
     11.1628     5.24843
     12.2084     6.97605
     10.7498     6.06721
       10.22     6.91071
     10.4144      5.9226
     12.5278     5.68508
     10.8497      6.9651
     11.9189     7.24724
       11.42     7.55185
     10.4746     6.74796
     12.5229     5.93617
     11.8279       7.194
     12.9463      5.5501
     10.5655     7.28001
     12.5607     6.30862
     10.5206     7.67959
     12.3889      5.7978
     11.7421     7.32781
     10.8609     7.58377
     12.2937     6.08658
     10.0139     7.31162
     11.3883     7.65139
     12.2313     5.03556
     10.9173      6.4229
     12.5912     6.50236
     11.4687     6.09148
     11.6948     7.40364
     11.9268     5.91011
     12.5259     6.29406
     10.6556     6.14874
     10.8807     5.68247
     12.4618     5.15681
      11.619      7.3209
     11.5545     5.93983
     11.5971     6.87415
      12.665     5.45742
     12.7621     5.76082
     12.5129      5.0328
     11.0174     6.54854
      10.375     5.96202
     10.3314     7.43503
     10.8242     6.83565
