    0.971478           0
     0.24443     0.75557
           0    0.586201
    0.466863           0
    0.983122    0.016878
    0.354416           0
    0.299849    0.700151
   0.0404154    0.959585
    0.128675           0
    0.159028           0
    0.859456    0.140544
    0.752482    0.247518
     0.32171     0.67829
    0.135801    0.864199
     0.49946     0.50054
    0.123309           0
    0.917241           0
           0   0.0656881
    0.178853    0.821147
    0.895233    0.104767
    0.682751    0.317249
    0.328214    0.671786
    0.759624           0
           0    0.146711
    0.734498           0
    0.827085    0.172915
     0.20238     0.79762
    0.910342           0
    0.648603    0.351397
    0.770166    0.229834
    0.566872    0.433128
    0.395384    0.604616
           0    0.675922
           0    0.633795
    0.252851           0
    0.627807           0
           0   0.0164888
    0.130504           0
    0.277167    0.722833
    0.913819    0.086181
           0    0.878828
    0.944132           0
           0    0.274451
    0.930057   0.0699433
    0.380849    0.619151
    0.516891    0.483109
    0.435861    0.564139
           0    0.394805
    0.421025           0
    0.722102    0.277898
