422.467 610.807
463.696 432.572
229.810 549.200
 79.266 304.629
155.957 506.099
155.682 603.579
333.783 688.761
271.771 403.320
336.835 595.519
184.338 430.945
363.141 236.324
313.214 246.655
495.068 144.369
339.703 504.812
256.268 397.644
121.045 177.632
234.235 681.079
413.068 531.377
413.129 566.456
 95.166 661.666
285.931 267.014
441.296 104.408
191.754 220.204
330.426 611.450
 78.778 594.270
261.609 503.979
 90.802 668.781
526.318 682.479
 76.702 409.867
378.461 368.884
 72.155 575.387
361.707 335.924
434.247 296.720
120.404 386.708
117.078 223.269
266.431 455.693
316.357 213.582
372.662 586.058
270.764 207.830
386.700 389.432
 67.822 139.904
141.461 152.656
 73.132 164.009
 94.464 141.796
383.771 542.389
332.806 521.349
322.400 197.196
112.286 274.204
319.257 244.536
453.961 497.054
298.230 229.286
189.313  98.088
278.088 652.849
472.699 636.577
115.033 401.655
248.395 182.740
357.709 439.421
191.449 490.205
407.605 310.494
430.646 317.268
108.777 282.643
 97.271 490.659
307.935 215.852
537.793 113.717
292.218 565.775
413.495 688.156
 62.115  83.481
 55.004 377.853
514.752 610.353
239.056 116.934
237.073 560.439
162.640 693.529
227.307 395.033
375.592 123.253
489.941 335.697
276.227 698.411
419.629 419.138
379.895 238.179
433.026 473.895
204.724 235.303
259.412 102.592
165.692 354.694
 71.026 229.664
511.731 682.366
 98.370 266.976
 65.564 371.949
 88.238 238.936
280.225 347.239
432.233 149.175
300.397 479.496
311.993 671.013
370.892 243.212
300.122 266.976
309.186 245.104
518.445 593.248
308.392 300.504
482.129 543.827
449.353 641.875
544.751 527.706
488.904 133.470
 61.840 643.502
328.564 142.061
132.611  90.860
315.564 656.406
114.545  99.791
337.018 484.907
542.584 213.809
508.160 380.956
308.698 349.509
425.824 361.619
181.226 246.428
454.938 158.560
 58.270 457.321
 66.479  83.708
215.344 644.637
 96.112 299.672
459.790 482.561
277.203 690.577
383.405 691.031
507.245 573.457
 58.728 382.886
274.487  81.627
402.173 306.483
294.019 217.479
449.994 228.605
387.982 118.712
304.028 381.221
144.543 405.250
 97.180 217.668
315.289 343.530
116.376 466.100
439.679 670.446
186.017 224.934
518.567 662.083
159.650 608.007
417.371 226.788
220.074 193.904
169.690 107.587
324.506 530.961
183.087 296.379
533.521 664.126
255.688 374.561
263.959 452.288
549.817 403.812
461.255 408.732
523.663 672.224
126.477 530.507
503.766 343.492
530.194 603.655
231.915 191.368
398.114 141.115
258.191 102.516
191.144 486.534
 90.405 595.405
241.528 295.131
140.118 297.061
194.531 446.801
462.567 524.528
146.039 591.356
169.629  89.044
227.490 195.682
534.894 394.882
506.604 623.900
516.431 621.592
410.931 263.911
 76.580 339.216
247.601 371.117
277.203 500.006
112.622 411.797
304.364 395.146
491.071 507.158
479.169 186.146
190.289 503.752
494.092 373.047
304.120 159.014
293.591 615.197
206.982 363.322
235.547 220.847
217.114 268.414
100.354 114.777
350.262 175.399
287.061 697.351
361.676 655.687
386.578 544.130
281.842 192.731
178.418 294.374
485.394 151.407
308.484 173.810
449.323 331.156
361.981 270.269
316.266 148.910
135.052 604.828
334.027 415.505
 86.804 639.415
472.516 188.076
529.156 356.245
214.062 348.109
270.642 669.916
230.481 150.916
400.037 591.243
198.102 673.284
135.175 183.535
 86.041 506.136
209.149 619.851
 96.203 664.164
138.806 467.424
 76.672 295.547
285.687 465.267
494.397 417.889
311.810 534.972
409.619 378.799
139.691 109.365
507.184 464.813
549.420 250.704
417.523 513.326
 99.957  99.375
377.881 247.563
149.091 531.263
528.760 400.217
349.255 110.955
279.340 561.196
387.402 397.417
111.890 170.593
116.681  87.795
395.551 487.329
423.199 334.410
119.458 653.984
278.851 113.036
323.193 363.057
214.276 254.489
127.698 345.649
206.311 582.917
399.335 396.698
319.501 486.837
 63.641 165.258
403.058 381.259
506.787 316.133
548.932 103.159
313.489 161.360
 74.932 215.209
444.073 573.684
364.178 654.779
410.992 133.357
540.143 246.390
321.271 271.479
324.902 512.721
418.652 614.705
304.547 350.304
236.615 109.819
 96.081 328.280
142.773 574.895
493.176 141.455
139.539 628.214
118.237 517.754
 57.720 195.531
512.067 578.225
541.272 422.544
415.295 516.808
369.244 520.743
536.450 192.239
 59.857 404.077
489.484 549.352
242.535 320.598
146.466 550.146
268.079 256.759
129.376 465.457
 91.656 107.965
410.413 242.682
514.661 611.488
534.222 665.715
 71.789 633.361
424.146  96.196
272.504 376.907
415.326 131.768
144.879 516.202
182.263 209.873
163.098 168.966
533.215 458.986
315.778 178.805
234.784 679.944
272.229 407.521
344.678 407.180
336.682 272.274
445.050 391.627
133.679 550.260
273.663 210.781
375.500 201.283
168.500 139.525
387.219 679.944
139.722 615.802
385.571 355.261
 86.804 636.350
343.701 104.824
304.303 153.754
149.701 624.468
 93.304 479.193
253.217 499.060
135.785 687.437
543.011 676.198
291.180 175.096
410.046 656.406
232.159 310.078
112.653 452.817
283.551 575.841
334.454 480.858
381.940 228.832
 95.227 537.242
118.695 500.271
438.763 480.518
448.407 685.696
312.085 627.684
360.394 656.936
329.633 571.224
505.139 418.079
426.953 323.436
399.335 373.879
211.163 119.053
472.546 357.532
382.123 273.561
173.657 224.556
529.340 644.940
286.603 110.463
374.341 458.569
413.495 344.249
178.296 404.758
251.569 564.072
253.583  94.834
405.652 679.187
458.112 465.381
305.859 433.480
 57.110 210.441
 72.064 288.660
186.658 631.317
442.059 661.288
150.677  99.488
135.358 179.221
521.313 479.231
154.584 446.611
177.258 660.417
 58.758 396.887
279.980 340.806
195.935 617.581
272.290  81.929
466.748 241.660
362.347 293.995
465.436 476.090
327.771 622.462
537.701 593.892
432.080 550.903
433.209 678.619
445.477 661.023
112.775 534.821
340.527 287.524
212.445 598.054
185.437 292.292
223.340 533.080
431.531 475.863
348.920 208.700
370.801 347.428
284.161 245.104
438.245 265.500
502.576 285.822
137.067 625.906
130.414 661.704
370.007 654.855
501.874 347.163
482.159  98.126
132.245 356.094
231.976 383.378
190.442 473.555
465.863 469.052
232.770 448.730
182.996 677.295
451.154 642.708
247.357 247.791
136.945 186.108
334.912 128.967
301.556 541.216
529.736 491.643
391.064 451.682
345.563 443.243
 65.197 362.338
357.556 200.791
500.348 686.982
392.072 192.579
356.885 399.839
454.541 687.172
105.298 126.545
521.344 646.000
541.333 289.189
141.766 177.026
304.272 547.043
167.737  87.227
298.596 200.867
387.769 191.179
447.217 245.331
432.599 591.356
411.023 315.754
 59.796 466.100
229.626 516.316
452.130 683.274
159.802 460.272
526.166 284.686
394.177 634.912
171.521 496.033
166.211 344.438
463.757 539.362
139.905 119.053
426.282 499.741
178.967 345.422
478.162 112.430
397.351 465.343
488.538 338.384
 50.885 635.934
 69.714 303.834
350.201 603.087
217.023 588.405
278.516 257.554
125.073 170.139
140.698 323.739
458.173 336.530
459.821 479.193
127.332 699.659
403.394 642.480
388.226 678.127
217.633 410.321
 58.514  98.580
127.148 634.344
273.358 176.724
445.386 381.410
308.514 322.528
214.917 607.628
155.560 567.819
118.695 303.986
516.095 277.610
427.197 544.092
416.241 435.902
246.167 630.031
336.743 141.455
447.186 234.962
 81.921 160.376
441.357 130.103
129.803 660.909
537.457 455.883
 96.478 554.688
 96.203 458.191
128.400 341.752
280.499 308.110
154.492 450.963
414.563 167.528
508.527 379.783
494.824 482.712
 78.747 254.829
318.341 471.208
240.552 285.254
490.430 355.867
280.316 491.416
312.878 464.548
350.262 390.378
163.251 509.958
183.118 277.686
201.703 342.281
420.514 553.931
445.447 669.008
231.366 402.412
 95.593 253.467
 51.770 688.118
514.661 117.842
181.409 368.922
395.978 479.231
448.499 435.145
 94.403 239.730
168.195 461.029
488.934 598.849
107.587 144.672
315.167 316.473
261.578 596.919
452.191 181.794
349.042 449.071
107.098 675.706
107.648 207.338
170.270 153.678
143.079 185.314
139.905 358.364
367.902 620.494
 96.417 348.336
272.290 192.617
395.215 502.201
448.102 432.345
308.911 645.016
386.304 109.819
196.362 139.374
490.918 140.206
179.974 377.550
396.191 311.970
270.337 580.760
339.734 502.352
513.226 554.688
475.537 145.883
157.300 381.864
539.014 270.609
509.839 342.017
294.537 458.267
101.788 256.835
139.172 465.229
148.267 607.590
384.717 383.340
523.328 421.787
343.152 208.094
 65.564 252.786
340.344 372.517
 93.151 179.297
126.508  87.908
512.891  82.535
109.509 167.036
295.453 140.168
273.877 334.562
309.827 660.834
 60.314 466.403
161.023 203.364
172.284 339.519
 74.963 646.681
503.888 697.881
282.605 386.329
151.562 387.729
436.383 565.964
534.070 612.623
521.985 155.116
485.913 619.246
112.622 694.324
 55.065 462.013
 93.945 363.889
 63.336 456.677
247.327 109.327
165.356 462.354
173.138 374.674
 67.608 263.646
244.611 664.656
196.362 609.747
268.536 387.427
225.385 210.100
189.832 277.723
 84.423 218.652
270.032 663.218
 96.691 430.491
515.729 144.180
140.698  91.995
330.670 209.003
363.416 672.716
177.686 611.677
336.346 391.022
216.412 456.904
448.926 527.668
325.452 136.157
338.239 692.545
343.213 654.893
148.877 616.975
173.077 245.293
 94.860 505.455
153.638 193.525
175.732 166.014
193.280 348.374
129.010 605.698
370.465 566.608
451.947 635.707
371.198 313.484
248.975 684.636
542.218 201.396
398.602 411.910
193.158 249.683
311.627 621.100
150.433 527.025
419.385 357.153
543.805 593.665
116.589 200.829
 55.767 318.479
216.779 264.819
458.752 384.778
122.998 364.230
188.214 668.932
227.368 649.670
213.239 546.665
497.021 272.766
524.243 446.573
473.096 225.577
482.434 309.056
103.741 120.756
 95.227 604.677
306.378 128.400
387.372 480.480
186.475 505.493
 65.289 456.034
542.188 605.812
 99.041 160.830
203.259 312.197
 90.130 489.978
196.667 332.140
256.970 196.136
408.795 304.667
439.282 429.545
348.584 478.928
516.614 516.884
404.584  94.682
325.452 217.555
100.873 219.863
483.899 312.273
505.933 636.956
540.570 635.631
423.199 129.081
 63.275 112.771
276.837 146.185
407.056 543.108
306.714 159.354
517.133 223.231
295.178 521.954
447.369 134.265
228.101 531.339
446.057 120.529
425.793 292.671
193.616 609.066
334.302 176.080
163.983 377.853
 76.641 209.608
238.293 575.803
194.104 329.945
476.270 539.967
304.944 431.285
294.415  94.455
397.290 342.319
177.136 194.661
117.932 110.387
186.230 385.081
438.489 120.037
328.717 407.710
253.766 603.655
240.918 685.204
549.786 458.077
278.271 112.771
459.424 596.541
476.270 146.375
168.103 517.111
474.438 542.578
185.803 289.379
434.674 679.036
430.371  94.644
125.562 635.896
 86.315 342.622
244.336 606.758
294.049 666.586
239.056 635.291
445.355 551.168
485.883 569.976
234.875 283.513
471.570 196.893
130.688 511.283
197.797 326.501
250.317 169.572
121.808 496.790
291.058 646.038
369.214 230.573
518.292 569.521
119.733  85.714
156.567 407.445
479.413 514.764
287.122 226.902
348.431 244.233
548.444 370.511
 77.587 307.278
448.407 636.918
327.557 674.078
346.936 607.439
227.856 696.594
547.559 389.584
383.374 375.885
256.146 269.209
410.046 296.304
 97.363 612.926
229.047 270.874
243.848 214.490
 54.516 614.402
276.898 455.656
113.416 359.424
 87.231 192.806
458.630 620.192
 90.100 310.873
464.703 497.925
161.511 194.774
384.290 215.247
392.224 287.903
397.687 139.979
370.251 337.589
272.809 535.842
187.512 578.301
 71.545 490.886
 60.314 112.317
312.329 374.144
378.979 483.885
512.524 534.102
466.687 540.232
351.819 646.416
107.312 348.488
343.823 289.341
359.082 238.860
327.893 267.620
345.776 235.719
249.677 223.875
383.313 603.882
533.643 663.823
374.341  86.433
352.185 494.973
 81.219 159.998
121.838 526.647
440.228 122.610
276.410 460.575
455.518 115.004
313.702 653.909
294.751 151.332
181.653 146.753
235.638 587.837
255.139 676.954
 85.125 581.971
147.443 536.864
377.301 180.546
389.264 268.036
136.243 255.397
536.267 225.653
255.933 152.051
527.661 199.240
142.468 333.048
453.046 697.502
282.269 286.768
510.785 671.505
274.243 194.623
 80.822 588.253
 51.953 372.593
441.266 125.978
190.747 685.999
455.487 660.380
119.763 383.491
169.659 273.447
436.169 211.349
323.468 194.207
214.032 391.400
238.263 398.060
505.200 193.223
304.486 312.462
308.026 346.936
214.459 678.014
357.678 322.150
442.151 463.943
481.244 431.437
396.710 169.269
322.095 392.725
 90.008 503.904
546.918 277.988
547.864 555.028
315.594 416.451
525.189 612.737
 72.460 282.681
236.127 672.300
304.730 626.360
215.100  95.817
205.853 488.654
545.026 654.779
 74.841 560.099
323.163 645.546
220.563 228.643
 78.045 628.895
422.040 164.387
334.515 537.507
277.722 430.150
302.045 691.713
103.711 361.770
472.943 174.453
440.686 215.247
103.833 260.316
 99.682 351.477
208.173 334.865
 98.492 269.966
219.067 170.934
 90.344 628.365
 79.388 341.525
112.073 151.218
203.564 618.300
175.488 623.219
353.070 517.981
270.459 148.342
396.527 419.971
332.349 414.143
400.342 294.563
428.540 581.177
368.420 610.996
173.077 670.975
183.728 292.747
179.761 455.466
294.873 290.930
294.995 420.084
431.012 460.764
381.696 122.875
291.180 646.908
522.656 134.871
360.394 319.463
149.365 274.583
517.285 553.325
476.392 473.857
104.749 458.115
271.802 542.729
283.154 507.650
399.731 534.934
 66.418 674.570
219.647 404.001
199.597 594.156
 85.553 117.955
271.710 535.388
115.186 653.984
374.432 126.924
 57.141 247.185
280.957 212.068
341.748 325.820
538.220 350.493
 65.869 133.281
 73.071 374.712
466.107 397.720
132.520 409.640
173.077 202.683
295.331 442.979
410.229 569.711
257.367 570.770
475.537 612.056
313.031 688.496
441.968 188.455
 78.564 574.895
272.290 401.807
 55.615  97.407
507.764 692.356
282.178 667.305
 86.804 396.509
261.304 641.610
 61.474 444.341
268.750 246.844
442.761 655.460
477.277 393.708
409.009 246.958
198.773 432.837
113.721 590.637
325.269 645.054
549.268 456.753
404.797 354.731
113.354 526.912
285.596 106.187
404.248 660.039
544.751 564.867
273.022 335.470
393.933 370.739
549.847 157.689
419.019 566.797
 76.733 447.368
195.569 558.282
480.908 444.946
220.258 693.302
256.116 632.415
500.287 334.637
299.329 458.267
476.910 467.689
215.466 281.470
383.771 104.408
180.249 487.329
460.706 518.019
 84.515 395.752
137.708 122.610
367.291 646.340
476.941 506.553
302.991 169.874
279.706 307.997
416.791 575.955
228.467 170.404
395.459 239.655
328.259 197.499
483.807 334.373
457.410 203.062
417.615 379.064
168.927 697.351
119.672 116.744
401.105 209.192
334.271 624.127
188.519 205.900
445.508 161.171
495.526 264.138
187.939 297.288
382.367  85.865
125.195  93.433
127.606 601.573
189.557 521.273
 65.380 170.972
111.005 604.260
222.607 611.488
213.971 441.503
476.453 369.679
371.167 424.171
387.799 210.706
266.339 670.635
256.940 218.690
 91.748 269.058
310.345 302.812
377.698 194.926
234.387 579.587
153.516 404.872
373.517 381.410
167.859 500.233
366.406 301.753
311.688 686.377
157.452 607.780
330.518 122.042
209.241 206.089
361.432 696.329
257.092 114.436
523.328 593.400
189.618  98.693
116.498 575.955
244.763 568.802
542.645 550.146
347.058 199.202
191.144 229.513
389.203 401.125
509.442 272.955
487.805 354.202
194.592 136.119
196.759 607.136
129.132 459.440
 76.794 564.299
353.009 369.982
468.335 422.657
197.888 151.862
341.412 345.801
507.916 682.858
158.551 638.658
415.295 582.955
 96.661  87.984
 76.153 558.472
315.411 682.139
 91.442 331.989
256.726 310.684
298.444 518.284
161.145 486.194
209.454 251.045
268.140 653.455
421.796 249.229
288.800 104.370
244.427 117.463
284.009 268.906
 66.357 504.774
152.875 553.250
298.138 265.425
438.092 420.122
 85.369 270.306
309.888 175.248
406.689 658.601
312.848 210.365
370.068 543.751
482.709 674.570
 61.932 267.052
491.956 555.785
337.323 304.099
453.351 677.371
260.938 250.326
184.064 361.846
529.919 373.804
158.948 362.792
436.444 696.292
 52.349 603.049
200.482 405.175
548.627  88.892
278.821 404.229
162.274 140.623
185.468 135.779
 78.381 262.776
245.801 663.180
 81.097 679.073
201.031 618.716
514.844 528.842
121.808 202.645
139.233 144.104
385.846 325.745
329.755 355.640
245.190 429.772
194.104 508.634
 94.311 256.986
402.814 418.684
454.205 656.709
371.991 129.194
 60.070 514.462
237.042 335.281
370.679 350.493
238.965 664.921
202.557 270.723
383.649 358.213
302.716 604.374
326.062 189.817
171.063 149.175
360.822 472.117
