   6.123233995736766e-17     6.123233995736766e-17  
     -0.7071067811865475     6.123233995736766e-17  
      0.7071067811865475     6.123233995736766e-17  
   6.123233995736766e-17       -0.7071067811865475  
   6.123233995736766e-17        0.7071067811865475  
     -0.9238795325112867     6.123233995736766e-17  
     -0.3826834323650897     6.123233995736766e-17  
      0.3826834323650898     6.123233995736766e-17  
      0.9238795325112867     6.123233995736766e-17  
     -0.7071067811865475       -0.7071067811865475  
      0.7071067811865475       -0.7071067811865475  
     -0.7071067811865475        0.7071067811865475  
      0.7071067811865475        0.7071067811865475  
   6.123233995736766e-17       -0.9238795325112867  
   6.123233995736766e-17       -0.3826834323650897  
   6.123233995736766e-17        0.3826834323650898  
   6.123233995736766e-17        0.9238795325112867  
