                       0                         0  
     -0.7745966692414834                         0  
      0.7745966692414834                         0  
                       0       -0.7745966692414834  
                       0        0.7745966692414834  
     -0.9604912687080203                         0  
     -0.4342437493468025                         0  
      0.4342437493468025                         0  
      0.9604912687080203                         0  
     -0.7745966692414834       -0.7745966692414834  
      0.7745966692414834       -0.7745966692414834  
     -0.7745966692414834        0.7745966692414834  
      0.7745966692414834        0.7745966692414834  
                       0       -0.9604912687080203  
                       0       -0.4342437493468025  
                       0        0.4342437493468025  
                       0        0.9604912687080203  
