                       0                         0  
      -0.951367964072747                         0  
       0.951367964072747                         0  
                       0        -0.951367964072747  
                       0         0.951367964072747  
     -0.9975148564572245                         0  
     -0.6742714922484359                         0  
      0.6742714922484359                         0  
      0.9975148564572245                         0  
      -0.951367964072747        -0.951367964072747  
       0.951367964072747        -0.951367964072747  
      -0.951367964072747         0.951367964072747  
       0.951367964072747         0.951367964072747  
                       0       -0.9975148564572245  
                       0       -0.6742714922484359  
                       0        0.6742714922484359  
                       0        0.9975148564572245  
     -0.9996882640283532                         0  
     -0.9870405605073768                         0  
     -0.8595690586898965                         0  
     -0.3772097381640342                         0  
      0.3772097381640342                         0  
      0.8595690586898965                         0  
      0.9870405605073768                         0  
      0.9996882640283532                         0  
     -0.9975148564572245        -0.951367964072747  
     -0.6742714922484359        -0.951367964072747  
      0.6742714922484359        -0.951367964072747  
      0.9975148564572245        -0.951367964072747  
     -0.9975148564572245         0.951367964072747  
     -0.6742714922484359         0.951367964072747  
      0.6742714922484359         0.951367964072747  
      0.9975148564572245         0.951367964072747  
      -0.951367964072747       -0.9975148564572245  
       0.951367964072747       -0.9975148564572245  
      -0.951367964072747       -0.6742714922484359  
       0.951367964072747       -0.6742714922484359  
      -0.951367964072747        0.6742714922484359  
       0.951367964072747        0.6742714922484359  
      -0.951367964072747        0.9975148564572245  
       0.951367964072747        0.9975148564572245  
                       0       -0.9996882640283532  
                       0       -0.9870405605073768  
                       0       -0.8595690586898965  
                       0       -0.3772097381640342  
                       0        0.3772097381640342  
                       0        0.8595690586898965  
                       0        0.9870405605073768  
                       0        0.9996882640283532  
      -0.999909384695144                         0  
     -0.9990651964557856                         0  
     -0.9940555066314021                         0  
     -0.9739668681956775                         0  
     -0.9148792632645745                         0  
     -0.7806074389832002                         0  
     -0.5391467053879676                         0  
     -0.1943570033249354                         0  
      0.1943570033249354                         0  
      0.5391467053879676                         0  
      0.7806074389832002                         0  
      0.9148792632645745                         0  
      0.9739668681956775                         0  
      0.9940555066314021                         0  
      0.9990651964557856                         0  
       0.999909384695144                         0  
     -0.9996882640283532        -0.951367964072747  
     -0.9870405605073768        -0.951367964072747  
     -0.8595690586898965        -0.951367964072747  
     -0.3772097381640342        -0.951367964072747  
      0.3772097381640342        -0.951367964072747  
      0.8595690586898965        -0.951367964072747  
      0.9870405605073768        -0.951367964072747  
      0.9996882640283532        -0.951367964072747  
     -0.9996882640283532         0.951367964072747  
     -0.9870405605073768         0.951367964072747  
     -0.8595690586898965         0.951367964072747  
     -0.3772097381640342         0.951367964072747  
      0.3772097381640342         0.951367964072747  
      0.8595690586898965         0.951367964072747  
      0.9870405605073768         0.951367964072747  
      0.9996882640283532         0.951367964072747  
     -0.9975148564572245       -0.9975148564572245  
     -0.6742714922484359       -0.9975148564572245  
      0.6742714922484359       -0.9975148564572245  
      0.9975148564572245       -0.9975148564572245  
     -0.9975148564572245       -0.6742714922484359  
     -0.6742714922484359       -0.6742714922484359  
      0.6742714922484359       -0.6742714922484359  
      0.9975148564572245       -0.6742714922484359  
     -0.9975148564572245        0.6742714922484359  
     -0.6742714922484359        0.6742714922484359  
      0.6742714922484359        0.6742714922484359  
      0.9975148564572245        0.6742714922484359  
     -0.9975148564572245        0.9975148564572245  
     -0.6742714922484359        0.9975148564572245  
      0.6742714922484359        0.9975148564572245  
      0.9975148564572245        0.9975148564572245  
      -0.951367964072747       -0.9996882640283532  
       0.951367964072747       -0.9996882640283532  
      -0.951367964072747       -0.9870405605073768  
       0.951367964072747       -0.9870405605073768  
      -0.951367964072747       -0.8595690586898965  
       0.951367964072747       -0.8595690586898965  
      -0.951367964072747       -0.3772097381640342  
       0.951367964072747       -0.3772097381640342  
      -0.951367964072747        0.3772097381640342  
       0.951367964072747        0.3772097381640342  
      -0.951367964072747        0.8595690586898965  
       0.951367964072747        0.8595690586898965  
      -0.951367964072747        0.9870405605073768  
       0.951367964072747        0.9870405605073768  
      -0.951367964072747        0.9996882640283532  
       0.951367964072747        0.9996882640283532  
                       0        -0.999909384695144  
                       0       -0.9990651964557856  
                       0       -0.9940555066314021  
                       0       -0.9739668681956775  
                       0       -0.9148792632645745  
                       0       -0.7806074389832002  
                       0       -0.5391467053879676  
                       0       -0.1943570033249354  
                       0        0.1943570033249354  
                       0        0.5391467053879676  
                       0        0.7806074389832002  
                       0        0.9148792632645745  
                       0        0.9739668681956775  
                       0        0.9940555066314021  
                       0        0.9990651964557856  
                       0         0.999909384695144  
