      -1.383659455163202  
     -0.1451075287826775  
     -0.1451075287826775  
     -0.1451075287826775  
     -0.1451075287826775  
     -0.0044763186589248  
     -0.2357291403868229  
     -0.2357291403868229  
     -0.0044763186589248  
    -0.01282733521559329  
    -0.01282733521559329  
    -0.01282733521559329  
    -0.01282733521559329  
   -0.004476318658924801  
      -0.235729140386823  
      -0.235729140386823  
   -0.004476318658924801  
   0.0003968851478265121  
      0.0104448515950913  
     0.07261870491683173  
      0.1900134665996545  
      0.1900134665996545  
     0.07261870491683173  
      0.0104448515950913  
   0.0003968851478265121  
   1.609560232037244e-05  
   0.0008476167109829555  
   0.0008476167109829555  
   1.609560232037244e-05  
   1.609560232037244e-05  
   0.0008476167109829555  
   0.0008476167109829555  
   1.609560232037244e-05  
   1.609560232037244e-05  
   1.609560232037244e-05  
   0.0008476167109829555  
   0.0008476167109829555  
   0.0008476167109829555  
   0.0008476167109829555  
   1.609560232037244e-05  
   1.609560232037244e-05  
   0.0003968851478265121  
      0.0104448515950913  
     0.07261870491683173  
      0.1900134665996545  
      0.1900134665996545  
     0.07261870491683173  
      0.0104448515950913  
   0.0003968851478265121  
    0.000237496875654319  
    0.001935733185096813  
    0.009794170964645523  
     0.03435699881855635  
     0.09011921540697879  
      0.1843673605568006  
      0.2983785392719139  
      0.3808372450747034  
      0.3808372450747034  
      0.2983785392719139  
      0.1843673605568006  
     0.09011921540697879  
     0.03435699881855635  
    0.009794170964645523  
    0.001935733185096813  
    0.000237496875654319  
   0.0001643876885548246  
    0.004326201220726395  
     0.03007827607683889  
      0.0787025534708608  
      0.0787025534708608  
     0.03007827607683889  
    0.004326201220726395  
   0.0001643876885548246  
   0.0001643876885548246  
    0.004326201220726395  
     0.03007827607683889  
      0.0787025534708608  
      0.0787025534708608  
     0.03007827607683889  
    0.004326201220726395  
   0.0001643876885548246  
   8.413979312771593e-05  
    0.004430918041720851  
    0.004430918041720851  
   8.413979312771593e-05  
    0.004430918041720851  
      0.2333382810039278  
      0.2333382810039278  
    0.004430918041720851  
    0.004430918041720851  
      0.2333382810039278  
      0.2333382810039278  
    0.004430918041720851  
   8.413979312771593e-05  
    0.004430918041720851  
    0.004430918041720851  
   8.413979312771593e-05  
   0.0001643876885548246  
   0.0001643876885548246  
    0.004326201220726395  
    0.004326201220726395  
     0.03007827607683889  
     0.03007827607683889  
      0.0787025534708608  
      0.0787025534708608  
      0.0787025534708608  
      0.0787025534708608  
     0.03007827607683889  
     0.03007827607683889  
    0.004326201220726395  
    0.004326201220726395  
   0.0001643876885548246  
   0.0001643876885548246  
    0.000237496875654319  
    0.001935733185096813  
    0.009794170964645523  
     0.03435699881855635  
     0.09011921540697879  
      0.1843673605568006  
      0.2983785392719139  
      0.3808372450747034  
      0.3808372450747034  
      0.2983785392719139  
      0.1843673605568006  
     0.09011921540697879  
     0.03435699881855635  
    0.009794170964645523  
    0.001935733185096813  
    0.000237496875654319  
