  0  0  -0.0795775  -0
  0.05  0  -0.0785977  -0
  0.1  0  -0.0756827  -0
  0.15  0  -0.070904  -0
  0.2  0  -0.0643795  -0
  0.25  0  -0.0562698  -0
  0.3  0  -0.0467745  -0
  0.35  0  -0.0361274  -0
  0.4  0  -0.0245908  -0
  0.45  0  -0.0124487  -0
  0.5  0  -4.87271e-18  -0
  0.55  0  0.0124487  -0
  0.6  0  0.0245908  -0
  0.65  0  0.0361274  -0
  0.7  0  0.0467745  -0
  0.75  0  0.0562698  -0
  0.8  0  0.0643795  -0
  0.85  0  0.070904  -0
  0.9  0  0.0756827  -0
  0.95  0  0.0785977  -0
  1  0  0.0795775  -0
  0  0.05  -0.0795775  -0
  0.05  0.05  -0.0785977  -0.00195543
  0.1  0.05  -0.0756827  -0.00386271
  0.15  0.05  -0.070904  -0.00567488
  0.2  0.05  -0.0643795  -0.00734732
  0.25  0.05  -0.0562698  -0.00883883
  0.3  0.05  -0.0467745  -0.0101127
  0.35  0.05  -0.0361274  -0.0111376
  0.4  0.05  -0.0245908  -0.0118882
  0.45  0.05  -0.0124487  -0.0123461
  0.5  0.05  -4.87271e-18  -0.0125
  0.55  0.05  0.0124487  -0.0123461
  0.6  0.05  0.0245908  -0.0118882
  0.65  0.05  0.0361274  -0.0111376
  0.7  0.05  0.0467745  -0.0101127
  0.75  0.05  0.0562698  -0.00883883
  0.8  0.05  0.0643795  -0.00734732
  0.85  0.05  0.070904  -0.00567488
  0.9  0.05  0.0756827  -0.00386271
  0.95  0.05  0.0785977  -0.00195543
  1  0.05  0.0795775  -1.53081e-18
  0  0.1  -0.0795775  -0
  0.05  0.1  -0.0785977  -0.00391086
  0.1  0.1  -0.0756827  -0.00772542
  0.15  0.1  -0.070904  -0.0113498
  0.2  0.1  -0.0643795  -0.0146946
  0.25  0.1  -0.0562698  -0.0176777
  0.3  0.1  -0.0467745  -0.0202254
  0.35  0.1  -0.0361274  -0.0222752
  0.4  0.1  -0.0245908  -0.0237764
  0.45  0.1  -0.0124487  -0.0246922
  0.5  0.1  -4.87271e-18  -0.025
  0.55  0.1  0.0124487  -0.0246922
  0.6  0.1  0.0245908  -0.0237764
  0.65  0.1  0.0361274  -0.0222752
  0.7  0.1  0.0467745  -0.0202254
  0.75  0.1  0.0562698  -0.0176777
  0.8  0.1  0.0643795  -0.0146946
  0.85  0.1  0.070904  -0.0113498
  0.9  0.1  0.0756827  -0.00772542
  0.95  0.1  0.0785977  -0.00391086
  1  0.1  0.0795775  -3.06162e-18
  0  0.15  -0.0795775  -0
  0.05  0.15  -0.0785977  -0.00586629
  0.1  0.15  -0.0756827  -0.0115881
  0.15  0.15  -0.070904  -0.0170246
  0.2  0.15  -0.0643795  -0.0220419
  0.25  0.15  -0.0562698  -0.0265165
  0.3  0.15  -0.0467745  -0.0303381
  0.35  0.15  -0.0361274  -0.0334127
  0.4  0.15  -0.0245908  -0.0356646
  0.45  0.15  -0.0124487  -0.0370383
  0.5  0.15  -4.87271e-18  -0.0375
  0.55  0.15  0.0124487  -0.0370383
  0.6  0.15  0.0245908  -0.0356646
  0.65  0.15  0.0361274  -0.0334127
  0.7  0.15  0.0467745  -0.0303381
  0.75  0.15  0.0562698  -0.0265165
  0.8  0.15  0.0643795  -0.0220419
  0.85  0.15  0.070904  -0.0170246
  0.9  0.15  0.0756827  -0.0115881
  0.95  0.15  0.0785977  -0.00586629
  1  0.15  0.0795775  -4.59243e-18
  0  0.2  -0.0795775  -0
  0.05  0.2  -0.0785977  -0.00782172
  0.1  0.2  -0.0756827  -0.0154508
  0.15  0.2  -0.070904  -0.0226995
  0.2  0.2  -0.0643795  -0.0293893
  0.25  0.2  -0.0562698  -0.0353553
  0.3  0.2  -0.0467745  -0.0404508
  0.35  0.2  -0.0361274  -0.0445503
  0.4  0.2  -0.0245908  -0.0475528
  0.45  0.2  -0.0124487  -0.0493844
  0.5  0.2  -4.87271e-18  -0.05
  0.55  0.2  0.0124487  -0.0493844
  0.6  0.2  0.0245908  -0.0475528
  0.65  0.2  0.0361274  -0.0445503
  0.7  0.2  0.0467745  -0.0404508
  0.75  0.2  0.0562698  -0.0353553
  0.8  0.2  0.0643795  -0.0293893
  0.85  0.2  0.070904  -0.0226995
  0.9  0.2  0.0756827  -0.0154508
  0.95  0.2  0.0785977  -0.00782172
  1  0.2  0.0795775  -6.12323e-18
  0  0.25  -0.0795775  -0
  0.05  0.25  -0.0785977  -0.00977715
  0.1  0.25  -0.0756827  -0.0193136
  0.15  0.25  -0.070904  -0.0283744
  0.2  0.25  -0.0643795  -0.0367366
  0.25  0.25  -0.0562698  -0.0441942
  0.3  0.25  -0.0467745  -0.0505636
  0.35  0.25  -0.0361274  -0.0556879
  0.4  0.25  -0.0245908  -0.059441
  0.45  0.25  -0.0124487  -0.0617305
  0.5  0.25  -4.87271e-18  -0.0625
  0.55  0.25  0.0124487  -0.0617305
  0.6  0.25  0.0245908  -0.059441
  0.65  0.25  0.0361274  -0.0556879
  0.7  0.25  0.0467745  -0.0505636
  0.75  0.25  0.0562698  -0.0441942
  0.8  0.25  0.0643795  -0.0367366
  0.85  0.25  0.070904  -0.0283744
  0.9  0.25  0.0756827  -0.0193136
  0.95  0.25  0.0785977  -0.00977715
  1  0.25  0.0795775  -7.65404e-18
  0  0.3  -0.0795775  -0
  0.05  0.3  -0.0785977  -0.0117326
  0.1  0.3  -0.0756827  -0.0231763
  0.15  0.3  -0.070904  -0.0340493
  0.2  0.3  -0.0643795  -0.0440839
  0.25  0.3  -0.0562698  -0.053033
  0.3  0.3  -0.0467745  -0.0606763
  0.35  0.3  -0.0361274  -0.0668255
  0.4  0.3  -0.0245908  -0.0713292
  0.45  0.3  -0.0124487  -0.0740766
  0.5  0.3  -4.87271e-18  -0.075
  0.55  0.3  0.0124487  -0.0740766
  0.6  0.3  0.0245908  -0.0713292
  0.65  0.3  0.0361274  -0.0668255
  0.7  0.3  0.0467745  -0.0606763
  0.75  0.3  0.0562698  -0.053033
  0.8  0.3  0.0643795  -0.0440839
  0.85  0.3  0.070904  -0.0340493
  0.9  0.3  0.0756827  -0.0231763
  0.95  0.3  0.0785977  -0.0117326
  1  0.3  0.0795775  -9.18485e-18
  0  0.35  -0.0795775  -0
  0.05  0.35  -0.0785977  -0.013688
  0.1  0.35  -0.0756827  -0.027039
  0.15  0.35  -0.070904  -0.0397242
  0.2  0.35  -0.0643795  -0.0514312
  0.25  0.35  -0.0562698  -0.0618718
  0.3  0.35  -0.0467745  -0.070789
  0.35  0.35  -0.0361274  -0.0779631
  0.4  0.35  -0.0245908  -0.0832174
  0.45  0.35  -0.0124487  -0.0864227
  0.5  0.35  -4.87271e-18  -0.0875
  0.55  0.35  0.0124487  -0.0864227
  0.6  0.35  0.0245908  -0.0832174
  0.65  0.35  0.0361274  -0.0779631
  0.7  0.35  0.0467745  -0.070789
  0.75  0.35  0.0562698  -0.0618718
  0.8  0.35  0.0643795  -0.0514312
  0.85  0.35  0.070904  -0.0397242
  0.9  0.35  0.0756827  -0.027039
  0.95  0.35  0.0785977  -0.013688
  1  0.35  0.0795775  -1.07157e-17
  0  0.4  -0.0795775  -0
  0.05  0.4  -0.0785977  -0.0156434
  0.1  0.4  -0.0756827  -0.0309017
  0.15  0.4  -0.070904  -0.045399
  0.2  0.4  -0.0643795  -0.0587785
  0.25  0.4  -0.0562698  -0.0707107
  0.3  0.4  -0.0467745  -0.0809017
  0.35  0.4  -0.0361274  -0.0891007
  0.4  0.4  -0.0245908  -0.0951057
  0.45  0.4  -0.0124487  -0.0987688
  0.5  0.4  -4.87271e-18  -0.1
  0.55  0.4  0.0124487  -0.0987688
  0.6  0.4  0.0245908  -0.0951057
  0.65  0.4  0.0361274  -0.0891007
  0.7  0.4  0.0467745  -0.0809017
  0.75  0.4  0.0562698  -0.0707107
  0.8  0.4  0.0643795  -0.0587785
  0.85  0.4  0.070904  -0.045399
  0.9  0.4  0.0756827  -0.0309017
  0.95  0.4  0.0785977  -0.0156434
  1  0.4  0.0795775  -1.22465e-17
  0  0.45  -0.0795775  -0
  0.05  0.45  -0.0785977  -0.0175989
  0.1  0.45  -0.0756827  -0.0347644
  0.15  0.45  -0.070904  -0.0510739
  0.2  0.45  -0.0643795  -0.0661258
  0.25  0.45  -0.0562698  -0.0795495
  0.3  0.45  -0.0467745  -0.0910144
  0.35  0.45  -0.0361274  -0.100238
  0.4  0.45  -0.0245908  -0.106994
  0.45  0.45  -0.0124487  -0.111115
  0.5  0.45  -4.87271e-18  -0.1125
  0.55  0.45  0.0124487  -0.111115
  0.6  0.45  0.0245908  -0.106994
  0.65  0.45  0.0361274  -0.100238
  0.7  0.45  0.0467745  -0.0910144
  0.75  0.45  0.0562698  -0.0795495
  0.8  0.45  0.0643795  -0.0661258
  0.85  0.45  0.070904  -0.0510739
  0.9  0.45  0.0756827  -0.0347644
  0.95  0.45  0.0785977  -0.0175989
  1  0.45  0.0795775  -1.37773e-17
  0  0.5  -0.0795775  -0
  0.05  0.5  -0.0785977  -0.0195543
  0.1  0.5  -0.0756827  -0.0386271
  0.15  0.5  -0.070904  -0.0567488
  0.2  0.5  -0.0643795  -0.0734732
  0.25  0.5  -0.0562698  -0.0883883
  0.3  0.5  -0.0467745  -0.101127
  0.35  0.5  -0.0361274  -0.111376
  0.4  0.5  -0.0245908  -0.118882
  0.45  0.5  -0.0124487  -0.123461
  0.5  0.5  -4.87271e-18  -0.125
  0.55  0.5  0.0124487  -0.123461
  0.6  0.5  0.0245908  -0.118882
  0.65  0.5  0.0361274  -0.111376
  0.7  0.5  0.0467745  -0.101127
  0.75  0.5  0.0562698  -0.0883883
  0.8  0.5  0.0643795  -0.0734732
  0.85  0.5  0.070904  -0.0567488
  0.9  0.5  0.0756827  -0.0386271
  0.95  0.5  0.0785977  -0.0195543
  1  0.5  0.0795775  -1.53081e-17
  0  0.55  -0.0795775  -0
  0.05  0.55  -0.0785977  -0.0215097
  0.1  0.55  -0.0756827  -0.0424898
  0.15  0.55  -0.070904  -0.0624237
  0.2  0.55  -0.0643795  -0.0808205
  0.25  0.55  -0.0562698  -0.0972272
  0.3  0.55  -0.0467745  -0.11124
  0.35  0.55  -0.0361274  -0.122513
  0.4  0.55  -0.0245908  -0.13077
  0.45  0.55  -0.0124487  -0.135807
  0.5  0.55  -4.87271e-18  -0.1375
  0.55  0.55  0.0124487  -0.135807
  0.6  0.55  0.0245908  -0.13077
  0.65  0.55  0.0361274  -0.122513
  0.7  0.55  0.0467745  -0.11124
  0.75  0.55  0.0562698  -0.0972272
  0.8  0.55  0.0643795  -0.0808205
  0.85  0.55  0.070904  -0.0624237
  0.9  0.55  0.0756827  -0.0424898
  0.95  0.55  0.0785977  -0.0215097
  1  0.55  0.0795775  -1.68389e-17
  0  0.6  -0.0795775  -0
  0.05  0.6  -0.0785977  -0.0234652
  0.1  0.6  -0.0756827  -0.0463525
  0.15  0.6  -0.070904  -0.0680986
  0.2  0.6  -0.0643795  -0.0881678
  0.25  0.6  -0.0562698  -0.106066
  0.3  0.6  -0.0467745  -0.121353
  0.35  0.6  -0.0361274  -0.133651
  0.4  0.6  -0.0245908  -0.142658
  0.45  0.6  -0.0124487  -0.148153
  0.5  0.6  -4.87271e-18  -0.15
  0.55  0.6  0.0124487  -0.148153
  0.6  0.6  0.0245908  -0.142658
  0.65  0.6  0.0361274  -0.133651
  0.7  0.6  0.0467745  -0.121353
  0.75  0.6  0.0562698  -0.106066
  0.8  0.6  0.0643795  -0.0881678
  0.85  0.6  0.070904  -0.0680986
  0.9  0.6  0.0756827  -0.0463525
  0.95  0.6  0.0785977  -0.0234652
  1  0.6  0.0795775  -1.83697e-17
  0  0.65  -0.0795775  -0
  0.05  0.65  -0.0785977  -0.0254206
  0.1  0.65  -0.0756827  -0.0502153
  0.15  0.65  -0.070904  -0.0737735
  0.2  0.65  -0.0643795  -0.0955151
  0.25  0.65  -0.0562698  -0.114905
  0.3  0.65  -0.0467745  -0.131465
  0.35  0.65  -0.0361274  -0.144789
  0.4  0.65  -0.0245908  -0.154547
  0.45  0.65  -0.0124487  -0.160499
  0.5  0.65  -4.87271e-18  -0.1625
  0.55  0.65  0.0124487  -0.160499
  0.6  0.65  0.0245908  -0.154547
  0.65  0.65  0.0361274  -0.144789
  0.7  0.65  0.0467745  -0.131465
  0.75  0.65  0.0562698  -0.114905
  0.8  0.65  0.0643795  -0.0955151
  0.85  0.65  0.070904  -0.0737735
  0.9  0.65  0.0756827  -0.0502153
  0.95  0.65  0.0785977  -0.0254206
  1  0.65  0.0795775  -1.99005e-17
  0  0.7  -0.0795775  -0
  0.05  0.7  -0.0785977  -0.027376
  0.1  0.7  -0.0756827  -0.054078
  0.15  0.7  -0.070904  -0.0794483
  0.2  0.7  -0.0643795  -0.102862
  0.25  0.7  -0.0562698  -0.123744
  0.3  0.7  -0.0467745  -0.141578
  0.35  0.7  -0.0361274  -0.155926
  0.4  0.7  -0.0245908  -0.166435
  0.45  0.7  -0.0124487  -0.172845
  0.5  0.7  -4.87271e-18  -0.175
  0.55  0.7  0.0124487  -0.172845
  0.6  0.7  0.0245908  -0.166435
  0.65  0.7  0.0361274  -0.155926
  0.7  0.7  0.0467745  -0.141578
  0.75  0.7  0.0562698  -0.123744
  0.8  0.7  0.0643795  -0.102862
  0.85  0.7  0.070904  -0.0794483
  0.9  0.7  0.0756827  -0.054078
  0.95  0.7  0.0785977  -0.027376
  1  0.7  0.0795775  -2.14313e-17
  0  0.75  -0.0795775  -0
  0.05  0.75  -0.0785977  -0.0293315
  0.1  0.75  -0.0756827  -0.0579407
  0.15  0.75  -0.070904  -0.0851232
  0.2  0.75  -0.0643795  -0.11021
  0.25  0.75  -0.0562698  -0.132583
  0.3  0.75  -0.0467745  -0.151691
  0.35  0.75  -0.0361274  -0.167064
  0.4  0.75  -0.0245908  -0.178323
  0.45  0.75  -0.0124487  -0.185192
  0.5  0.75  -4.87271e-18  -0.1875
  0.55  0.75  0.0124487  -0.185192
  0.6  0.75  0.0245908  -0.178323
  0.65  0.75  0.0361274  -0.167064
  0.7  0.75  0.0467745  -0.151691
  0.75  0.75  0.0562698  -0.132583
  0.8  0.75  0.0643795  -0.11021
  0.85  0.75  0.070904  -0.0851232
  0.9  0.75  0.0756827  -0.0579407
  0.95  0.75  0.0785977  -0.0293315
  1  0.75  0.0795775  -2.29621e-17
  0  0.8  -0.0795775  -0
  0.05  0.8  -0.0785977  -0.0312869
  0.1  0.8  -0.0756827  -0.0618034
  0.15  0.8  -0.070904  -0.0907981
  0.2  0.8  -0.0643795  -0.117557
  0.25  0.8  -0.0562698  -0.141421
  0.3  0.8  -0.0467745  -0.161803
  0.35  0.8  -0.0361274  -0.178201
  0.4  0.8  -0.0245908  -0.190211
  0.45  0.8  -0.0124487  -0.197538
  0.5  0.8  -4.87271e-18  -0.2
  0.55  0.8  0.0124487  -0.197538
  0.6  0.8  0.0245908  -0.190211
  0.65  0.8  0.0361274  -0.178201
  0.7  0.8  0.0467745  -0.161803
  0.75  0.8  0.0562698  -0.141421
  0.8  0.8  0.0643795  -0.117557
  0.85  0.8  0.070904  -0.0907981
  0.9  0.8  0.0756827  -0.0618034
  0.95  0.8  0.0785977  -0.0312869
  1  0.8  0.0795775  -2.44929e-17
  0  0.85  -0.0795775  -0
  0.05  0.85  -0.0785977  -0.0332423
  0.1  0.85  -0.0756827  -0.0656661
  0.15  0.85  -0.070904  -0.096473
  0.2  0.85  -0.0643795  -0.124904
  0.25  0.85  -0.0562698  -0.15026
  0.3  0.85  -0.0467745  -0.171916
  0.35  0.85  -0.0361274  -0.189339
  0.4  0.85  -0.0245908  -0.2021
  0.45  0.85  -0.0124487  -0.209884
  0.5  0.85  -4.87271e-18  -0.2125
  0.55  0.85  0.0124487  -0.209884
  0.6  0.85  0.0245908  -0.2021
  0.65  0.85  0.0361274  -0.189339
  0.7  0.85  0.0467745  -0.171916
  0.75  0.85  0.0562698  -0.15026
  0.8  0.85  0.0643795  -0.124904
  0.85  0.85  0.070904  -0.096473
  0.9  0.85  0.0756827  -0.0656661
  0.95  0.85  0.0785977  -0.0332423
  1  0.85  0.0795775  -2.60237e-17
  0  0.9  -0.0795775  -0
  0.05  0.9  -0.0785977  -0.0351978
  0.1  0.9  -0.0756827  -0.0695288
  0.15  0.9  -0.070904  -0.102148
  0.2  0.9  -0.0643795  -0.132252
  0.25  0.9  -0.0562698  -0.159099
  0.3  0.9  -0.0467745  -0.182029
  0.35  0.9  -0.0361274  -0.200476
  0.4  0.9  -0.0245908  -0.213988
  0.45  0.9  -0.0124487  -0.22223
  0.5  0.9  -4.87271e-18  -0.225
  0.55  0.9  0.0124487  -0.22223
  0.6  0.9  0.0245908  -0.213988
  0.65  0.9  0.0361274  -0.200476
  0.7  0.9  0.0467745  -0.182029
  0.75  0.9  0.0562698  -0.159099
  0.8  0.9  0.0643795  -0.132252
  0.85  0.9  0.070904  -0.102148
  0.9  0.9  0.0756827  -0.0695288
  0.95  0.9  0.0785977  -0.0351978
  1  0.9  0.0795775  -2.75546e-17
  0  0.95  -0.0795775  -0
  0.05  0.95  -0.0785977  -0.0371532
  0.1  0.95  -0.0756827  -0.0733915
  0.15  0.95  -0.070904  -0.107823
  0.2  0.95  -0.0643795  -0.139599
  0.25  0.95  -0.0562698  -0.167938
  0.3  0.95  -0.0467745  -0.192142
  0.35  0.95  -0.0361274  -0.211614
  0.4  0.95  -0.0245908  -0.225876
  0.45  0.95  -0.0124487  -0.234576
  0.5  0.95  -4.87271e-18  -0.2375
  0.55  0.95  0.0124487  -0.234576
  0.6  0.95  0.0245908  -0.225876
  0.65  0.95  0.0361274  -0.211614
  0.7  0.95  0.0467745  -0.192142
  0.75  0.95  0.0562698  -0.167938
  0.8  0.95  0.0643795  -0.139599
  0.85  0.95  0.070904  -0.107823
  0.9  0.95  0.0756827  -0.0733915
  0.95  0.95  0.0785977  -0.0371532
  1  0.95  0.0795775  -2.90854e-17
  0  1  -0.0795775  -0
  0.05  1  -0.0785977  -0.0391086
  0.1  1  -0.0756827  -0.0772542
  0.15  1  -0.070904  -0.113498
  0.2  1  -0.0643795  -0.146946
  0.25  1  -0.0562698  -0.176777
  0.3  1  -0.0467745  -0.202254
  0.35  1  -0.0361274  -0.222752
  0.4  1  -0.0245908  -0.237764
  0.45  1  -0.0124487  -0.246922
  0.5  1  -4.87271e-18  -0.25
  0.55  1  0.0124487  -0.246922
  0.6  1  0.0245908  -0.237764
  0.65  1  0.0361274  -0.222752
  0.7  1  0.0467745  -0.202254
  0.75  1  0.0562698  -0.176777
  0.8  1  0.0643795  -0.146946
  0.85  1  0.070904  -0.113498
  0.9  1  0.0756827  -0.0772542
  0.95  1  0.0785977  -0.0391086
  1  1  0.0795775  -3.06162e-17
