  0  0  0  -0
  0.05  0  0  -0
  0.1  0  0  -0
  0.15  0  0  -0
  0.2  0  0  -0
  0.25  0  0  -0
  0.3  0  0  -0
  0.35  0  0  -0
  0.4  0  0  -0
  0.45  0  0  -0
  0.5  0  0  0
  0.55  0  0  0
  0.6  0  0  0
  0.65  0  0  0
  0.7  0  0  0
  0.75  0  0  0
  0.8  0  0  0
  0.85  0  0  0
  0.9  0  0  0
  0.95  0  0  0
  1  0  0  -0
  0  0.05  0  -0
  0.05  0.05  0.000964547  -0.000964547
  0.1  0.05  0.00346275  -0.0016245
  0.15  0.05  0.00694955  -0.0020137
  0.2  0.05  0.010944  -0.002166
  0.25  0.05  0.0150293  -0.00211523
  0.3  0.05  0.0188528  -0.00189525
  0.35  0.05  0.0221258  -0.00153989
  0.4  0.05  0.024624  -0.001083
  0.45  0.05  0.026187  -0.000558422
  0.5  0.05  0.0267188  0
  0.55  0.05  0.026187  0.000558422
  0.6  0.05  0.024624  0.001083
  0.65  0.05  0.0221258  0.00153989
  0.7  0.05  0.0188528  0.00189525
  0.75  0.05  0.0150293  0.00211523
  0.8  0.05  0.010944  0.002166
  0.85  0.05  0.00694955  0.0020137
  0.9  0.05  0.00346275  0.0016245
  0.95  0.05  0.000964547  0.000964547
  1  0.05  0  -0
  0  0.1  0  -0
  0.05  0.1  0.0016245  -0.00346275
  0.1  0.1  0.005832  -0.005832
  0.15  0.1  0.0117045  -0.00722925
  0.2  0.1  0.018432  -0.007776
  0.25  0.1  0.0253125  -0.00759375
  0.3  0.1  0.031752  -0.006804
  0.35  0.1  0.0372645  -0.00552825
  0.4  0.1  0.041472  -0.003888
  0.45  0.1  0.0441045  -0.00200475
  0.5  0.1  0.045  0
  0.55  0.1  0.0441045  0.00200475
  0.6  0.1  0.041472  0.003888
  0.65  0.1  0.0372645  0.00552825
  0.7  0.1  0.031752  0.006804
  0.75  0.1  0.0253125  0.00759375
  0.8  0.1  0.018432  0.007776
  0.85  0.1  0.0117045  0.00722925
  0.9  0.1  0.005832  0.005832
  0.95  0.1  0.0016245  0.00346275
  1  0.1  0  -0
  0  0.15  0  -0
  0.05  0.15  0.0020137  -0.00694955
  0.1  0.15  0.00722925  -0.0117045
  0.15  0.15  0.0145087  -0.0145087
  0.2  0.15  0.022848  -0.015606
  0.25  0.15  0.031377  -0.0152402
  0.3  0.15  0.0393592  -0.0136552
  0.35  0.15  0.0461925  -0.0110949
  0.4  0.15  0.051408  -0.007803
  0.45  0.15  0.0546712  -0.00402342
  0.5  0.15  0.0557812  0
  0.55  0.15  0.0546712  0.00402342
  0.6  0.15  0.051408  0.007803
  0.65  0.15  0.0461925  0.0110949
  0.7  0.15  0.0393592  0.0136552
  0.75  0.15  0.031377  0.0152402
  0.8  0.15  0.022848  0.015606
  0.85  0.15  0.0145087  0.0145087
  0.9  0.15  0.00722925  0.0117045
  0.95  0.15  0.0020137  0.00694955
  1  0.15  0  -0
  0  0.2  0  -0
  0.05  0.2  0.002166  -0.010944
  0.1  0.2  0.007776  -0.018432
  0.15  0.2  0.015606  -0.022848
  0.2  0.2  0.024576  -0.024576
  0.25  0.2  0.03375  -0.024
  0.3  0.2  0.042336  -0.021504
  0.35  0.2  0.049686  -0.017472
  0.4  0.2  0.055296  -0.012288
  0.45  0.2  0.058806  -0.006336
  0.5  0.2  0.06  0
  0.55  0.2  0.058806  0.006336
  0.6  0.2  0.055296  0.012288
  0.65  0.2  0.049686  0.017472
  0.7  0.2  0.042336  0.021504
  0.75  0.2  0.03375  0.024
  0.8  0.2  0.024576  0.024576
  0.85  0.2  0.015606  0.022848
  0.9  0.2  0.007776  0.018432
  0.95  0.2  0.002166  0.010944
  1  0.2  0  -0
  0  0.25  0  -0
  0.05  0.25  0.00211523  -0.0150293
  0.1  0.25  0.00759375  -0.0253125
  0.15  0.25  0.0152402  -0.031377
  0.2  0.25  0.024  -0.03375
  0.25  0.25  0.032959  -0.032959
  0.3  0.25  0.0413437  -0.0295312
  0.35  0.25  0.0485215  -0.0239941
  0.4  0.25  0.054  -0.016875
  0.45  0.25  0.0574277  -0.00870117
  0.5  0.25  0.0585938  0
  0.55  0.25  0.0574277  0.00870117
  0.6  0.25  0.054  0.016875
  0.65  0.25  0.0485215  0.0239941
  0.7  0.25  0.0413438  0.0295312
  0.75  0.25  0.032959  0.032959
  0.8  0.25  0.024  0.03375
  0.85  0.25  0.0152402  0.031377
  0.9  0.25  0.00759375  0.0253125
  0.95  0.25  0.00211523  0.0150293
  1  0.25  0  -0
  0  0.3  0  -0
  0.05  0.3  0.00189525  -0.0188527
  0.1  0.3  0.006804  -0.031752
  0.15  0.3  0.0136552  -0.0393592
  0.2  0.3  0.021504  -0.042336
  0.25  0.3  0.0295312  -0.0413437
  0.3  0.3  0.037044  -0.037044
  0.35  0.3  0.0434752  -0.0300983
  0.4  0.3  0.048384  -0.021168
  0.45  0.3  0.0514553  -0.0109147
  0.5  0.3  0.0525  0
  0.55  0.3  0.0514552  0.0109148
  0.6  0.3  0.048384  0.021168
  0.65  0.3  0.0434752  0.0300983
  0.7  0.3  0.037044  0.037044
  0.75  0.3  0.0295312  0.0413437
  0.8  0.3  0.021504  0.042336
  0.85  0.3  0.0136553  0.0393592
  0.9  0.3  0.006804  0.031752
  0.95  0.3  0.00189525  0.0188528
  1  0.3  0  -0
  0  0.35  0  -0
  0.05  0.35  0.00153989  -0.0221258
  0.1  0.35  0.00552825  -0.0372645
  0.15  0.35  0.0110949  -0.0461925
  0.2  0.35  0.017472  -0.049686
  0.25  0.35  0.0239941  -0.0485215
  0.3  0.35  0.0300983  -0.0434752
  0.35  0.35  0.0353236  -0.0353236
  0.4  0.35  0.039312  -0.024843
  0.45  0.35  0.0418074  -0.0128097
  0.5  0.35  0.0426563  0
  0.55  0.35  0.0418074  0.0128097
  0.6  0.35  0.039312  0.024843
  0.65  0.35  0.0353236  0.0353236
  0.7  0.35  0.0300983  0.0434752
  0.75  0.35  0.0239941  0.0485215
  0.8  0.35  0.017472  0.049686
  0.85  0.35  0.0110949  0.0461925
  0.9  0.35  0.00552825  0.0372645
  0.95  0.35  0.00153989  0.0221258
  1  0.35  0  -0
  0  0.4  0  -0
  0.05  0.4  0.001083  -0.024624
  0.1  0.4  0.003888  -0.041472
  0.15  0.4  0.007803  -0.051408
  0.2  0.4  0.012288  -0.055296
  0.25  0.4  0.016875  -0.054
  0.3  0.4  0.021168  -0.048384
  0.35  0.4  0.024843  -0.039312
  0.4  0.4  0.027648  -0.027648
  0.45  0.4  0.029403  -0.014256
  0.5  0.4  0.03  0
  0.55  0.4  0.029403  0.014256
  0.6  0.4  0.027648  0.027648
  0.65  0.4  0.024843  0.039312
  0.7  0.4  0.021168  0.048384
  0.75  0.4  0.016875  0.054
  0.8  0.4  0.012288  0.055296
  0.85  0.4  0.007803  0.051408
  0.9  0.4  0.003888  0.041472
  0.95  0.4  0.001083  0.024624
  1  0.4  0  -0
  0  0.45  0  -0
  0.05  0.45  0.000558422  -0.026187
  0.1  0.45  0.00200475  -0.0441045
  0.15  0.45  0.00402342  -0.0546712
  0.2  0.45  0.006336  -0.058806
  0.25  0.45  0.00870117  -0.0574277
  0.3  0.45  0.0109147  -0.0514553
  0.35  0.45  0.0128097  -0.0418074
  0.4  0.45  0.014256  -0.029403
  0.45  0.45  0.0151609  -0.0151609
  0.5  0.45  0.0154687  0
  0.55  0.45  0.0151609  0.0151609
  0.6  0.45  0.014256  0.029403
  0.65  0.45  0.0128097  0.0418074
  0.7  0.45  0.0109148  0.0514553
  0.75  0.45  0.00870117  0.0574277
  0.8  0.45  0.006336  0.058806
  0.85  0.45  0.00402342  0.0546712
  0.9  0.45  0.00200475  0.0441045
  0.95  0.45  0.000558422  0.026187
  1  0.45  0  -0
  0  0.5  -0  -0
  0.05  0.5  -0  -0.0267188
  0.1  0.5  -0  -0.045
  0.15  0.5  -0  -0.0557812
  0.2  0.5  -0  -0.06
  0.25  0.5  -0  -0.0585938
  0.3  0.5  -0  -0.0525
  0.35  0.5  -0  -0.0426563
  0.4  0.5  -0  -0.03
  0.45  0.5  -0  -0.0154687
  0.5  0.5  -0  0
  0.55  0.5  -0  0.0154688
  0.6  0.5  -0  0.03
  0.65  0.5  -0  0.0426563
  0.7  0.5  -0  0.0525
  0.75  0.5  -0  0.0585938
  0.8  0.5  -0  0.06
  0.85  0.5  -0  0.0557813
  0.9  0.5  -0  0.045
  0.95  0.5  -0  0.0267188
  1  0.5  -0  -0
  0  0.55  -0  -0
  0.05  0.55  -0.000558422  -0.026187
  0.1  0.55  -0.00200475  -0.0441045
  0.15  0.55  -0.00402342  -0.0546712
  0.2  0.55  -0.006336  -0.058806
  0.25  0.55  -0.00870117  -0.0574277
  0.3  0.55  -0.0109148  -0.0514552
  0.35  0.55  -0.0128097  -0.0418074
  0.4  0.55  -0.014256  -0.029403
  0.45  0.55  -0.0151609  -0.0151609
  0.5  0.55  -0.0154688  0
  0.55  0.55  -0.0151609  0.0151609
  0.6  0.55  -0.014256  0.029403
  0.65  0.55  -0.0128097  0.0418074
  0.7  0.55  -0.0109148  0.0514552
  0.75  0.55  -0.00870117  0.0574277
  0.8  0.55  -0.006336  0.058806
  0.85  0.55  -0.00402342  0.0546712
  0.9  0.55  -0.00200475  0.0441045
  0.95  0.55  -0.000558422  0.026187
  1  0.55  -0  -0
  0  0.6  -0  -0
  0.05  0.6  -0.001083  -0.024624
  0.1  0.6  -0.003888  -0.041472
  0.15  0.6  -0.007803  -0.051408
  0.2  0.6  -0.012288  -0.055296
  0.25  0.6  -0.016875  -0.054
  0.3  0.6  -0.021168  -0.048384
  0.35  0.6  -0.024843  -0.039312
  0.4  0.6  -0.027648  -0.027648
  0.45  0.6  -0.029403  -0.014256
  0.5  0.6  -0.03  0
  0.55  0.6  -0.029403  0.014256
  0.6  0.6  -0.027648  0.027648
  0.65  0.6  -0.024843  0.039312
  0.7  0.6  -0.021168  0.048384
  0.75  0.6  -0.016875  0.054
  0.8  0.6  -0.012288  0.055296
  0.85  0.6  -0.007803  0.051408
  0.9  0.6  -0.003888  0.041472
  0.95  0.6  -0.001083  0.024624
  1  0.6  -0  -0
  0  0.65  -0  -0
  0.05  0.65  -0.00153989  -0.0221258
  0.1  0.65  -0.00552825  -0.0372645
  0.15  0.65  -0.0110949  -0.0461925
  0.2  0.65  -0.017472  -0.049686
  0.25  0.65  -0.0239941  -0.0485215
  0.3  0.65  -0.0300983  -0.0434752
  0.35  0.65  -0.0353236  -0.0353236
  0.4  0.65  -0.039312  -0.024843
  0.45  0.65  -0.0418074  -0.0128097
  0.5  0.65  -0.0426563  0
  0.55  0.65  -0.0418074  0.0128097
  0.6  0.65  -0.039312  0.024843
  0.65  0.65  -0.0353236  0.0353236
  0.7  0.65  -0.0300983  0.0434752
  0.75  0.65  -0.0239941  0.0485215
  0.8  0.65  -0.017472  0.049686
  0.85  0.65  -0.0110949  0.0461925
  0.9  0.65  -0.00552825  0.0372645
  0.95  0.65  -0.00153989  0.0221258
  1  0.65  -0  -0
  0  0.7  -0  -0
  0.05  0.7  -0.00189525  -0.0188528
  0.1  0.7  -0.006804  -0.031752
  0.15  0.7  -0.0136552  -0.0393593
  0.2  0.7  -0.021504  -0.042336
  0.25  0.7  -0.0295313  -0.0413437
  0.3  0.7  -0.037044  -0.037044
  0.35  0.7  -0.0434752  -0.0300983
  0.4  0.7  -0.048384  -0.021168
  0.45  0.7  -0.0514552  -0.0109148
  0.5  0.7  -0.0525  0
  0.55  0.7  -0.0514552  0.0109148
  0.6  0.7  -0.048384  0.021168
  0.65  0.7  -0.0434752  0.0300983
  0.7  0.7  -0.037044  0.037044
  0.75  0.7  -0.0295313  0.0413437
  0.8  0.7  -0.021504  0.042336
  0.85  0.7  -0.0136553  0.0393593
  0.9  0.7  -0.006804  0.031752
  0.95  0.7  -0.00189525  0.0188528
  1  0.7  -0  -0
  0  0.75  -0  -0
  0.05  0.75  -0.00211523  -0.0150293
  0.1  0.75  -0.00759375  -0.0253125
  0.15  0.75  -0.0152402  -0.031377
  0.2  0.75  -0.024  -0.03375
  0.25  0.75  -0.032959  -0.032959
  0.3  0.75  -0.0413437  -0.0295312
  0.35  0.75  -0.0485215  -0.0239941
  0.4  0.75  -0.054  -0.016875
  0.45  0.75  -0.0574277  -0.00870117
  0.5  0.75  -0.0585938  0
  0.55  0.75  -0.0574277  0.00870117
  0.6  0.75  -0.054  0.016875
  0.65  0.75  -0.0485215  0.0239941
  0.7  0.75  -0.0413438  0.0295312
  0.75  0.75  -0.032959  0.032959
  0.8  0.75  -0.024  0.03375
  0.85  0.75  -0.0152402  0.031377
  0.9  0.75  -0.00759375  0.0253125
  0.95  0.75  -0.00211523  0.0150293
  1  0.75  -0  -0
  0  0.8  -0  -0
  0.05  0.8  -0.002166  -0.010944
  0.1  0.8  -0.007776  -0.018432
  0.15  0.8  -0.015606  -0.022848
  0.2  0.8  -0.024576  -0.024576
  0.25  0.8  -0.03375  -0.024
  0.3  0.8  -0.042336  -0.021504
  0.35  0.8  -0.049686  -0.017472
  0.4  0.8  -0.055296  -0.012288
  0.45  0.8  -0.058806  -0.006336
  0.5  0.8  -0.06  0
  0.55  0.8  -0.058806  0.006336
  0.6  0.8  -0.055296  0.012288
  0.65  0.8  -0.049686  0.017472
  0.7  0.8  -0.042336  0.021504
  0.75  0.8  -0.03375  0.024
  0.8  0.8  -0.024576  0.024576
  0.85  0.8  -0.015606  0.022848
  0.9  0.8  -0.007776  0.018432
  0.95  0.8  -0.002166  0.010944
  1  0.8  -0  -0
  0  0.85  -0  -0
  0.05  0.85  -0.0020137  -0.00694955
  0.1  0.85  -0.00722925  -0.0117045
  0.15  0.85  -0.0145087  -0.0145087
  0.2  0.85  -0.022848  -0.015606
  0.25  0.85  -0.031377  -0.0152402
  0.3  0.85  -0.0393592  -0.0136553
  0.35  0.85  -0.0461925  -0.0110949
  0.4  0.85  -0.051408  -0.007803
  0.45  0.85  -0.0546712  -0.00402342
  0.5  0.85  -0.0557813  0
  0.55  0.85  -0.0546712  0.00402342
  0.6  0.85  -0.051408  0.007803
  0.65  0.85  -0.0461925  0.0110949
  0.7  0.85  -0.0393593  0.0136553
  0.75  0.85  -0.031377  0.0152402
  0.8  0.85  -0.022848  0.015606
  0.85  0.85  -0.0145087  0.0145087
  0.9  0.85  -0.00722925  0.0117045
  0.95  0.85  -0.0020137  0.00694955
  1  0.85  -0  -0
  0  0.9  -0  -0
  0.05  0.9  -0.0016245  -0.00346275
  0.1  0.9  -0.005832  -0.005832
  0.15  0.9  -0.0117045  -0.00722925
  0.2  0.9  -0.018432  -0.007776
  0.25  0.9  -0.0253125  -0.00759375
  0.3  0.9  -0.031752  -0.006804
  0.35  0.9  -0.0372645  -0.00552825
  0.4  0.9  -0.041472  -0.003888
  0.45  0.9  -0.0441045  -0.00200475
  0.5  0.9  -0.045  0
  0.55  0.9  -0.0441045  0.00200475
  0.6  0.9  -0.041472  0.003888
  0.65  0.9  -0.0372645  0.00552825
  0.7  0.9  -0.031752  0.006804
  0.75  0.9  -0.0253125  0.00759375
  0.8  0.9  -0.018432  0.007776
  0.85  0.9  -0.0117045  0.00722925
  0.9  0.9  -0.005832  0.005832
  0.95  0.9  -0.0016245  0.00346275
  1  0.9  -0  -0
  0  0.95  -0  -0
  0.05  0.95  -0.000964547  -0.000964547
  0.1  0.95  -0.00346275  -0.0016245
  0.15  0.95  -0.00694955  -0.0020137
  0.2  0.95  -0.010944  -0.002166
  0.25  0.95  -0.0150293  -0.00211523
  0.3  0.95  -0.0188528  -0.00189525
  0.35  0.95  -0.0221258  -0.00153989
  0.4  0.95  -0.024624  -0.001083
  0.45  0.95  -0.026187  -0.000558422
  0.5  0.95  -0.0267188  0
  0.55  0.95  -0.026187  0.000558422
  0.6  0.95  -0.024624  0.001083
  0.65  0.95  -0.0221258  0.00153989
  0.7  0.95  -0.0188528  0.00189525
  0.75  0.95  -0.0150293  0.00211523
  0.8  0.95  -0.010944  0.002166
  0.85  0.95  -0.00694955  0.0020137
  0.9  0.95  -0.00346275  0.0016245
  0.95  0.95  -0.000964547  0.000964547
  1  0.95  -0  -0
  0  1  0  -0
  0.05  1  0  -0
  0.1  1  0  -0
  0.15  1  0  -0
  0.2  1  0  -0
  0.25  1  0  -0
  0.3  1  0  -0
  0.35  1  0  -0
  0.4  1  0  -0
  0.45  1  0  -0
  0.5  1  0  0
  0.55  1  0  0
  0.6  1  0  0
  0.65  1  0  0
  0.7  1  0  0
  0.75  1  0  0
  0.8  1  0  0
  0.85  1  0  0
  0.9  1  0  0
  0.95  1  0  0
  1  1  0  -0
