  0.5  0.5  -6.12323e-18  6.12323e-18
  0.6  0.5  0.0309017  5.82354e-18
  0.7  0.5  0.0587785  4.9538e-18
  0.8  0.5  0.0809017  3.59915e-18
  0.9  0.5  0.0951057  1.89218e-18
  1  0.5  0.1  7.4988e-34
  1.1  0.5  0.0951057  -1.89218e-18
  1.2  0.5  0.0809017  -3.59915e-18
  1.3  0.5  0.0587785  -4.9538e-18
  1.4  0.5  0.0309017  -5.82354e-18
  1.5  0.5  1.83697e-17  -6.12323e-18
  1.6  0.5  -0.0309017  -5.82354e-18
  1.7  0.5  -0.0587785  -4.9538e-18
  1.8  0.5  -0.0809017  -3.59915e-18
  1.9  0.5  -0.0951057  -1.89218e-18
  2  0.5  -0.1  -1.49976e-33
  2.1  0.5  -0.0951057  1.89218e-18
  2.2  0.5  -0.0809017  3.59915e-18
  2.3  0.5  -0.0587785  4.9538e-18
  2.4  0.5  -0.0309017  5.82354e-18
  2.5  0.5  -3.06162e-17  6.12323e-18
  0.5  0.6  -5.82354e-18  -0.0309017
  0.6  0.6  0.0293893  -0.0293893
  0.7  0.6  0.0559017  -0.025
  0.8  0.6  0.0769421  -0.0181636
  0.9  0.6  0.0904508  -0.00954915
  1  0.6  0.0951057  -3.78437e-18
  1.1  0.6  0.0904508  0.00954915
  1.2  0.6  0.0769421  0.0181636
  1.3  0.6  0.0559017  0.025
  1.4  0.6  0.0293893  0.0293893
  1.5  0.6  1.74706e-17  0.0309017
  1.6  0.6  -0.0293893  0.0293893
  1.7  0.6  -0.0559017  0.025
  1.8  0.6  -0.0769421  0.0181636
  1.9  0.6  -0.0904508  0.00954915
  2  0.6  -0.0951057  7.56873e-18
  2.1  0.6  -0.0904508  -0.00954915
  2.2  0.6  -0.0769421  -0.0181636
  2.3  0.6  -0.0559017  -0.025
  2.4  0.6  -0.0293893  -0.0293893
  2.5  0.6  -2.91177e-17  -0.0309017
  0.5  0.7  -4.9538e-18  -0.0587785
  0.6  0.7  0.025  -0.0559017
  0.7  0.7  0.0475528  -0.0475528
  0.8  0.7  0.0654508  -0.0345492
  0.9  0.7  0.0769421  -0.0181636
  1  0.7  0.0809017  -7.19829e-18
  1.1  0.7  0.0769421  0.0181636
  1.2  0.7  0.0654508  0.0345492
  1.3  0.7  0.0475528  0.0475528
  1.4  0.7  0.025  0.0559017
  1.5  0.7  1.48614e-17  0.0587785
  1.6  0.7  -0.025  0.0559017
  1.7  0.7  -0.0475528  0.0475528
  1.8  0.7  -0.0654508  0.0345492
  1.9  0.7  -0.0769421  0.0181636
  2  0.7  -0.0809017  1.43966e-17
  2.1  0.7  -0.0769421  -0.0181636
  2.2  0.7  -0.0654508  -0.0345492
  2.3  0.7  -0.0475528  -0.0475528
  2.4  0.7  -0.025  -0.0559017
  2.5  0.7  -2.4769e-17  -0.0587785
  0.5  0.8  -3.59915e-18  -0.0809017
  0.6  0.8  0.0181636  -0.0769421
  0.7  0.8  0.0345492  -0.0654508
  0.8  0.8  0.0475528  -0.0475528
  0.9  0.8  0.0559017  -0.025
  1  0.8  0.0587785  -9.9076e-18
  1.1  0.8  0.0559017  0.025
  1.2  0.8  0.0475528  0.0475528
  1.3  0.8  0.0345492  0.0654508
  1.4  0.8  0.0181636  0.0769421
  1.5  0.8  1.07974e-17  0.0809017
  1.6  0.8  -0.0181636  0.0769421
  1.7  0.8  -0.0345492  0.0654508
  1.8  0.8  -0.0475528  0.0475528
  1.9  0.8  -0.0559017  0.025
  2  0.8  -0.0587785  1.98152e-17
  2.1  0.8  -0.0559017  -0.025
  2.2  0.8  -0.0475528  -0.0475528
  2.3  0.8  -0.0345492  -0.0654508
  2.4  0.8  -0.0181636  -0.0769421
  2.5  0.8  -1.79957e-17  -0.0809017
  0.5  0.9  -1.89218e-18  -0.0951057
  0.6  0.9  0.00954915  -0.0904508
  0.7  0.9  0.0181636  -0.0769421
  0.8  0.9  0.025  -0.0559017
  0.9  0.9  0.0293893  -0.0293893
  1  0.9  0.0309017  -1.16471e-17
  1.1  0.9  0.0293893  0.0293893
  1.2  0.9  0.025  0.0559017
  1.3  0.9  0.0181636  0.0769421
  1.4  0.9  0.00954915  0.0904508
  1.5  0.9  5.67655e-18  0.0951057
  1.6  0.9  -0.00954915  0.0904508
  1.7  0.9  -0.0181636  0.0769421
  1.8  0.9  -0.025  0.0559017
  1.9  0.9  -0.0293893  0.0293893
  2  0.9  -0.0309017  2.32942e-17
  2.1  0.9  -0.0293893  -0.0293893
  2.2  0.9  -0.025  -0.0559017
  2.3  0.9  -0.0181636  -0.0769421
  2.4  0.9  -0.00954915  -0.0904508
  2.5  0.9  -9.46092e-18  -0.0951057
  0.5  1  -7.4988e-34  -0.1
  0.6  1  3.78437e-18  -0.0951057
  0.7  1  7.19829e-18  -0.0809017
  0.8  1  9.9076e-18  -0.0587785
  0.9  1  1.16471e-17  -0.0309017
  1  1  1.22465e-17  -1.22465e-17
  1.1  1  1.16471e-17  0.0309017
  1.2  1  9.9076e-18  0.0587785
  1.3  1  7.19829e-18  0.0809017
  1.4  1  3.78437e-18  0.0951057
  1.5  1  2.24964e-33  0.1
  1.6  1  -3.78437e-18  0.0951057
  1.7  1  -7.19829e-18  0.0809017
  1.8  1  -9.9076e-18  0.0587785
  1.9  1  -1.16471e-17  0.0309017
  2  1  -1.22465e-17  2.44929e-17
  2.1  1  -1.16471e-17  -0.0309017
  2.2  1  -9.9076e-18  -0.0587785
  2.3  1  -7.19829e-18  -0.0809017
  2.4  1  -3.78437e-18  -0.0951057
  2.5  1  -3.7494e-33  -0.1
  0.5  1.1  1.89218e-18  -0.0951057
  0.6  1.1  -0.00954915  -0.0904508
  0.7  1.1  -0.0181636  -0.0769421
  0.8  1.1  -0.025  -0.0559017
  0.9  1.1  -0.0293893  -0.0293893
  1  1.1  -0.0309017  -1.16471e-17
  1.1  1.1  -0.0293893  0.0293893
  1.2  1.1  -0.025  0.0559017
  1.3  1.1  -0.0181636  0.0769421
  1.4  1.1  -0.00954915  0.0904508
  1.5  1.1  -5.67655e-18  0.0951057
  1.6  1.1  0.00954915  0.0904508
  1.7  1.1  0.0181636  0.0769421
  1.8  1.1  0.025  0.0559017
  1.9  1.1  0.0293893  0.0293893
  2  1.1  0.0309017  2.32942e-17
  2.1  1.1  0.0293893  -0.0293893
  2.2  1.1  0.025  -0.0559017
  2.3  1.1  0.0181636  -0.0769421
  2.4  1.1  0.00954915  -0.0904508
  2.5  1.1  9.46092e-18  -0.0951057
  0.5  1.2  3.59915e-18  -0.0809017
  0.6  1.2  -0.0181636  -0.0769421
  0.7  1.2  -0.0345492  -0.0654508
  0.8  1.2  -0.0475528  -0.0475528
  0.9  1.2  -0.0559017  -0.025
  1  1.2  -0.0587785  -9.9076e-18
  1.1  1.2  -0.0559017  0.025
  1.2  1.2  -0.0475528  0.0475528
  1.3  1.2  -0.0345492  0.0654508
  1.4  1.2  -0.0181636  0.0769421
  1.5  1.2  -1.07974e-17  0.0809017
  1.6  1.2  0.0181636  0.0769421
  1.7  1.2  0.0345492  0.0654508
  1.8  1.2  0.0475528  0.0475528
  1.9  1.2  0.0559017  0.025
  2  1.2  0.0587785  1.98152e-17
  2.1  1.2  0.0559017  -0.025
  2.2  1.2  0.0475528  -0.0475528
  2.3  1.2  0.0345492  -0.0654508
  2.4  1.2  0.0181636  -0.0769421
  2.5  1.2  1.79957e-17  -0.0809017
  0.5  1.3  4.9538e-18  -0.0587785
  0.6  1.3  -0.025  -0.0559017
  0.7  1.3  -0.0475528  -0.0475528
  0.8  1.3  -0.0654508  -0.0345492
  0.9  1.3  -0.0769421  -0.0181636
  1  1.3  -0.0809017  -7.19829e-18
  1.1  1.3  -0.0769421  0.0181636
  1.2  1.3  -0.0654508  0.0345492
  1.3  1.3  -0.0475528  0.0475528
  1.4  1.3  -0.025  0.0559017
  1.5  1.3  -1.48614e-17  0.0587785
  1.6  1.3  0.025  0.0559017
  1.7  1.3  0.0475528  0.0475528
  1.8  1.3  0.0654508  0.0345492
  1.9  1.3  0.0769421  0.0181636
  2  1.3  0.0809017  1.43966e-17
  2.1  1.3  0.0769421  -0.0181636
  2.2  1.3  0.0654508  -0.0345492
  2.3  1.3  0.0475528  -0.0475528
  2.4  1.3  0.025  -0.0559017
  2.5  1.3  2.4769e-17  -0.0587785
  0.5  1.4  5.82354e-18  -0.0309017
  0.6  1.4  -0.0293893  -0.0293893
  0.7  1.4  -0.0559017  -0.025
  0.8  1.4  -0.0769421  -0.0181636
  0.9  1.4  -0.0904508  -0.00954915
  1  1.4  -0.0951057  -3.78437e-18
  1.1  1.4  -0.0904508  0.00954915
  1.2  1.4  -0.0769421  0.0181636
  1.3  1.4  -0.0559017  0.025
  1.4  1.4  -0.0293893  0.0293893
  1.5  1.4  -1.74706e-17  0.0309017
  1.6  1.4  0.0293893  0.0293893
  1.7  1.4  0.0559017  0.025
  1.8  1.4  0.0769421  0.0181636
  1.9  1.4  0.0904508  0.00954915
  2  1.4  0.0951057  7.56873e-18
  2.1  1.4  0.0904508  -0.00954915
  2.2  1.4  0.0769421  -0.0181636
  2.3  1.4  0.0559017  -0.025
  2.4  1.4  0.0293893  -0.0293893
  2.5  1.4  2.91177e-17  -0.0309017
  0.5  1.5  6.12323e-18  -1.83697e-17
  0.6  1.5  -0.0309017  -1.74706e-17
  0.7  1.5  -0.0587785  -1.48614e-17
  0.8  1.5  -0.0809017  -1.07974e-17
  0.9  1.5  -0.0951057  -5.67655e-18
  1  1.5  -0.1  -2.24964e-33
  1.1  1.5  -0.0951057  5.67655e-18
  1.2  1.5  -0.0809017  1.07974e-17
  1.3  1.5  -0.0587785  1.48614e-17
  1.4  1.5  -0.0309017  1.74706e-17
  1.5  1.5  -1.83697e-17  1.83697e-17
  1.6  1.5  0.0309017  1.74706e-17
  1.7  1.5  0.0587785  1.48614e-17
  1.8  1.5  0.0809017  1.07974e-17
  1.9  1.5  0.0951057  5.67655e-18
  2  1.5  0.1  4.49928e-33
  2.1  1.5  0.0951057  -5.67655e-18
  2.2  1.5  0.0809017  -1.07974e-17
  2.3  1.5  0.0587785  -1.48614e-17
  2.4  1.5  0.0309017  -1.74706e-17
  2.5  1.5  3.06162e-17  -1.83697e-17
  0.5  1.6  5.82354e-18  0.0309017
  0.6  1.6  -0.0293893  0.0293893
  0.7  1.6  -0.0559017  0.025
  0.8  1.6  -0.0769421  0.0181636
  0.9  1.6  -0.0904508  0.00954915
  1  1.6  -0.0951057  3.78437e-18
  1.1  1.6  -0.0904508  -0.00954915
  1.2  1.6  -0.0769421  -0.0181636
  1.3  1.6  -0.0559017  -0.025
  1.4  1.6  -0.0293893  -0.0293893
  1.5  1.6  -1.74706e-17  -0.0309017
  1.6  1.6  0.0293893  -0.0293893
  1.7  1.6  0.0559017  -0.025
  1.8  1.6  0.0769421  -0.0181636
  1.9  1.6  0.0904508  -0.00954915
  2  1.6  0.0951057  -7.56873e-18
  2.1  1.6  0.0904508  0.00954915
  2.2  1.6  0.0769421  0.0181636
  2.3  1.6  0.0559017  0.025
  2.4  1.6  0.0293893  0.0293893
  2.5  1.6  2.91177e-17  0.0309017
  0.5  1.7  4.9538e-18  0.0587785
  0.6  1.7  -0.025  0.0559017
  0.7  1.7  -0.0475528  0.0475528
  0.8  1.7  -0.0654508  0.0345492
  0.9  1.7  -0.0769421  0.0181636
  1  1.7  -0.0809017  7.19829e-18
  1.1  1.7  -0.0769421  -0.0181636
  1.2  1.7  -0.0654508  -0.0345492
  1.3  1.7  -0.0475528  -0.0475528
  1.4  1.7  -0.025  -0.0559017
  1.5  1.7  -1.48614e-17  -0.0587785
  1.6  1.7  0.025  -0.0559017
  1.7  1.7  0.0475528  -0.0475528
  1.8  1.7  0.0654508  -0.0345492
  1.9  1.7  0.0769421  -0.0181636
  2  1.7  0.0809017  -1.43966e-17
  2.1  1.7  0.0769421  0.0181636
  2.2  1.7  0.0654508  0.0345492
  2.3  1.7  0.0475528  0.0475528
  2.4  1.7  0.025  0.0559017
  2.5  1.7  2.4769e-17  0.0587785
  0.5  1.8  3.59915e-18  0.0809017
  0.6  1.8  -0.0181636  0.0769421
  0.7  1.8  -0.0345492  0.0654508
  0.8  1.8  -0.0475528  0.0475528
  0.9  1.8  -0.0559017  0.025
  1  1.8  -0.0587785  9.9076e-18
  1.1  1.8  -0.0559017  -0.025
  1.2  1.8  -0.0475528  -0.0475528
  1.3  1.8  -0.0345492  -0.0654508
  1.4  1.8  -0.0181636  -0.0769421
  1.5  1.8  -1.07974e-17  -0.0809017
  1.6  1.8  0.0181636  -0.0769421
  1.7  1.8  0.0345492  -0.0654508
  1.8  1.8  0.0475528  -0.0475528
  1.9  1.8  0.0559017  -0.025
  2  1.8  0.0587785  -1.98152e-17
  2.1  1.8  0.0559017  0.025
  2.2  1.8  0.0475528  0.0475528
  2.3  1.8  0.0345492  0.0654508
  2.4  1.8  0.0181636  0.0769421
  2.5  1.8  1.79957e-17  0.0809017
  0.5  1.9  1.89218e-18  0.0951057
  0.6  1.9  -0.00954915  0.0904508
  0.7  1.9  -0.0181636  0.0769421
  0.8  1.9  -0.025  0.0559017
  0.9  1.9  -0.0293893  0.0293893
  1  1.9  -0.0309017  1.16471e-17
  1.1  1.9  -0.0293893  -0.0293893
  1.2  1.9  -0.025  -0.0559017
  1.3  1.9  -0.0181636  -0.0769421
  1.4  1.9  -0.00954915  -0.0904508
  1.5  1.9  -5.67655e-18  -0.0951057
  1.6  1.9  0.00954915  -0.0904508
  1.7  1.9  0.0181636  -0.0769421
  1.8  1.9  0.025  -0.0559017
  1.9  1.9  0.0293893  -0.0293893
  2  1.9  0.0309017  -2.32942e-17
  2.1  1.9  0.0293893  0.0293893
  2.2  1.9  0.025  0.0559017
  2.3  1.9  0.0181636  0.0769421
  2.4  1.9  0.00954915  0.0904508
  2.5  1.9  9.46092e-18  0.0951057
  0.5  2  1.49976e-33  0.1
  0.6  2  -7.56873e-18  0.0951057
  0.7  2  -1.43966e-17  0.0809017
  0.8  2  -1.98152e-17  0.0587785
  0.9  2  -2.32942e-17  0.0309017
  1  2  -2.44929e-17  1.22465e-17
  1.1  2  -2.32942e-17  -0.0309017
  1.2  2  -1.98152e-17  -0.0587785
  1.3  2  -1.43966e-17  -0.0809017
  1.4  2  -7.56873e-18  -0.0951057
  1.5  2  -4.49928e-33  -0.1
  1.6  2  7.56873e-18  -0.0951057
  1.7  2  1.43966e-17  -0.0809017
  1.8  2  1.98152e-17  -0.0587785
  1.9  2  2.32942e-17  -0.0309017
  2  2  2.44929e-17  -2.44929e-17
  2.1  2  2.32942e-17  0.0309017
  2.2  2  1.98152e-17  0.0587785
  2.3  2  1.43966e-17  0.0809017
  2.4  2  7.56873e-18  0.0951057
  2.5  2  7.4988e-33  0.1
  0.5  2.1  -1.89218e-18  0.0951057
  0.6  2.1  0.00954915  0.0904508
  0.7  2.1  0.0181636  0.0769421
  0.8  2.1  0.025  0.0559017
  0.9  2.1  0.0293893  0.0293893
  1  2.1  0.0309017  1.16471e-17
  1.1  2.1  0.0293893  -0.0293893
  1.2  2.1  0.025  -0.0559017
  1.3  2.1  0.0181636  -0.0769421
  1.4  2.1  0.00954915  -0.0904508
  1.5  2.1  5.67655e-18  -0.0951057
  1.6  2.1  -0.00954915  -0.0904508
  1.7  2.1  -0.0181636  -0.0769421
  1.8  2.1  -0.025  -0.0559017
  1.9  2.1  -0.0293893  -0.0293893
  2  2.1  -0.0309017  -2.32942e-17
  2.1  2.1  -0.0293893  0.0293893
  2.2  2.1  -0.025  0.0559017
  2.3  2.1  -0.0181636  0.0769421
  2.4  2.1  -0.00954915  0.0904508
  2.5  2.1  -9.46092e-18  0.0951057
  0.5  2.2  -3.59915e-18  0.0809017
  0.6  2.2  0.0181636  0.0769421
  0.7  2.2  0.0345492  0.0654508
  0.8  2.2  0.0475528  0.0475528
  0.9  2.2  0.0559017  0.025
  1  2.2  0.0587785  9.9076e-18
  1.1  2.2  0.0559017  -0.025
  1.2  2.2  0.0475528  -0.0475528
  1.3  2.2  0.0345492  -0.0654508
  1.4  2.2  0.0181636  -0.0769421
  1.5  2.2  1.07974e-17  -0.0809017
  1.6  2.2  -0.0181636  -0.0769421
  1.7  2.2  -0.0345492  -0.0654508
  1.8  2.2  -0.0475528  -0.0475528
  1.9  2.2  -0.0559017  -0.025
  2  2.2  -0.0587785  -1.98152e-17
  2.1  2.2  -0.0559017  0.025
  2.2  2.2  -0.0475528  0.0475528
  2.3  2.2  -0.0345492  0.0654508
  2.4  2.2  -0.0181636  0.0769421
  2.5  2.2  -1.79957e-17  0.0809017
  0.5  2.3  -4.9538e-18  0.0587785
  0.6  2.3  0.025  0.0559017
  0.7  2.3  0.0475528  0.0475528
  0.8  2.3  0.0654508  0.0345492
  0.9  2.3  0.0769421  0.0181636
  1  2.3  0.0809017  7.19829e-18
  1.1  2.3  0.0769421  -0.0181636
  1.2  2.3  0.0654508  -0.0345492
  1.3  2.3  0.0475528  -0.0475528
  1.4  2.3  0.025  -0.0559017
  1.5  2.3  1.48614e-17  -0.0587785
  1.6  2.3  -0.025  -0.0559017
  1.7  2.3  -0.0475528  -0.0475528
  1.8  2.3  -0.0654508  -0.0345492
  1.9  2.3  -0.0769421  -0.0181636
  2  2.3  -0.0809017  -1.43966e-17
  2.1  2.3  -0.0769421  0.0181636
  2.2  2.3  -0.0654508  0.0345492
  2.3  2.3  -0.0475528  0.0475528
  2.4  2.3  -0.025  0.0559017
  2.5  2.3  -2.4769e-17  0.0587785
  0.5  2.4  -5.82354e-18  0.0309017
  0.6  2.4  0.0293893  0.0293893
  0.7  2.4  0.0559017  0.025
  0.8  2.4  0.0769421  0.0181636
  0.9  2.4  0.0904508  0.00954915
  1  2.4  0.0951057  3.78437e-18
  1.1  2.4  0.0904508  -0.00954915
  1.2  2.4  0.0769421  -0.0181636
  1.3  2.4  0.0559017  -0.025
  1.4  2.4  0.0293893  -0.0293893
  1.5  2.4  1.74706e-17  -0.0309017
  1.6  2.4  -0.0293893  -0.0293893
  1.7  2.4  -0.0559017  -0.025
  1.8  2.4  -0.0769421  -0.0181636
  1.9  2.4  -0.0904508  -0.00954915
  2  2.4  -0.0951057  -7.56873e-18
  2.1  2.4  -0.0904508  0.00954915
  2.2  2.4  -0.0769421  0.0181636
  2.3  2.4  -0.0559017  0.025
  2.4  2.4  -0.0293893  0.0293893
  2.5  2.4  -2.91177e-17  0.0309017
  0.5  2.5  -6.12323e-18  3.06162e-17
  0.6  2.5  0.0309017  2.91177e-17
  0.7  2.5  0.0587785  2.4769e-17
  0.8  2.5  0.0809017  1.79957e-17
  0.9  2.5  0.0951057  9.46092e-18
  1  2.5  0.1  3.7494e-33
  1.1  2.5  0.0951057  -9.46092e-18
  1.2  2.5  0.0809017  -1.79957e-17
  1.3  2.5  0.0587785  -2.4769e-17
  1.4  2.5  0.0309017  -2.91177e-17
  1.5  2.5  1.83697e-17  -3.06162e-17
  1.6  2.5  -0.0309017  -2.91177e-17
  1.7  2.5  -0.0587785  -2.4769e-17
  1.8  2.5  -0.0809017  -1.79957e-17
  1.9  2.5  -0.0951057  -9.46092e-18
  2  2.5  -0.1  -7.4988e-33
  2.1  2.5  -0.0951057  9.46092e-18
  2.2  2.5  -0.0809017  1.79957e-17
  2.3  2.5  -0.0587785  2.4769e-17
  2.4  2.5  -0.0309017  2.91177e-17
  2.5  2.5  -3.06162e-17  3.06162e-17
