                         0
                      0.25
                      0.25
                         1
        0.4849355818102371
                         1
                      2.25
         1.228906853500378
         1.228906853500378
                      2.25
                        16
                        20
                     18.25
                        17
                     16.25
                     12.25
                         9
                      6.25
                         4
         2.477100808843522
         1.969930925971543
         2.477100808843522
                         4
         12.48641371460746
                     16.25
         14.48623150724315
           13.232655265268
         9.230856781309763
         6.478465122041869
         4.227353823187712
         3.217907241029214
         3.217907241029214
         4.227353823187711
                      6.25
         9.975149687984379
                        13
         11.23061787216386
          7.22169829093286
           4.9696247939379
         4.468256126611582
           4.9696247939379
         6.478465122041871
                         9
          8.47787398739468
                     10.25
         6.225220012405935
                     12.25
         6.225220012405936
         7.221698290932859
         9.230856781309763
                        16
                         8
         12.48641371460746
         8.477873987394682
         9.975149687984381
                     16.25
                     10.25
           13.232655265268
         11.23061787216386
                        17
                        13
         14.48623150724315
                     18.25
                     16.25
                        20
