-1  -1
-0.98  -0.982287
-0.96  -0.929776
-0.94  -0.844328
-0.92  -0.728969
-0.9  -0.587785
-0.88  -0.425779
-0.86  -0.24869
-0.84  -0.0627905
-0.82  0.125333
-0.8  0.309017
-0.78  0.481754
-0.76  0.637424
-0.74  0.770513
-0.72  0.876307
-0.7  0.951057
-0.68  0.992115
-0.66  0.998027
-0.64  0.968583
-0.62  0.904827
-0.6  0.809017
-0.58  0.684547
-0.56  0.535827
-0.54  0.368125
-0.52  0.187381
-0.5  -1.83697e-16
-0.48  -0.187381
-0.46  -0.368125
-0.44  -0.535827
-0.42  -0.684547
-0.4  -0.809017
-0.38  -0.904827
-0.36  -0.968583
-0.34  -0.998027
-0.32  -0.992115
-0.3  -0.951057
-0.28  -0.876307
-0.26  -0.770513
-0.24  -0.637424
-0.22  -0.481754
-0.2  -0.309017
-0.18  -0.125333
-0.16  0.0627905
-0.14  0.24869
-0.12  0.425779
-0.1  0.587785
-0.08  0.728969
-0.06  0.844328
-0.04  0.929776
-0.02  0.982287
0  -0.995518
0.02  -0.994529
0.04  -0.993321
0.06  -0.991848
0.08  -0.990053
0.1  -0.987864
0.12  -0.985197
0.14  -0.981949
0.16  -0.977996
0.18  -0.973189
0.2  -0.96735
0.22  -0.960265
0.24  -0.951681
0.26  -0.941297
0.28  -0.928762
0.3  -0.913671
0.32  -0.895556
0.34  -0.873889
0.36  -0.848089
0.38  -0.817524
0.4  -0.781536
0.42  -0.739469
0.44  -0.690707
0.46  -0.634735
0.48  -0.571203
0.5  -0.5
0.52  -0.421328
0.54  -0.33576
0.56  -0.244266
0.58  -0.148206
0.6  -0.0492662
0.62  0.0506505
0.64  0.149563
0.66  0.245571
0.68  0.336991
0.7  0.422469
0.72  0.50104
0.74  0.572137
0.76  0.635563
0.78  0.691432
0.8  0.740097
0.82  0.782076
0.84  0.817984
0.86  0.848478
0.88  0.874217
0.9  0.89583
0.92  0.9139
0.94  0.928953
0.96  0.941454
0.98  0.951811
1  0.960373
