-1  0.135335
-0.98  0.166709
-0.96  0.205356
-0.94  0.252963
-0.92  0.311605
-0.9  0.383843
-0.88  0.472827
-0.86  0.582439
-0.84  0.717462
-0.82  0.883786
-0.8  -0.918553
-0.78  -0.745686
-0.76  -0.605351
-0.74  -0.491427
-0.72  -0.398943
-0.7  -0.323863
-0.68  -0.262914
-0.66  -0.213435
-0.64  -0.173267
-0.62  -0.140659
-0.6  -0.114188
-0.58  -0.0926982
-0.56  -0.0752528
-0.54  -0.0610906
-0.52  -0.0495936
-0.5  -0.0402603
-0.48  -0.0326835
-0.46  -0.0265326
-0.44  -0.0215393
-0.42  -0.0174857
-0.4  -0.014195
-0.38  -0.0115236
-0.36  -0.00935487
-0.34  1.47889
-0.32  1.39496
-0.3  1.2506
-0.28  1.05208
-0.26  0.807995
-0.24  0.528908
-0.22  0.226913
-0.2  -0.0849102
-0.18  -0.393056
-0.16  -0.684177
-0.14  -0.945664
-0.12  -1.16619
-0.1  -1.33621
-0.08  -1.44835
-0.06  -1.49776
-0.04  -1.48229
-0.02  -1.40263
0  -1.26221
0.02  -1.06712
0.04  -0.825807
0.06  -0.548729
0.08  -0.247884
0.1  0.0636975
0.12  0.37252
0.14  0.665208
0.16  0.929084
0.18  1.15272
0.2  1.32642
0.22  1.44268
0.24  1.49645
0.26  1.4854
0.28  1.41001
0.3  1.27355
0.32  1.08194
0.34  0.843454
0.36  0.568441
0.38  0.268806
0.4  -0.0424721
0.42  -0.35191
0.44  -0.646106
0.46  -0.912317
0.48  -1.13901
0.5  -1.31637
0.52  -1.43672
0.54  -1.49484
0.56  -1.48821
0.58  -1.41712
0.6  -1.28465
0.62  -1.09654
0.64  -0.860932
0.66  -0.588038
0.68  -0.289673
0.7  0.0212382
0.72  0.33123
0.74  0.626874
0.76  0.895367
0.78  1.12508
0.8  1.30606
0.82  1.43047
0.84  1.49292
0.86  1.49071
0.88  1.42394
0.9  1.29548
0.92  1.11092
0.94  0.878238
0.96  0.607517
0.98  0.310482
1  1.10218e-15
