-1  0
-0.98  0
-0.96  0
-0.94  0
-0.92  0
-0.9  0
-0.88  0
-0.86  0
-0.84  0
-0.82  0
-0.8  0
-0.78  0
-0.76  0
-0.74  0
-0.72  0
-0.7  0
-0.68  0
-0.66  1
-0.64  1
-0.62  1
-0.6  1
-0.58  1
-0.56  1
-0.54  1
-0.52  1
-0.5  1
-0.48  1
-0.46  1
-0.44  1
-0.42  1
-0.4  1
-0.38  1
-0.36  1
-0.34  1
-0.32  0
-0.3  0
-0.28  0
-0.26  0
-0.24  0
-0.22  0
-0.2  0
-0.18  0
-0.16  0.5016
-0.14  0.5256
-0.12  0.5784
-0.1  0.66
-0.08  0.7704
-0.06  0.9096
-0.04  1.0776
-0.02  1.2744
0  1.5
0.02  1.7544
0.04  2.0376
0.06  2.3496
0.08  2.6904
0.1  3.06
0.12  3.4584
0.14  3.8856
0.16  4.3416
0.18  0
0.2  0
0.22  0
0.24  0
0.26  0
0.28  0
0.3  0
0.32  0
0.34  0
0.36  0
0.38  0
0.4  0
0.42  2.22
0.44  2.04
0.46  1.86
0.48  1.68
0.5  1.5
0.52  1.32
0.54  1.14
0.56  0.96
0.58  0.78
0.6  0.6
0.62  0.42
0.64  0.24
0.66  0.06
0.68  -0.12
0.7  -0.3
0.72  -0.48
0.74  -0.66
0.76  -0.84
0.78  0
0.8  0
0.82  0
0.84  0
0.86  0
0.88  0
0.9  0
0.92  0
0.94  0
0.96  0
0.98  0
1  0
