0  -4.08216e-17
0.01  0.0154651
0.02  0.0308889
0.03  0.0462302
0.04  0.0614483
0.05  0.0765028
0.06  0.0913541
0.07  0.105963
0.08  0.120292
0.09  0.134304
0.1  0.147964
0.11  0.161237
0.12  0.174091
0.13  0.186495
0.14  0.198419
0.15  0.209836
0.16  0.220721
0.17  0.231051
0.18  0.240805
0.19  0.249963
0.2  0.258509
0.21  0.266431
0.22  0.273715
0.23  0.280352
0.24  0.286338
0.25  0.291667
0.26  0.296338
0.27  0.300352
0.28  0.303715
0.29  0.306431
0.3  0.308509
0.31  0.309963
0.32  0.310805
0.33  0.311051
0.34  0.310721
0.35  0.309836
0.36  0.308419
0.37  0.306495
0.38  0.304091
0.39  0.301237
0.4  0.297964
0.41  0.294304
0.42  0.290292
0.43  0.285963
0.44  0.281354
0.45  0.276503
0.46  0.271448
0.47  0.26623
0.48  0.260889
0.49  0.255465
0.5  0.25
0.51  0.244535
0.52  0.239111
0.53  0.23377
0.54  0.228552
0.55  0.223497
0.56  0.218646
0.57  0.214037
0.58  0.209708
0.59  0.205696
0.6  0.202036
0.61  0.198763
0.62  0.195909
0.63  0.193505
0.64  0.191581
0.65  0.190164
0.66  0.189279
0.67  0.188949
0.68  0.189195
0.69  0.190037
0.7  0.191491
0.71  0.193569
0.72  0.196285
0.73  0.199648
0.74  0.203662
0.75  0.208333
0.76  0.213662
0.77  0.219648
0.78  0.226285
0.79  0.233569
0.8  0.241491
0.81  0.250037
0.82  0.259195
0.83  0.268949
0.84  0.279279
0.85  0.290164
0.86  0.301581
0.87  0.313505
0.88  0.325909
0.89  0.338763
0.9  0.352036
0.91  0.365696
0.92  0.379708
0.93  0.394037
0.94  0.408646
0.95  0.423497
0.96  0.438552
0.97  0.45377
0.98  0.469111
0.99  0.484535
1  0.5
