-1  -1
-0.98  -1
-0.96  -1
-0.94  -1
-0.92  -1
-0.9  -1
-0.88  -1
-0.86  -1
-0.84  -1
-0.82  -1
-0.8  -1
-0.78  -1
-0.76  -1
-0.74  -1
-0.72  -1
-0.7  -1
-0.68  -1
-0.66  -1
-0.64  -1
-0.62  -1
-0.6  -1
-0.58  -1
-0.56  -1
-0.54  -1
-0.52  -1
-0.5  -1
-0.48  -1
-0.46  -1
-0.44  -1
-0.42  -1
-0.4  -1
-0.38  -0.999999
-0.36  -0.999999
-0.34  -0.999998
-0.32  -0.999994
-0.3  -0.999988
-0.28  -0.999973
-0.26  -0.999939
-0.24  -0.999865
-0.22  -0.999699
-0.2  -0.999329
-0.18  -0.998508
-0.16  -0.996682
-0.14  -0.992632
-0.12  -0.983675
-0.1  -0.964028
-0.08  -0.921669
-0.06  -0.833655
-0.04  -0.664037
-0.02  -0.379949
0  0
0.02  0.379949
0.04  0.664037
0.06  0.833655
0.08  0.921669
0.1  0.964028
0.12  0.983675
0.14  0.992632
0.16  0.996682
0.18  0.998508
0.2  0.999329
0.22  0.999699
0.24  0.999865
0.26  0.999939
0.28  0.999973
0.3  0.999988
0.32  0.999994
0.34  0.999998
0.36  0.999999
0.38  0.999999
0.4  1
0.42  1
0.44  1
0.46  1
0.48  1
0.5  1
0.52  1
0.54  1
0.56  1
0.58  1
0.6  1
0.62  1
0.64  1
0.66  1
0.68  1
0.7  1
0.72  1
0.74  1
0.76  1
0.78  1
0.8  1
0.82  1
0.84  1
0.86  1
0.88  1
0.9  1
0.92  1
0.94  1
0.96  1
0.98  1
1  1
