0  0.5
0.01  0.500465
0.02  0.500889
0.03  0.50123
0.04  0.501448
0.05  0.501503
0.06  0.501354
0.07  0.500963
0.08  0.500292
0.09  0.499304
0.1  0.497964
0.11  0.496237
0.12  0.494091
0.13  0.491495
0.14  0.488419
0.15  0.484836
0.16  0.480721
0.17  0.476051
0.18  0.470805
0.19  0.464963
0.2  0.458509
0.21  0.451431
0.22  0.443715
0.23  0.435352
0.24  0.426338
0.25  0.416667
0.26  0.406338
0.27  0.395352
0.28  0.383715
0.29  0.371431
0.3  0.358509
0.31  0.344963
0.32  0.330805
0.33  0.316051
0.34  0.300721
0.35  0.284836
0.36  0.268419
0.37  0.251495
0.38  0.234091
0.39  0.216237
0.4  0.197964
0.41  0.179304
0.42  0.160292
0.43  0.140963
0.44  0.121354
0.45  0.101503
0.46  0.0814483
0.47  0.0612302
0.48  0.0408889
0.49  0.0204651
0.5  2.04108e-17
0.51  -0.000465087
0.52  -0.000888872
0.53  -0.00123022
0.54  -0.00144831
0.55  -0.00150283
0.56  -0.00135409
0.57  -0.000963215
0.58  -0.000292279
0.59  0.000695534
0.6  0.00203579
0.61  0.00376267
0.62  0.00590882
0.63  0.00850523
0.64  0.0115811
0.65  0.0151638
0.66  0.0192787
0.67  0.0239489
0.68  0.0291955
0.69  0.0350373
0.7  0.0414906
0.71  0.0485695
0.72  0.0562855
0.73  0.0646475
0.74  0.0736622
0.75  0.0833333
0.76  0.0936622
0.77  0.104648
0.78  0.116285
0.79  0.128569
0.8  0.141491
0.81  0.155037
0.82  0.169195
0.83  0.183949
0.84  0.199279
0.85  0.215164
0.86  0.231581
0.87  0.248505
0.88  0.265909
0.89  0.283763
0.9  0.302036
0.91  0.320696
0.92  0.339708
0.93  0.359037
0.94  0.378646
0.95  0.398497
0.96  0.418552
0.97  0.43877
0.98  0.459111
0.99  0.479535
1  0.5
