0  -0.125
0.01  -0.109585
0.02  -0.0943111
0.03  -0.0792198
0.04  -0.0643517
0.05  -0.0497472
0.06  -0.0354459
0.07  -0.0214868
0.08  -0.00790772
0.09  0.00525447
0.1  0.0179642
0.11  0.0301873
0.12  0.0418912
0.13  0.0530448
0.14  0.0636189
0.15  0.0735862
0.16  0.0829213
0.17  0.0916011
0.18  0.0996045
0.19  0.106913
0.2  0.113509
0.21  0.119381
0.22  0.124515
0.23  0.128902
0.24  0.132538
0.25  0.135417
0.26  0.137538
0.27  0.138902
0.28  0.139515
0.29  0.139381
0.3  0.138509
0.31  0.136913
0.32  0.134605
0.33  0.131601
0.34  0.127921
0.35  0.123586
0.36  0.118619
0.37  0.113045
0.38  0.106891
0.39  0.100187
0.4  0.0929642
0.41  0.0852545
0.42  0.0770923
0.43  0.0685132
0.44  0.0595541
0.45  0.0502528
0.46  0.0406483
0.47  0.0307802
0.48  0.0206889
0.49  0.0104151
0.5  2.04108e-17
0.51  -0.0104151
0.52  -0.0206889
0.53  -0.0307802
0.54  -0.0406483
0.55  -0.0502528
0.56  -0.0595541
0.57  -0.0685132
0.58  -0.0770923
0.59  -0.0852545
0.6  -0.0929642
0.61  -0.100187
0.62  -0.106891
0.63  -0.113045
0.64  -0.118619
0.65  -0.123586
0.66  -0.127921
0.67  -0.131601
0.68  -0.134605
0.69  -0.136913
0.7  -0.138509
0.71  -0.139381
0.72  -0.139515
0.73  -0.138902
0.74  -0.137538
0.75  -0.135417
0.76  -0.132538
0.77  -0.128902
0.78  -0.124515
0.79  -0.119381
0.8  -0.113509
0.81  -0.106913
0.82  -0.0996045
0.83  -0.0916011
0.84  -0.0829213
0.85  -0.0735862
0.86  -0.0636189
0.87  -0.0530448
0.88  -0.0418912
0.89  -0.0301873
0.9  -0.0179642
0.91  -0.00525447
0.92  0.00790772
0.93  0.0214868
0.94  0.0354459
0.95  0.0497472
0.96  0.0643517
0.97  0.0792198
0.98  0.0943111
0.99  0.109585
1  0.125
