             0
  -8.32667e-17
     6.245e-17
  -1.66533e-16
  -2.91434e-16
   4.16334e-17
   4.16334e-17
            -0
             0
             0
     0.0983949
       0.18163
      0.237546
      0.256864
      0.237546
       0.18163
     0.0983949
   3.14147e-17
  -8.32667e-17
       0.18163
       0.33456
      0.438494
      0.473139
      0.438494
       0.33456
       0.18163
   5.80468e-17
            -0
      0.237546
      0.438494
      0.573487
      0.620124
      0.573487
      0.438494
      0.237546
   7.58418e-17
            -0
      0.256864
      0.473139
      0.620124
      0.669119
      0.620124
      0.473139
      0.256864
   8.20905e-17
            -0
      0.237546
      0.438494
      0.573487
      0.620124
      0.573487
      0.438494
      0.237546
   7.58418e-17
            -0
       0.18163
       0.33456
      0.438494
      0.473139
      0.438494
       0.33456
       0.18163
   5.80468e-17
            -0
     0.0983949
       0.18163
      0.237546
      0.256864
      0.237546
       0.18163
     0.0983949
   3.14147e-17
             0
   3.14147e-17
   5.80468e-17
   7.58418e-17
   8.20905e-17
   7.58418e-17
   5.80468e-17
   3.14147e-17
   1.00532e-32
