             0
            -0
    1.8735e-16
  -2.08167e-16
  -8.32667e-17
    -4.996e-16
   8.32667e-17
   8.32667e-17
             0
             0
      0.126311
      0.233162
      0.304943
      0.329741
      0.304943
      0.233162
      0.126311
   4.03373e-17
  -1.66533e-16
      0.233162
      0.429481
      0.562903
      0.607377
      0.562903
      0.429481
      0.233162
   7.45335e-17
  -1.66533e-16
      0.304943
      0.562903
      0.736197
      0.796065
      0.736197
      0.562903
      0.304943
   9.73827e-17
    -4.996e-16
      0.329741
      0.607377
      0.796065
      0.858961
      0.796065
      0.607377
      0.329741
   1.05406e-16
   3.33067e-16
      0.304943
      0.562903
      0.736197
      0.796065
      0.736197
      0.562903
      0.304943
   9.73827e-17
            -0
      0.233162
      0.429481
      0.562903
      0.607377
      0.562903
      0.429481
      0.233162
   7.45335e-17
   8.32667e-17
      0.126311
      0.233162
      0.304943
      0.329741
      0.304943
      0.233162
      0.126311
   4.03373e-17
             0
   4.03373e-17
   7.45335e-17
   9.73827e-17
   1.05406e-16
   9.73827e-17
   7.45335e-17
   4.03373e-17
   1.29086e-32
