             0
   8.32667e-17
    1.8735e-16
    -1.249e-16
  -2.91434e-16
  -4.16334e-17
   2.91434e-16
   8.32667e-17
             0
             0
      0.114312
      0.211012
      0.275973
      0.298415
      0.275973
      0.211012
      0.114312
   3.64987e-17
  -3.33067e-16
      0.211012
       0.38868
      0.509427
      0.549676
      0.509427
       0.38868
      0.211012
   6.74407e-17
  -1.66533e-16
      0.275973
      0.509427
      0.666258
      0.720439
      0.666258
      0.509427
      0.275973
   8.81156e-17
  -1.66533e-16
      0.298415
      0.549676
      0.720439
      0.777359
      0.720439
      0.549676
      0.298415
   9.53756e-17
  -1.66533e-16
      0.275973
      0.509427
      0.666258
      0.720439
      0.666258
      0.509427
      0.275973
   8.81156e-17
            -0
      0.211012
       0.38868
      0.509427
      0.549676
      0.509427
       0.38868
      0.211012
   6.74407e-17
   8.32667e-17
      0.114312
      0.211012
      0.275973
      0.298415
      0.275973
      0.211012
      0.114312
   3.64987e-17
             0
   3.64987e-17
   6.74407e-17
   8.81156e-17
   9.53756e-17
   8.81156e-17
   6.74407e-17
   3.64987e-17
   1.16801e-32
