             0
            -0
  -4.16334e-17
    -2.498e-16
   4.16334e-17
  -4.16334e-17
    -1.249e-16
     1.249e-16
             0
             0
      0.103439
      0.190941
      0.249723
      0.270031
      0.249723
      0.190941
      0.103439
   3.30254e-17
   1.66533e-16
      0.190941
       0.35171
      0.460972
      0.497392
      0.460972
       0.35171
      0.190941
   6.10229e-17
   1.66533e-16
      0.249723
      0.460972
      0.602885
      0.651912
      0.602885
      0.460972
      0.249723
   7.97303e-17
            -0
      0.270031
      0.497392
      0.651912
      0.703419
      0.651912
      0.497392
      0.270031
   8.62994e-17
   1.66533e-16
      0.249723
      0.460972
      0.602885
      0.651912
      0.602885
      0.460972
      0.249723
   7.97303e-17
   3.33067e-16
      0.190941
       0.35171
      0.460972
      0.497392
      0.460972
       0.35171
      0.190941
   6.10229e-17
   8.32667e-17
      0.103439
      0.190941
      0.249723
      0.270031
      0.249723
      0.190941
      0.103439
   3.30254e-17
             0
   3.30254e-17
   6.10229e-17
   7.97303e-17
   8.62994e-17
   7.97303e-17
   6.10229e-17
   3.30254e-17
   1.05686e-32
