             0
            -0
   1.04083e-16
  -2.08167e-16
     1.249e-16
  -8.32667e-17
     1.249e-16
  -4.16334e-17
             0
             0
       0.10874
      0.200727
      0.262522
      0.283871
      0.262522
      0.200727
       0.10874
   3.47186e-17
  -1.66533e-16
      0.200727
      0.369736
      0.484598
      0.522885
      0.484598
      0.369736
      0.200727
   6.41516e-17
   1.66533e-16
      0.262522
      0.484598
      0.633785
      0.685325
      0.633785
      0.484598
      0.262522
   8.38181e-17
            -0
      0.283871
      0.522885
      0.685325
      0.739471
      0.685325
      0.522885
      0.283871
   9.07241e-17
   3.33067e-16
      0.262522
      0.484598
      0.633785
      0.685325
      0.633785
      0.484598
      0.262522
   8.38181e-17
  -1.66533e-16
      0.200727
      0.369736
      0.484598
      0.522885
      0.484598
      0.369736
      0.200727
   6.41516e-17
            -0
       0.10874
      0.200727
      0.262522
      0.283871
      0.262522
      0.200727
       0.10874
   3.47186e-17
             0
   3.47186e-17
   6.41516e-17
   8.38181e-17
   9.07241e-17
   8.38181e-17
   6.41516e-17
   3.47186e-17
   1.11105e-32
