       0        18         2         9        10         1  
      20         2        18        11        10        19  
       2        20         4        11        12         3  
      22         4        20        13        12        21  
       4        22         6        13        14         5  
      24         6        22        15        14        23  
       6        24         8        15        16         7  
      26         8        24        17        16        25  
      18        36        20        27        28        19  
      38        20        36        29        28        37  
      20        38        22        29        30        21  
      40        22        38        31        30        39  
      22        40        24        31        32        23  
      42        24        40        33        32        41  
      24        42        26        33        34        25  
      44        26        42        35        34        43  
      36        54        38        45        46        37  
      56        38        54        47        46        55  
      38        56        40        47        48        39  
      58        40        56        49        48        57  
      40        58        42        49        50        41  
      60        42        58        51        50        59  
      42        60        44        51        52        43  
      62        44        60        53        52        61  
      54        72        56        63        64        55  
      74        56        72        65        64        73  
      56        74        58        65        66        57  
      76        58        74        67        66        75  
      58        76        60        67        68        59  
      78        60        76        69        68        77  
      60        78        62        69        70        61  
      80        62        78        71        70        79  
