             0
  -8.32667e-17
   1.04083e-16
  -2.08167e-16
   2.08167e-16
            -0
   2.91434e-16
   4.16334e-17
             0
             0
      0.120165
      0.221817
      0.290104
      0.313696
      0.290104
      0.221817
      0.120165
     3.837e-17
            -0
      0.221817
      0.408582
      0.535513
      0.577823
      0.535513
      0.408582
      0.221817
   7.08985e-17
   1.66533e-16
      0.290104
      0.535513
      0.700374
      0.757329
      0.700374
      0.535513
      0.290104
   9.26333e-17
            -0
      0.313696
      0.577823
      0.757329
      0.817165
      0.757329
      0.577823
      0.313696
   1.00266e-16
   1.66533e-16
      0.290104
      0.535513
      0.700374
      0.757329
      0.700374
      0.535513
      0.290104
   9.26333e-17
            -0
      0.221817
      0.408582
      0.535513
      0.577823
      0.535513
      0.408582
      0.221817
   7.08985e-17
            -0
      0.120165
      0.221817
      0.290104
      0.313696
      0.290104
      0.221817
      0.120165
     3.837e-17
             0
     3.837e-17
   7.08985e-17
   9.26333e-17
   1.00266e-16
   9.26333e-17
   7.08985e-17
     3.837e-17
    1.2279e-32
