             0
            -0
   1.45717e-16
    -2.498e-16
   1.66533e-16
   1.66533e-16
   1.66533e-16
  -8.32667e-17
             0
             0
      0.139502
      0.257524
      0.336787
      0.364194
      0.336787
      0.257524
      0.139502
   4.45796e-17
   1.66533e-16
      0.257524
      0.474355
      0.621718
      0.670839
      0.621718
      0.474355
      0.257524
   8.23723e-17
            -0
      0.336787
      0.621718
      0.813075
      0.879241
      0.813075
      0.621718
      0.336787
   1.07625e-16
   3.33067e-16
      0.364194
      0.670839
      0.879241
      0.948709
      0.879241
      0.670839
      0.364194
   1.16492e-16
   1.66533e-16
      0.336787
      0.621718
      0.813075
      0.879241
      0.813075
      0.621718
      0.336787
   1.07625e-16
   1.66533e-16
      0.257524
      0.474355
      0.621718
      0.670839
      0.621718
      0.474355
      0.257524
   8.23723e-17
            -0
      0.139502
      0.257524
      0.336787
      0.364194
      0.336787
      0.257524
      0.139502
   4.45796e-17
             0
   4.45796e-17
   8.23723e-17
   1.07625e-16
   1.16492e-16
   1.07625e-16
   8.23723e-17
   4.45796e-17
   1.42662e-32
