             0
   8.32667e-17
   4.16334e-17
   4.16334e-17
   1.66533e-16
     1.249e-16
   1.66533e-16
   4.16334e-17
             0
             0
      0.132758
      0.245063
      0.320506
      0.346571
      0.320506
      0.245063
      0.132758
   4.24054e-17
            -0
      0.245063
      0.451401
      0.591634
      0.638378
      0.591634
      0.451401
      0.245063
   7.83549e-17
   1.66533e-16
      0.320506
      0.591634
       0.77377
      0.836696
       0.77377
      0.591634
      0.320506
   1.02376e-16
   1.66533e-16
      0.346571
      0.638378
      0.836696
      0.902802
      0.836696
      0.638378
      0.346571
   1.10811e-16
            -0
      0.320506
      0.591634
       0.77377
      0.836696
       0.77377
      0.591634
      0.320506
   1.02376e-16
   1.66533e-16
      0.245063
      0.451401
      0.591634
      0.638378
      0.591634
      0.451401
      0.245063
   7.83549e-17
   1.66533e-16
      0.132758
      0.245063
      0.320506
      0.346571
      0.320506
      0.245063
      0.132758
   4.24054e-17
             0
   4.24054e-17
   7.83549e-17
   1.02376e-16
   1.10811e-16
   1.02376e-16
   7.83549e-17
   4.24054e-17
   1.35704e-32
