             0
  -8.32667e-17
   1.14492e-16
  -8.32667e-17
  -1.66533e-16
   4.16334e-17
  -4.16334e-17
     1.249e-16
             0
             0
     0.0935965
      0.172773
      0.225962
      0.244338
      0.225962
      0.172773
     0.0935965
   2.98826e-17
            -0
      0.172773
      0.318244
       0.41711
      0.450066
       0.41711
      0.318244
      0.172773
   5.52158e-17
            -0
      0.225962
       0.41711
      0.545521
      0.589883
      0.545521
       0.41711
      0.225962
   7.21429e-17
            -0
      0.244338
      0.450066
      0.589883
      0.636489
      0.589883
      0.450066
      0.244338
   7.80869e-17
            -0
      0.225962
       0.41711
      0.545521
      0.589883
      0.545521
       0.41711
      0.225962
   7.21429e-17
            -0
      0.172773
      0.318244
       0.41711
      0.450066
       0.41711
      0.318244
      0.172773
   5.52158e-17
            -0
     0.0935965
      0.172773
      0.225962
      0.244338
      0.225962
      0.172773
     0.0935965
   2.98826e-17
             0
   2.98826e-17
   5.52158e-17
   7.21429e-17
   7.80869e-17
   7.21429e-17
   5.52158e-17
   2.98826e-17
   9.56289e-33
