             0
            -0
  -8.32667e-17
   4.16334e-17
  -4.16334e-17
  -4.16334e-17
    -1.249e-16
   8.32667e-17
             0
             0
      0.089032
      0.164347
      0.214942
      0.232422
      0.214942
      0.164347
      0.089032
   2.84252e-17
   1.66533e-16
      0.164347
      0.302724
      0.396769
      0.428117
      0.396769
      0.302724
      0.164347
   5.25229e-17
   1.66533e-16
      0.214942
      0.396769
      0.518917
      0.561116
      0.518917
      0.396769
      0.214942
   6.86245e-17
            -0
      0.232422
      0.428117
      0.561116
      0.605448
      0.561116
      0.428117
      0.232422
   7.42786e-17
            -0
      0.214942
      0.396769
      0.518917
      0.561116
      0.518917
      0.396769
      0.214942
   6.86245e-17
  -8.32667e-17
      0.164347
      0.302724
      0.396769
      0.428117
      0.396769
      0.302724
      0.164347
   5.25229e-17
   4.16334e-17
      0.089032
      0.164347
      0.214942
      0.232422
      0.214942
      0.164347
      0.089032
   2.84252e-17
             0
   2.84252e-17
   5.25229e-17
   6.86245e-17
   7.42786e-17
   6.86245e-17
   5.25229e-17
   2.84252e-17
    9.0965e-33
