  0  0  0
  0  0  0
  0.01  0  0
  0.02  0  0
  0.03  0  0
  0.04  0  0
  0.05  0  0
  0.06  0  0
  0.07  0  0
  0.08  0  0
  0.09  0  0
  0.1  0  0
  0.11  0  0
  0.12  0  0
  0.13  0  0
  0.14  0  0
  0.15  0  0
  0.16  0  0
  0.17  0  0
  0.18  0  0
  0.19  0  0
  0.2  0  0
  0.21  0  0
  0.22  0  0
  0.23  0  0
  0.24  0  0
  0.25  0  0
  0.26  0  0
  0.27  0  0
  0.28  0  0
  0.29  0  0
  0.3  0  0
  0.31  0  0
  0.32  0  0
  0.33  0  0
  0.34  0  0
  0.35  0  0
  0.36  0  0
  0.37  0  0
  0.38  0  0
  0.39  0  0
  0.4  0  0
  0.41  0  0.0361
  0.42  0  0.1296
  0.43  0  0.2601
  0.44  0  0.4096
  0.45  0  0.5625
  0.46  0  0.7056
  0.47  0  0.8281
  0.48  0  0.9216
  0.49  0  0.9801
  0.5  0  1
  0.51  0  0.9801
  0.52  0  0.9216
  0.53  0  0.8281
  0.54  0  0.7056
  0.55  0  0.5625
  0.56  0  0.4096
  0.57  0  0.2601
  0.58  0  0.1296
  0.59  0  0.0361
  0.6  0  0
  0.61  0  0
  0.62  0  0
  0.63  0  0
  0.64  0  0
  0.65  0  0
  0.66  0  0
  0.67  0  0
  0.68  0  0
  0.69  0  0
  0.7  0  0
  0.71  0  0
  0.72  0  0
  0.73  0  0
  0.74  0  0
  0.75  0  0
  0.76  0  0
  0.77  0  0
  0.78  0  0
  0.79  0  0
  0.8  0  0
  0.81  0  0
  0.82  0  0
  0.83  0  0
  0.84  0  0
  0.85  0  0
  0.86  0  0
  0.87  0  0
  0.88  0  0
  0.89  0  0
  0.9  0  0
  0.91  0  0
  0.92  0  0
  0.93  0  0
  0.94  0  0
  0.95  0  0
  0.96  0  0
  0.97  0  0
  0.98  0  0
  0.99  0  0
  1  0  0

  0  0.099  -1.84313e-27
  0.01  0.099  2.78991e-26
  0.02  0.099  -3.56868e-25
  0.03  0.099  4.37534e-24
  0.04  0.099  -5.13592e-23
  0.05  0.099  5.76872e-22
  0.06  0.099  -6.19614e-21
  0.07  0.099  6.35974e-20
  0.08  0.099  -6.23303e-19
  0.09  0.099  5.82815e-18
  0.1  0.099  -5.19427e-17
  0.11  0.099  4.40789e-16
  0.12  0.099  -3.55754e-15
  0.13  0.099  2.72727e-14
  0.14  0.099  -1.98314e-13
  0.15  0.099  1.36565e-12
  0.16  0.099  -8.89036e-12
  0.17  0.099  5.46051e-11
  0.18  0.099  -3.15722e-10
  0.19  0.099  1.71405e-09
  0.2  0.099  -8.71202e-09
  0.21  0.099  4.13151e-08
  0.22  0.099  -1.82079e-07
  0.23  0.099  7.42168e-07
  0.24  0.099  -2.7818e-06
  0.25  0.099  9.51944e-06
  0.26  0.099  -2.94683e-05
  0.27  0.099  8.15096e-05
  0.28  0.099  -0.00019797
  0.29  0.099  0.000410999
  0.3  0.099  -0.000695484
  0.31  0.099  0.000861545
  0.32  0.099  -0.000501449
  0.33  0.099  -0.000726555
  0.34  0.099  0.0023037
  0.35  0.099  -0.00232609
  0.36  0.099  -0.000802624
  0.37  0.099  0.00445147
  0.38  0.099  -0.00214038
  0.39  0.099  -0.00554104
  0.4  0.099  0.00471812
  0.41  0.099  0.00781237
  0.42  0.099  -0.00554751
  0.43  0.099  -0.0134924
  0.44  0.099  1.03588e-06
  0.45  0.099  0.0199696
  0.46  0.099  0.0205407
  0.47  0.099  -0.00564173
  0.48  0.099  -0.0406459
  0.49  0.099  -0.0584428
  0.5  0.099  -0.0362116
  0.51  0.099  0.0300076
  0.52  0.099  0.139155
  0.53  0.099  0.279081
  0.54  0.099  0.42951
  0.55  0.099  0.589288
  0.56  0.099  0.734214
  0.57  0.099  0.850271
  0.58  0.099  0.947511
  0.59  0.099  1.01022
  0.6  0.099  1.0178
  0.61  0.099  0.985379
  0.62  0.099  0.931918
  0.63  0.099  0.845536
  0.64  0.099  0.708165
  0.65  0.099  0.531335
  0.66  0.099  0.352508
  0.67  0.099  0.20655
  0.68  0.099  0.107388
  0.69  0.099  0.049878
  0.7  0.099  0.0208456
  0.71  0.099  0.00789297
  0.72  0.099  0.00272453
  0.73  0.099  0.000862151
  0.74  0.099  0.000251335
  0.75  0.099  6.77941e-05
  0.76  0.099  1.69854e-05
  0.77  0.099  3.96639e-06
  0.78  0.099  8.65907e-07
  0.79  0.099  1.77211e-07
  0.8  0.099  3.40813e-08
  0.81  0.099  6.17308e-09
  0.82  0.099  1.05515e-09
  0.83  0.099  1.70502e-10
  0.84  0.099  2.60894e-11
  0.85  0.099  3.7858e-12
  0.86  0.099  5.21676e-13
  0.87  0.099  6.83486e-14
  0.88  0.099  8.52384e-15
  0.89  0.099  1.0129e-15
  0.9  0.099  1.14798e-16
  0.91  0.099  1.24198e-17
  0.92  0.099  1.28366e-18
  0.93  0.099  1.26842e-19
  0.94  0.099  1.19904e-20
  0.95  0.099  1.08501e-21
  0.96  0.099  9.40365e-23
  0.97  0.099  7.80988e-24
  0.98  0.099  6.21834e-25
  0.99  0.099  4.74755e-26
  1  0.099  3.62905e-27

  0  0.199  -2.27003e-14
  0.01  0.199  6.68604e-13
  0.02  0.199  -2.93379e-12
  0.03  0.199  1.2859e-11
  0.04  0.199  -5.41754e-11
  0.05  0.199  2.19449e-10
  0.06  0.199  -8.53438e-10
  0.07  0.199  3.18165e-09
  0.08  0.199  -1.13509e-08
  0.09  0.199  3.86786e-08
  0.1  0.199  -1.2561e-07
  0.11  0.199  3.87792e-07
  0.12  0.199  -1.13484e-06
  0.13  0.199  3.13722e-06
  0.14  0.199  -8.15913e-06
  0.15  0.199  1.98628e-05
  0.16  0.199  -4.4975e-05
  0.17  0.199  9.39319e-05
  0.18  0.199  -0.000178884
  0.19  0.199  0.000305399
  0.2  0.199  -0.000454559
  0.21  0.199  0.000558795
  0.22  0.199  -0.000491403
  0.23  0.199  0.000110095
  0.24  0.199  0.000609635
  0.25  0.199  -0.00139026
  0.26  0.199  0.00160512
  0.27  0.199  -0.000642115
  0.28  0.199  -0.00130827
  0.29  0.199  0.00272862
  0.3  0.199  -0.00168232
  0.31  0.199  -0.00173869
  0.32  0.199  0.00401419
  0.33  0.199  -0.00137177
  0.34  0.199  -0.0040927
  0.35  0.199  0.00449647
  0.36  0.199  0.00269093
  0.37  0.199  -0.00692315
  0.38  0.199  -0.000841987
  0.39  0.199  0.00843104
  0.4  0.199  0.000498274
  0.41  0.199  -0.0108702
  0.42  0.199  -0.00110986
  0.43  0.199  0.0127944
  0.44  0.199  0.00438542
  0.45  0.199  -0.0112699
  0.46  0.199  -0.0143208
  0.47  0.199  0.00709867
  0.48  0.199  0.0228382
  0.49  0.199  0.00613783
  0.5  0.199  -0.0164755
  0.51  0.199  -0.0258463
  0.52  0.199  -0.0152138
  0.53  0.199  0.0211639
  0.54  0.199  0.0484767
  0.55  0.199  0.0327693
  0.56  0.199  -0.00596324
  0.57  0.199  -0.044786
  0.58  0.199  -0.0842669
  0.59  0.199  -0.101481
  0.6  0.199  -0.0592073
  0.61  0.199  0.0372952
  0.62  0.199  0.15393
  0.63  0.199  0.284073
  0.64  0.199  0.443321
  0.65  0.199  0.621033
  0.66  0.199  0.776714
  0.67  0.199  0.884062
  0.68  0.199  0.95374
  0.69  0.199  1.00775
  0.7  0.199  1.04536
  0.71  0.199  1.04112
  0.72  0.199  0.970674
  0.73  0.199  0.833749
  0.74  0.199  0.65566
  0.75  0.199  0.472047
  0.76  0.199  0.312092
  0.77  0.199  0.190301
  0.78  0.199  0.107512
  0.79  0.199  0.0565283
  0.8  0.199  0.0277757
  0.81  0.199  0.0128023
  0.82  0.199  0.00555404
  0.83  0.199  0.00227484
  0.84  0.199  0.000882072
  0.85  0.199  0.000324593
  0.86  0.199  0.000113612
  0.87  0.199  3.79e-05
  0.88  0.199  1.20719e-05
  0.89  0.199  3.6776e-06
  0.9  0.199  1.07317e-06
  0.91  0.199  3.00402e-07
  0.92  0.199  8.07653e-08
  0.93  0.199  2.08812e-08
  0.94  0.199  5.1973e-09
  0.95  0.199  1.24662e-09
  0.96  0.199  2.88433e-10
  0.97  0.199  6.44307e-11
  0.98  0.199  1.39084e-11
  0.99  0.199  2.89734e-12
  1  0.199  6.14575e-13

  0  0.299  1.42389e-06
  0.01  0.299  1.55236e-06
  0.02  0.299  -2.14928e-06
  0.03  0.299  5.50644e-06
  0.04  0.299  -1.20486e-05
  0.05  0.299  2.53242e-05
  0.06  0.299  -5.00779e-05
  0.07  0.299  9.27712e-05
  0.08  0.299  -0.000159557
  0.09  0.299  0.000251615
  0.1  0.299  -0.000356741
  0.11  0.299  0.000439119
  0.12  0.299  -0.000434214
  0.13  0.299  0.000261832
  0.14  0.299  0.000129086
  0.15  0.299  -0.000685628
  0.16  0.299  0.00118499
  0.17  0.299  -0.00125994
  0.18  0.299  0.000597053
  0.19  0.299  0.000720876
  0.2  0.299  -0.0019724
  0.21  0.299  0.00204681
  0.22  0.299  -0.000349754
  0.23  0.299  -0.00219036
  0.24  0.299  0.00324782
  0.25  0.299  -0.00110341
  0.26  0.299  -0.00283423
  0.27  0.299  0.00425338
  0.28  0.299  -0.000458951
  0.29  0.299  -0.00498448
  0.3  0.299  0.00480062
  0.31  0.299  0.00224599
  0.32  0.299  -0.00696015
  0.33  0.299  0.00123317
  0.34  0.299  0.00737481
  0.35  0.299  -0.00381293
  0.36  0.299  -0.00869064
  0.37  0.299  0.0086159
  0.38  0.299  0.00702542
  0.39  0.299  -0.0111401
  0.4  0.299  -0.00526211
  0.41  0.299  0.00976498
  0.42  0.299  0.00856368
  0.43  0.299  -0.00875867
  0.44  0.299  -0.015492
  0.45  0.299  0.00926742
  0.46  0.299  0.0212308
  0.47  0.299  -0.00696214
  0.48  0.299  -0.0222788
  0.49  0.299  -0.00243193
  0.5  0.299  0.0155991
  0.51  0.299  0.0170602
  0.52  0.299  0.00214544
  0.53  0.299  -0.0258852
  0.54  0.299  -0.0282556
  0.55  0.299  0.0134816
  0.56  0.299  0.0436668
  0.57  0.299  0.0196514
  0.58  0.299  -0.0205402
  0.59  0.299  -0.033877
  0.6  0.299  -0.029471
  0.61  0.299  -0.0163308
  0.62  0.299  0.0212757
  0.63  0.299  0.0692793
  0.64  0.299  0.0746318
  0.65  0.299  0.0169897
  0.66  0.299  -0.058691
  0.67  0.299  -0.101373
  0.68  0.299  -0.108985
  0.69  0.299  -0.103487
  0.7  0.299  -0.0783174
  0.71  0.299  0.000617511
  0.72  0.299  0.14779
  0.73  0.299  0.332766
  0.74  0.299  0.506798
  0.75  0.299  0.645276
  0.76  0.299  0.759387
  0.77  0.299  0.871573
  0.78  0.299  0.98529
  0.79  0.299  1.07712
  0.8  0.299  1.11308
  0.81  0.299  1.07155
  0.82  0.299  0.955427
  0.83  0.299  0.788872
  0.84  0.299  0.604776
  0.85  0.299  0.432129
  0.86  0.299  0.288959
  0.87  0.299  0.181543
  0.88  0.299  0.107556
  0.89  0.299  0.0602913
  0.9  0.299  0.0320729
  0.91  0.299  0.0162351
  0.92  0.299  0.00783893
  0.93  0.299  0.00361814
  0.94  0.299  0.00159953
  0.95  0.299  0.000678494
  0.96  0.299  0.000276601
  0.97  0.299  0.000108523
  0.98  0.299  4.10579e-05
  0.99  0.299  1.49244e-05
  1  0.299  5.42037e-06

  0  0.399  0.0185188
  0.01  0.399  0.0100786
  0.02  0.399  0.00443288
  0.03  0.399  0.00260884
  0.04  0.399  0.00100621
  0.05  0.399  0.000150317
  0.06  0.399  0.000985446
  0.07  0.399  -0.00101174
  0.08  0.399  0.00106785
  0.09  0.399  -0.000395616
  0.1  0.399  -0.000658045
  0.11  0.399  0.00168627
  0.12  0.399  -0.00190467
  0.13  0.399  0.00082576
  0.14  0.399  0.00120547
  0.15  0.399  -0.00282453
  0.16  0.399  0.00244347
  0.17  0.399  0.000239946
  0.18  0.399  -0.00328023
  0.19  0.399  0.00358458
  0.2  0.399  2.88614e-05
  0.21  0.399  -0.004579
  0.22  0.399  0.00489299
  0.23  0.399  0.000619795
  0.24  0.399  -0.0065184
  0.25  0.399  0.00529567
  0.26  0.399  0.00268526
  0.27  0.399  -0.00723437
  0.28  0.399  0.000864933
  0.29  0.399  0.00848099
  0.3  0.399  -0.00569475
  0.31  0.399  -0.00810571
  0.32  0.399  0.0123793
  0.33  0.399  0.00253628
  0.34  0.399  -0.0152237
  0.35  0.399  0.00415051
  0.36  0.399  0.0131119
  0.37  0.399  -0.00604402
  0.38  0.399  -0.0118458
  0.39  0.399  0.00388462
  0.4  0.399  0.0156131
  0.41  0.399  -0.00238479
  0.42  0.399  -0.0226618
  0.43  0.399  0.00350909
  0.44  0.399  0.0285604
  0.45  0.399  -0.00476985
  0.46  0.399  -0.0301654
  0.47  0.399  0.00222422
  0.48  0.399  0.0261185
  0.49  0.399  0.00595154
  0.5  0.399  -0.0153494
  0.51  0.399  -0.017331
  0.52  0.399  -0.00315903
  0.53  0.399  0.024792
  0.54  0.399  0.0275492
  0.55  0.399  -0.0189101
  0.56  0.399  -0.0486614
  0.57  0.399  -0.00455207
  0.58  0.399  0.050161
  0.59  0.399  0.0336771
  0.6  0.399  -0.0217168
  0.61  0.399  -0.03902
  0.62  0.399  -0.0175064
  0.63  0.399  0.00145135
  0.64  0.399  0.0173571
  0.65  0.399  0.0417509
  0.66  0.399  0.0421572
  0.67  0.399  -0.0117304
  0.68  0.399  -0.0775265
  0.69  0.399  -0.0792479
  0.7  0.399  -0.00709832
  0.71  0.399  0.0692687
  0.72  0.399  0.0879293
  0.73  0.399  0.0574846
  0.74  0.399  0.0225256
  0.75  0.399  -0.00336429
  0.76  0.399  -0.0450826
  0.77  0.399  -0.115536
  0.78  0.399  -0.180886
  0.79  0.399  -0.18467
  0.8  0.399  -0.0995036
  0.81  0.399  0.0505334
  0.82  0.399  0.214945
  0.83  0.399  0.359071
  0.84  0.399  0.48418
  0.85  0.399  0.613711
  0.86  0.399  0.764105
  0.87  0.399  0.925879
  0.88  0.399  1.06647
  0.89  0.399  1.1484
  0.9  0.399  1.14825
  0.91  0.399  1.06576
  0.92  0.399  0.920915
  0.93  0.399  0.743864
  0.94  0.399  0.564131
  0.95  0.399  0.403309
  0.96  0.399  0.272913
  0.97  0.399  0.175267
  0.98  0.399  0.107367
  0.99  0.399  0.062545
  1  0.399  0.0352869

  0  0.499  1.04336
  0.01  0.499  0.883528
  0.02  0.499  0.702321
  0.03  0.499  0.533048
  0.04  0.499  0.380158
  0.05  0.499  0.259658
  0.06  0.499  0.172793
  0.07  0.499  0.104063
  0.08  0.499  0.0652082
  0.09  0.499  0.0392496
  0.1  0.499  0.0171059
  0.11  0.499  0.0136687
  0.12  0.499  0.007501
  0.13  0.499  -0.00200319
  0.14  0.499  0.00536949
  0.15  0.499  0.0024562
  0.16  0.499  -0.00669115
  0.17  0.499  0.00601505
  0.18  0.499  0.00174929
  0.19  0.499  -0.00782163
  0.2  0.499  0.00487578
  0.21  0.499  0.00458066
  0.22  0.499  -0.0082757
  0.23  0.499  -0.000372823
  0.24  0.499  0.0108908
  0.25  0.499  -0.0069277
  0.26  0.499  -0.00952183
  0.27  0.499  0.0157987
  0.28  0.499  0.000547683
  0.29  0.499  -0.018646
  0.3  0.499  0.0106938
  0.31  0.499  0.0133894
  0.32  0.499  -0.0162618
  0.33  0.499  -0.00672731
  0.34  0.499  0.0157487
  0.35  0.499  0.00523885
  0.36  0.499  -0.0153088
  0.37  0.499  -0.00869128
  0.38  0.499  0.0198168
  0.39  0.499  0.0123403
  0.4  0.499  -0.02864
  0.41  0.499  -0.0126917
  0.42  0.499  0.0374795
  0.43  0.499  0.0102229
  0.44  0.499  -0.0420948
  0.45  0.499  -0.00809173
  0.46  0.499  0.040183
  0.47  0.499  0.00930305
  0.48  0.499  -0.0310297
  0.49  0.499  -0.0144857
  0.5  0.499  0.0145591
  0.51  0.499  0.0209207
  0.52  0.499  0.00860154
  0.53  0.499  -0.0228472
  0.54  0.499  -0.0354958
  0.55  0.499  0.0134906
  0.56  0.499  0.058664
  0.57  0.499  0.0104693
  0.58  0.499  -0.0662527
  0.59  0.499  -0.0428135
  0.6  0.499  0.0480794
  0.61  0.499  0.0650153
  0.62  0.499  -0.00799357
  0.63  0.499  -0.0553489
  0.64  0.499  -0.0270654
  0.65  0.499  0.0127569
  0.66  0.499  0.0206918
  0.67  0.499  0.0237247
  0.68  0.499  0.029505
  0.69  0.499  -0.000256617
  0.7  0.499  -0.0603971
  0.71  0.499  -0.0740924
  0.72  0.499  0.000934777
  0.73  0.499  0.0938355
  0.74  0.499  0.0993051
  0.75  0.499  0.00846007
  0.76  0.499  -0.0840644
  0.77  0.499  -0.0958027
  0.78  0.499  -0.0398768
  0.79  0.499  0.0145633
  0.8  0.499  0.032908
  0.81  0.499  0.0405498
  0.82  0.499  0.0682613
  0.83  0.499  0.0991537
  0.84  0.499  0.0824007
  0.85  0.499  -0.0079135
  0.86  0.499  -0.136863
  0.87  0.499  -0.232464
  0.88  0.499  -0.240247
  0.89  0.499  -0.160056
  0.9  0.499  -0.0332162
  0.91  0.499  0.0931543
  0.92  0.499  0.20418
  0.93  0.499  0.313489
  0.94  0.499  0.45085
  0.95  0.499  0.626049
  0.96  0.499  0.825417
  0.97  0.499  1.0123
  0.98  0.499  1.14315
  0.99  0.499  1.19515
  1  0.499  1.155

  0  0.599  0.0564495
  0.01  0.599  0.147722
  0.02  0.599  0.27139
  0.03  0.599  0.461196
  0.04  0.599  0.689856
  0.05  0.599  0.908043
  0.06  0.599  1.09816
  0.07  0.599  1.20644
  0.08  0.599  1.20931
  0.09  0.599  1.1516
  0.1  0.599  1.01751
  0.11  0.599  0.836589
  0.12  0.599  0.675091
  0.13  0.599  0.507899
  0.14  0.599  0.35334
  0.15  0.599  0.254074
  0.16  0.599  0.173713
  0.17  0.599  0.0964828
  0.18  0.599  0.0626081
  0.19  0.599  0.0534848
  0.2  0.599  0.0148872
  0.21  0.599  -0.000421297
  0.22  0.599  0.0267725
  0.23  0.599  0.00410101
  0.24  0.599  -0.0219762
  0.25  0.599  0.0170586
  0.26  0.599  0.0155618
  0.27  0.599  -0.025249
  0.28  0.599  -0.00138381
  0.29  0.599  0.0244723
  0.3  0.599  -0.0070434
  0.31  0.599  -0.0199535
  0.32  0.599  0.00838181
  0.33  0.599  0.0201142
  0.34  0.599  -0.00804799
  0.35  0.599  -0.0266452
  0.36  0.599  0.012377
  0.37  0.599  0.0353699
  0.38  0.599  -0.022933
  0.39  0.599  -0.0410656
  0.4  0.599  0.0363425
  0.41  0.599  0.0414695
  0.42  0.599  -0.0473181
  0.43  0.599  -0.0378892
  0.44  0.599  0.0515607
  0.45  0.599  0.033357
  0.46  0.599  -0.0468917
  0.47  0.599  -0.0302588
  0.48  0.599  0.0329627
  0.49  0.599  0.0287082
  0.5  0.599  -0.0107039
  0.51  0.599  -0.0260462
  0.52  0.599  -0.0175711
  0.53  0.599  0.017514
  0.54  0.599  0.0472485
  0.55  0.599  0.00174897
  0.56  0.599  -0.0704742
  0.57  0.599  -0.0332868
  0.58  0.599  0.0768686
  0.59  0.599  0.0713199
  0.6  0.599  -0.0577757
  0.61  0.599  -0.100926
  0.62  0.599  0.0141855
  0.63  0.599  0.102874
  0.64  0.599  0.0360997
  0.65  0.599  -0.0676232
  0.66  0.599  -0.0617723
  0.67  0.599  0.0120717
  0.68  0.599  0.0399439
  0.69  0.599  0.0199616
  0.7  0.599  0.0124724
  0.71  0.599  0.00798052
  0.72  0.599  -0.0339222
  0.73  0.599  -0.0716091
  0.74  0.599  -0.0249063
  0.75  0.599  0.0811496
  0.76  0.599  0.117297
  0.77  0.599  0.0188705
  0.78  0.599  -0.114381
  0.79  0.599  -0.13464
  0.8  0.599  -0.0207877
  0.81  0.599  0.102867
  0.82  0.599  0.120642
  0.83  0.599  0.0391811
  0.84  0.599  -0.0415622
  0.85  0.599  -0.0597055
  0.86  0.599  -0.0376624
  0.87  0.599  -0.0319671
  0.88  0.599  -0.0517207
  0.89  0.599  -0.0456532
  0.9  0.599  0.0190293
  0.91  0.599  0.123515
  0.92  0.599  0.186255
  0.93  0.599  0.147673
  0.94  0.599  0.0181822
  0.95  0.599  -0.142621
  0.96  0.599  -0.243937
  0.97  0.599  -0.255341
  0.98  0.599  -0.194846
  0.99  0.599  -0.0974003
  1  0.599  -0.0168916

  0  0.699  0.246528
  0.01  0.699  0.197401
  0.02  0.699  0.0495082
  0.03  0.699  -0.133299
  0.04  0.699  -0.221225
  0.05  0.699  -0.235866
  0.06  0.699  -0.210276
  0.07  0.699  -0.136579
  0.08  0.699  -0.0924712
  0.09  0.699  -0.0793035
  0.1  0.699  -0.0134039
  0.11  0.699  0.106581
  0.12  0.699  0.264595
  0.13  0.699  0.506655
  0.14  0.699  0.791308
  0.15  0.699  0.995982
  0.16  0.699  1.14828
  0.17  0.699  1.26638
  0.18  0.699  1.22635
  0.19  0.699  1.09742
  0.2  0.699  1.00393
  0.21  0.699  0.831304
  0.22  0.699  0.602651
  0.23  0.699  0.483302
  0.24  0.699  0.381929
  0.25  0.699  0.222048
  0.26  0.699  0.13933
  0.27  0.699  0.130975
  0.28  0.699  0.0800964
  0.29  0.699  0.0147932
  0.3  0.699  0.0107691
  0.31  0.699  0.0421875
  0.32  0.699  0.0239535
  0.33  0.699  -0.0355931
  0.34  0.699  -0.0138967
  0.35  0.699  0.0580935
  0.36  0.699  0.00826167
  0.37  0.699  -0.073367
  0.38  0.699  0.00837159
  0.39  0.699  0.0843798
  0.4  0.699  -0.0265129
  0.41  0.699  -0.0867465
  0.42  0.699  0.0410556
  0.43  0.699  0.0821768
  0.44  0.699  -0.0469087
  0.45  0.699  -0.0732117
  0.46  0.699  0.0417161
  0.47  0.699  0.0619501
  0.48  0.699  -0.0254506
  0.49  0.699  -0.048541
  0.5  0.699  0.000177211
  0.51  0.699  0.0309638
  0.52  0.699  0.0299744
  0.53  0.699  -0.00591039
  0.54  0.699  -0.0585044
  0.55  0.699  -0.0292114
  0.56  0.699  0.0765497
  0.57  0.699  0.0734139
  0.58  0.699  -0.0742942
  0.59  0.699  -0.119315
  0.6  0.699  0.0447861
  0.61  0.699  0.152356
  0.62  0.699  0.010096
  0.63  0.699  -0.154799
  0.64  0.699  -0.0743808
  0.65  0.699  0.11584
  0.66  0.699  0.119521
  0.67  0.699  -0.0448774
  0.68  0.699  -0.117686
  0.69  0.699  -0.0237828
  0.7  0.699  0.0664593
  0.71  0.699  0.0452609
  0.72  0.699  -0.00300334
  0.73  0.699  -0.00541294
  0.74  0.699  -0.009523
  0.75  0.699  -0.0521315
  0.76  0.699  -0.0526603
  0.77  0.699  0.0417793
  0.78  0.699  0.127144
  0.79  0.699  0.0678254
  0.8  0.699  -0.10083
  0.81  0.699  -0.175664
  0.82  0.699  -0.0561267
  0.83  0.699  0.135515
  0.84  0.699  0.188778
  0.85  0.699  0.0480553
  0.86  0.699  -0.122623
  0.87  0.699  -0.162993
  0.88  0.699  -0.0567518
  0.89  0.699  0.0685949
  0.9  0.699  0.0924851
  0.91  0.699  0.0468037
  0.92  0.699  0.00358817
  0.93  0.699  0.00708536
  0.94  0.699  0.0305413
  0.95  0.699  -0.00953518
  0.96  0.699  -0.0941026
  0.97  0.699  -0.146584
  0.98  0.699  -0.115852
  0.99  0.699  0.024281
  1  0.699  0.18767

  0  0.799  0.0634875
  0.01  0.799  0.108536
  0.02  0.799  0.106687
  0.03  0.799  -0.0116298
  0.04  0.799  -0.193623
  0.05  0.799  -0.249827
  0.06  0.799  -0.142508
  0.07  0.799  0.0241493
  0.08  0.799  0.209056
  0.09  0.799  0.323262
  0.1  0.799  0.225332
  0.11  0.799  0.043656
  0.12  0.799  -0.0585189
  0.13  0.799  -0.177892
  0.14  0.799  -0.248258
  0.15  0.799  -0.153281
  0.16  0.799  -0.123682
  0.17  0.799  -0.200278
  0.18  0.799  -0.159439
  0.19  0.799  -0.104458
  0.2  0.799  -0.112476
  0.21  0.799  0.0515431
  0.22  0.799  0.360645
  0.23  0.799  0.598718
  0.24  0.799  0.821853
  0.25  0.799  1.09134
  0.26  0.799  1.26101
  0.27  0.799  1.25551
  0.28  0.799  1.17711
  0.29  0.799  1.12019
  0.3  0.799  1.00609
  0.31  0.799  0.752157
  0.32  0.799  0.545342
  0.33  0.799  0.514685
  0.34  0.799  0.404563
  0.35  0.799  0.148522
  0.36  0.799  0.0975444
  0.37  0.799  0.219783
  0.38  0.799  0.108661
  0.39  0.799  -0.094475
  0.4  0.799  0.00605222
  0.41  0.799  0.158153
  0.42  0.799  0.00722513
  0.43  0.799  -0.134256
  0.44  0.799  0.014837
  0.45  0.799  0.125554
  0.46  0.799  -0.0107857
  0.47  0.799  -0.100815
  0.48  0.799  -0.000687076
  0.49  0.799  0.0708949
  0.5  0.799  0.0217674
  0.51  0.799  -0.0324942
  0.52  0.799  -0.0451829
  0.53  0.799  -0.0145847
  0.54  0.799  0.0631072
  0.55  0.799  0.0698336
  0.56  0.799  -0.0657213
  0.57  0.799  -0.128828
  0.58  0.799  0.0442562
  0.59  0.799  0.181038
  0.6  0.799  0.00626942
  0.61  0.799  -0.211526
  0.62  0.799  -0.0799972
  0.63  0.799  0.202211
  0.64  0.799  0.160561
  0.65  0.799  -0.145592
  0.66  0.799  -0.216921
  0.67  0.799  0.0489204
  0.68  0.799  0.2207
  0.69  0.799  0.0551769
  0.7  0.799  -0.162576
  0.71  0.799  -0.117287
  0.72  0.799  0.0641389
  0.73  0.799  0.109021
  0.74  0.799  0.0123427
  0.75  0.799  -0.0426162
  0.76  0.799  -0.0119967
  0.77  0.799  -0.0171862
  0.78  0.799  -0.0535599
  0.79  0.799  -0.0111496
  0.8  0.799  0.102113
  0.81  0.799  0.126036
  0.82  0.799  -0.0392742
  0.83  0.799  -0.20114
  0.84  0.799  -0.134095
  0.85  0.799  0.105831
  0.86  0.799  0.257801
  0.87  0.799  0.121206
  0.88  0.799  -0.156212
  0.89  0.799  -0.257811
  0.9  0.799  -0.10385
  0.91  0.799  0.137306
  0.92  0.799  0.232422
  0.93  0.799  0.0898925
  0.94  0.799  -0.0902318
  0.95  0.799  -0.135314
  0.96  0.799  -0.0794918
  0.97  0.799  0.0217852
  0.98  0.799  0.0461976
  0.99  0.799  -0.0172313
  1  0.799  -0.00671535

  0  0.899  0.110289
  0.01  0.899  -0.0123581
  0.02  0.899  -0.101299
  0.03  0.899  -0.0570805
  0.04  0.899  0.0577521
  0.05  0.899  -0.00471899
  0.06  0.899  -0.129471
  0.07  0.899  -0.0708693
  0.08  0.899  0.0162934
  0.09  0.899  0.102193
  0.1  0.899  0.271874
  0.11  0.899  0.200431
  0.12  0.899  -0.127799
  0.13  0.899  -0.267043
  0.14  0.899  -0.258127
  0.15  0.899  -0.248342
  0.16  0.899  -0.00376396
  0.17  0.899  0.312995
  0.18  0.899  0.318488
  0.19  0.899  0.187732
  0.2  0.899  0.130341
  0.21  0.899  -0.00139486
  0.22  0.899  -0.175867
  0.23  0.899  -0.188022
  0.24  0.899  -0.0901111
  0.25  0.899  -0.0952434
  0.26  0.899  -0.22143
  0.27  0.899  -0.259763
  0.28  0.899  -0.176824
  0.29  0.899  -0.202598
  0.3  0.899  -0.231088
  0.31  0.899  0.0954903
  0.32  0.899  0.531436
  0.33  0.899  0.647578
  0.34  0.899  0.789366
  0.35  0.899  1.24319
  0.36  0.899  1.42755
  0.37  0.899  1.13972
  0.38  0.899  1.06123
  0.39  0.899  1.25487
  0.4  0.899  1.04251
  0.41  0.899  0.559671
  0.42  0.899  0.494573
  0.43  0.899  0.633781
  0.44  0.899  0.394576
  0.45  0.899  0.0564366
  0.46  0.899  0.0960847
  0.47  0.899  0.239025
  0.48  0.899  0.123747
  0.49  0.899  -0.0442675
  0.5  0.899  -0.033737
  0.51  0.899  0.0401833
  0.52  0.899  0.0705369
  0.53  0.899  0.0504658
  0.54  0.899  -0.0492737
  0.55  0.899  -0.118612
  0.56  0.899  0.0249816
  0.57  0.899  0.189768
  0.58  0.899  0.0310568
  0.59  0.899  -0.239137
  0.6  0.899  -0.113832
  0.61  0.899  0.255185
  0.62  0.899  0.211725
  0.63  0.899  -0.21735
  0.64  0.899  -0.3063
  0.65  0.899  0.123688
  0.66  0.899  0.365045
  0.67  0.899  0.0101545
  0.68  0.899  -0.352385
  0.69  0.899  -0.154434
  0.7  0.899  0.262367
  0.71  0.899  0.255289
  0.72  0.899  -0.120437
  0.73  0.899  -0.262192
  0.74  0.899  -0.0250305
  0.75  0.899  0.180502
  0.76  0.899  0.103336
  0.77  0.899  -0.0702751
  0.78  0.899  -0.0722708
  0.79  0.899  0.00743199
  0.8  0.899  -0.0153693
  0.81  0.899  -0.0429493
  0.82  0.899  0.0427128
  0.83  0.899  0.138334
  0.84  0.899  0.0671236
  0.85  0.899  -0.167079
  0.86  0.899  -0.241322
  0.87  0.899  0.0201676
  0.88  0.899  0.284889
  0.89  0.899  0.242657
  0.9  0.899  -0.0832541
  0.91  0.899  -0.368462
  0.92  0.899  -0.227544
  0.93  0.899  0.167328
  0.94  0.899  0.345637
  0.95  0.899  0.193895
  0.96  0.899  -0.1322
  0.97  0.899  -0.32548
  0.98  0.899  -0.167284
  0.99  0.899  0.115519
  1  0.899  0.201095

  0  0.999  0.137982
  0.01  0.999  0.358501
  0.02  0.999  0.322502
  0.03  0.999  -0.0491077
  0.04  0.999  -0.382649
  0.05  0.999  -0.181247
  0.06  0.999  0.103106
  0.07  0.999  0.0772238
  0.08  0.999  0.0901076
  0.09  0.999  0.0703742
  0.1  0.999  -0.117519
  0.11  0.999  -0.0209658
  0.12  0.999  0.212861
  0.13  0.999  0.0371266
  0.14  0.999  -0.220718
  0.15  0.999  -0.182001
  0.16  0.999  -0.115917
  0.17  0.999  -0.0279371
  0.18  0.999  0.26365
  0.19  0.999  0.43622
  0.2  0.999  0.197882
  0.21  0.999  -0.182109
  0.22  0.999  -0.338416
  0.23  0.999  -0.296983
  0.24  0.999  -0.256775
  0.25  0.999  -0.0989833
  0.26  0.999  0.29722
  0.27  0.999  0.465718
  0.28  0.999  0.148339
  0.29  0.999  -0.0184778
  0.3  0.999  0.173955
  0.31  0.999  0.0277762
  0.32  0.999  -0.342061
  0.33  0.999  -0.126634
  0.34  0.999  0.219744
  0.35  0.999  -0.156625
  0.36  0.999  -0.556592
  0.37  0.999  -0.235914
  0.38  0.999  -0.0416678
  0.39  0.999  -0.442066
  0.4  0.999  -0.407397
  0.41  0.999  0.340048
  0.42  0.999  0.72609
  0.43  0.999  0.580519
  0.44  0.999  0.817549
  0.45  0.999  1.39296
  0.46  0.999  1.47547
  0.47  0.999  1.14044
  0.48  0.999  1.04285
  0.49  0.999  1.13281
  0.5  0.999  1.00791
  0.51  0.999  0.726925
  0.52  0.999  0.492102
  0.53  0.999  0.341816
  0.54  0.999  0.32887
  0.55  0.999  0.388916
  0.56  0.999  0.21636
  0.57  0.999  -0.130832
  0.58  0.999  -0.0977379
  0.59  0.999  0.30271
  0.6  0.999  0.314267
  0.61  0.999  -0.219279
  0.62  0.999  -0.40505
  0.63  0.999  0.157928
  0.64  0.999  0.511526
  0.65  0.999  0.000219532
  0.66  0.999  -0.540508
  0.67  0.999  -0.192707
  0.68  0.999  0.492822
  0.69  0.999  0.373325
  0.7  0.999  -0.340157
  0.71  0.999  -0.486075
  0.72  0.999  0.109949
  0.73  0.999  0.493452
  0.74  0.999  0.120734
  0.75  0.999  -0.38209
  0.76  0.999  -0.260252
  0.77  0.999  0.18609
  0.78  0.999  0.263964
  0.79  0.999  0.00291616
  0.8  0.999  -0.170852
  0.81  0.999  -0.0698492
  0.82  0.999  0.0691757
  0.83  0.999  -0.0118249
  0.84  0.999  -0.045501
  0.85  0.999  0.113997
  0.86  0.999  0.136339
  0.87  0.999  -0.063064
  0.88  0.999  -0.258789
  0.89  0.999  -0.174262
  0.9  0.999  0.22745
  0.91  0.999  0.418774
  0.92  0.999  0.0513408
  0.93  0.999  -0.402724
  0.94  0.999  -0.394436
  0.95  0.999  0.0341502
  0.96  0.999  0.45767
  0.97  0.999  0.420829
  0.98  0.999  -0.120467
  0.99  0.999  -0.521019
  1  0.999  -0.298721

