16 December 2011 10:28:06 AM

ASA076_PRB:
  C++ version
  Test the ASA076 library.

TEST01:
  TFN computes Owen's T function.
  Compare to tabulated values.

             H             A          T                         T  
                                      (Tabulated)               (TFN)               DIFF

        0.0625          0.25       0.03891193023470137       0.03891195188025752   2.165e-08
           6.5        0.4375     2.000577304850831e-11     2.000578488850626e-11   1.184e-17
             7        0.9688     6.399062719389869e-13     6.399067111303072e-13   4.392e-19
         4.781        0.0625     1.063297480468746e-07     1.063298072192012e-07   5.917e-14
             2           0.5      0.008625077985521507      0.008625082709081938   4.724e-09
             1             1        0.0667418089782286       0.06674184572098738   3.674e-08
             1           0.5       0.04306469112078537       0.04306471487424299   2.375e-08
             1             1       0.06674188216570097       0.06674191890850283   3.674e-08
             1             2        0.0784681869930841         0.078468234412504   4.742e-08
             1             3        0.0792995047488726       0.07929956509585921   6.035e-08
           0.5           0.5       0.06448860284750375       0.06448863851160033   3.566e-08
           0.5             1        0.1066710629614485        0.1066711217468705   5.879e-08
           0.5             2        0.1415806036539784        0.1415806856270933   8.197e-08
           0.5             3        0.1510840430760184        0.1510841437899315   1.007e-07
          0.25           0.5       0.07134663382271778       0.07134667330765261   3.948e-08
          0.25             1        0.1201285306350883        0.1201285969015898   6.627e-08
          0.25             2        0.1666128410939293         0.166612936882556   9.579e-08
          0.25             3        0.1847501847929859        0.1847503039597672   1.192e-07
         0.125           0.5       0.07317273327500386       0.07317277377790649    4.05e-08
         0.125             1        0.1237630544953746        0.1237631227867797   6.829e-08
         0.125             2        0.1737438887583106        0.1737439885110446   9.975e-08
         0.125             3        0.1951190307092811        0.1951191556208643   1.249e-07
      0.007812           0.5       0.07378938035365545       0.07378942120036484   4.085e-08
      0.007812             1        0.1249951430754052        0.1249952120536704   6.898e-08
      0.007812             2        0.1761984774738108        0.1761985785942798   1.011e-07
      0.007812             3        0.1987772386442824        0.1987773655927281   1.269e-07
      0.007812            10        0.2340886964802671        0.2340737066598194   1.499e-05
      0.007812           100        0.2479460829231492        0.2337384422320087     0.01421

TEST02:
  THA computes Owen's T function.
  Compare to tabulated values.

             H             A          T                         T  
                                      (Tabulated)               (THA)               DIFF

        0.0625          0.25       0.03891193023470137       0.03891195188025752   2.165e-08
           6.5        0.4375     2.000577304850831e-11     2.000578488850626e-11   1.184e-17
             7        0.9688     6.399062719389869e-13     6.399067111303072e-13   4.392e-19
         4.781        0.0625     1.063297480468746e-07     1.063298072192012e-07   5.917e-14
             2           0.5      0.008625077985521507      0.008625082709081938   4.724e-09
             1             1        0.0667418089782286       0.06674184572098738   3.674e-08
             1           0.5       0.04306469112078537       0.04306471487424299   2.375e-08
             1             1       0.06674188216570097       0.06674191890850283   3.674e-08
             1             2        0.0784681869930841       0.07846818546699849   1.526e-09
             1             3        0.0792995047488726       0.07929950782138412   3.073e-09
           0.5           0.5       0.06448860284750375       0.06448863851160033   3.566e-08
           0.5             1        0.1066710629614485        0.1066711217468705   5.879e-08
           0.5             2        0.1415806036539784        0.1415805815014184   2.215e-08
           0.5             3        0.1510840430760184        0.1510840346433584   8.433e-09
          0.25           0.5       0.07134663382271778       0.07134667330765261   3.948e-08
          0.25             1        0.1201285306350883        0.1201285969015898   6.627e-08
          0.25             2        0.1666128410939293        0.1666128055444197   3.555e-08
          0.25             3        0.1847501847929859        0.1847501638914686    2.09e-08
         0.125           0.5       0.07317273327500386       0.07317277377790649    4.05e-08
         0.125             1        0.1237630544953746        0.1237631227867797   6.829e-08
         0.125             2        0.1737438887583106        0.1737438492803439   3.948e-08
         0.125             3        0.1951190307092811        0.1951190042944634   2.641e-08
      0.007812           0.5       0.07378938035365545       0.07378942120036484   4.085e-08
      0.007812             1        0.1249951430754052        0.1249952120536704   6.898e-08
      0.007812             2        0.1761984774738108        0.1761984366311592   4.084e-08
      0.007812             3        0.1987772386442824        0.1987772102104874   2.843e-08
      0.007812            10        0.2340886964802671        0.2340890125340615   3.161e-07
      0.007812           100        0.2479460829231492         0.247946082936915   1.377e-11

ASA076_PRB:
  Normal end of execution.

16 December 2011 10:28:06 AM
