         1.054914507204192
        0.9811105093165446
        0.9529249860874381
        0.8809400961501146
        0.8164926093555472
        0.7835523526479917
        0.6936230844073552
          0.53094572697348
         0.464420900041511
        0.4093167736937648
        0.3928474435494534
        0.3705355066430369
        0.3894109318744119
        0.3789995063606722
        0.3621721800090948
        0.3814490896505185
        0.3844530447344352
        0.3999787453001329
        0.4467872831911913
        0.4983701596275053
        0.5631192951640346
        0.7211489156625454
         0.765862570803804
        0.8405395048192142
        0.8917191736986316
        0.9493214386171862
         1.000542802578108
         1.061131104494159
         1.109302353228352
          1.12176799329844
         1.125732553967096
         1.194450053949237
         1.254378106200003
         1.264628963222903
         1.356894163228873
         1.485324657219612
         1.673989940038732
         1.794657748630825
         1.879214853628179
         1.872001890796498
         1.746226207369658
          1.78876555244653
         1.858964319659448
         1.907644085213151
         2.037292508268174
         2.154660499125777
         2.178039642900748
         2.200662099238105
         2.221008252225138
         2.180961318446974
         2.103673101234685
         2.025421311293784
         1.893358819055427
         1.874940962558312
         1.926250332236967
         2.024446435351938
         2.047956481357891
         2.024731454616098
         2.026711203565143
         2.080522357002234
         2.129877277326081
         2.228936951255168
         2.213007522533625
         2.311974911900286
         2.477951508065078
         2.576794130889164
         2.744587750565468
         2.864489032808763
         3.023845084464265
         3.129051430102319
          3.06548541174759
         3.018302681452539
         2.948101501459921
          2.89609210484008
         2.954710425072841
         2.894567616005868
         2.710630142463473
         2.557631803481583
         2.394327677785939
         2.215210471744555
         2.056816986559358
         1.901835397346259
         1.825366674432011
         1.771239970295237
         1.580391316744941
         1.554114672563372
         1.548983240900236
         1.335667115018091
         1.232259868644546
         1.112845857611354
        0.5120929115165694
        0.5528287886254695
        0.5953419364778507
        0.6192442377686617
        0.6212765929525098
         0.640878556991596
        0.6393467846552301
        0.5999433268944842
        0.5543132020769722
        0.5099479271462835
        0.4973779479414486
        0.4334122401557934
        0.4853400014481033
        0.3985367888760717
        0.4543797774141649
         0.508819941619219
        0.4182948878517488
        0.4937289936598329
        0.5340503806007321
        0.5617471087124949
         0.597383644550499
         0.421682430933745
        0.4555738861734195
        0.5138855694676814
         0.575721622768018
        0.6281319193650006
        0.6590159623354234
          0.37800890869814
        0.3847556492958558
        0.5705444638876872
        0.6174095650192069
        0.6598894183453787
        0.3721420496519528
        0.4149197048118773
        0.7099168512996733
        0.7257197035452656
        0.3746453038711693
        0.3977961195967551
        0.4639500400435403
        0.5579921289816953
        0.6925226170997166
        0.7548291858567697
        0.3980302535240082
        0.4968360913049303
        0.6202464832949555
        0.7457565756538126
        0.7489612368203284
        0.7872505931694164
         0.378077869124879
        0.4038907430544127
         0.435930538115125
        0.4405988948436776
        0.6687549273567603
        0.7964306785815352
         0.791581859294704
        0.3839900184281326
        0.3967066372177133
        0.4357892591080517
        0.4892758710224099
        0.6276288492787986
        0.4142436671711836
        0.4580288003851209
        0.5645324799890175
        0.7163678763968399
        0.7674645979262866
        0.8019736687142149
        0.3817162201257696
        0.3852874334920353
        0.4081084119923138
        0.4174723947421501
        0.5053877558454948
        0.5516994918003946
        0.7268062973718451
        0.7760183547227063
        0.8086926995013914
        0.3668673880015039
        0.3730649350094903
        0.4172016352424686
         0.453839384302558
        0.5002316622946469
        0.5300996746215293
        0.5871834014102331
        0.6160492931197168
         0.691967016064705
        0.7855701549833052
        0.8360229925086455
         1.939844733004935
         2.017955816907754
         2.149420688554585
        0.3669002876215165
        0.3896089226888179
        0.4667557608652533
        0.4869314056984158
        0.5308784699957471
        0.5745385817356043
        0.5535272265471397
        0.6215230008808245
        0.6213858696832707
        0.6749387641276656
        0.8247060302653012
         0.858621260240976
         1.852100699875939
          1.87528519575762
         1.998040916092522
         1.980517804770412
         2.206529959998365
        0.3756475315782491
        0.3712337660682549
         0.390601789690091
         0.415117330409188
        0.4517744176657604
        0.4706492440338954
         0.665354025053733
        0.7694894441520339
        0.8502154608449273
         1.876450677657211
         1.930444092518015
         2.075469210063062
         2.120294789746198
         2.289689120026429
          2.27597631345493
         2.339070599748715
         2.449440109404371
        0.4059830319801555
        0.4091165218809876
        0.5034429585357477
        0.6455394219421865
        0.7502403432812486
        0.8900280289710385
         0.903680223171455
         1.788921429133032
          1.80673593398467
         1.958326792351667
         1.942880332295197
         2.040227814242826
         2.143864731079983
          2.19063484361289
         2.501207668807683
        0.3824576713318155
        0.4076497832711411
        0.4854860662287376
         0.531145115939041
        0.6270339456219031
        0.6880584531557395
        0.7223208189697524
        0.8403818520121628
        0.8272240645568222
         0.929405601348594
         1.723862217926836
         1.748144684666308
         1.834201825556927
         1.862143284582269
         2.052037143528834
         2.240551448929912
         2.300298996211657
         2.382881564781717
         2.477857635237412
         2.605997991491558
        0.3940206578420627
        0.3890718890959651
        0.4232894078594091
        0.4104997170061969
        0.4463545124538341
        0.4949488991934298
        0.5273042030649588
        0.5694138109109863
        0.6339714854852001
        0.6624866846315904
        0.8871238243889545
        0.9234038974417965
        0.9614966270752326
         1.671909924944137
         1.697988966912636
         1.764150992108819
         1.814578781241578
         2.000916010411996
         2.193352705386157
         2.260883194617178
         2.365878307986889
         2.418736217722195
         2.388956797748746
         2.563199752519113
         0.425384993797953
        0.4503076113142217
         0.566924154623129
        0.5834960039960824
        0.6191550769316647
        0.6564264620902722
        0.6770975214122106
        0.7071644747106461
        0.7232167186035526
         0.942744103441899
        0.9701625729260861
         1.624716900439201
         1.648702125239426
         1.719438881353477
         1.800064799995964
         1.918331979640873
         2.127338003592185
         2.157099551808026
         2.472958949220156
         2.543335469566672
         2.656301845027607
         2.770829882359704
        0.4232308745932817
        0.4507067706098229
        0.4706110979520324
        0.5779257561822801
        0.5335853811910091
        0.6041729356398189
        0.6399462822505326
        0.6725493464632742
        0.7827283202643174
        0.9205213040925656
         0.969008718291317
         1.602254005949814
         1.649591662589216
         1.684089017288987
         1.756371547260489
         1.897754092808955
         1.973339575026112
          2.10470235222075
         2.180953911543413
         2.509502049223573
         2.634197091673959
        0.4724311598286396
        0.4757073507421044
        0.5111933378750608
        0.5156784243219505
        0.5167077917447197
        0.6188299225760898
        0.6676157461604021
        0.7830642617717952
         1.571314603306675
         1.622284960807489
         1.909776498753003
         1.983971112498163
         2.220432732586691
         2.706209968860663
         2.833088404517376
         2.913093082379942
        0.5480860411134508
        0.5698535113189602
        0.6688145796604158
        0.6164664832028335
        0.7046503563692461
        0.8418177812462159
         0.892173700885031
        0.8912102979707641
         1.004556251572661
         1.562875279753472
         1.672149972631087
         1.710095772420783
         1.987904967723509
         2.039526681830751
         2.541683337053045
          2.59857693214657
         2.627041518759146
         2.803186665120576
         2.933794083147463
        0.5320834449903656
        0.5875200089268203
        0.5853361891907343
        0.6242868910315137
        0.7378967346923425
          0.91803965772926
        0.9644156130252388
         0.980270756157946
         1.009047155828233
         1.035298056226858
         1.027477798007817
         1.551423309489381
         1.601987393812443
         1.805511028523802
          1.85693623902318
         1.955233354211582
         2.630733524640909
         2.704810213866195
         2.731037175779182
         2.821538439028954
         2.856546772156836
         0.614845790906545
        0.6416399797402169
        0.7263240782015952
        0.7070210199285892
        0.7542047282487826
        0.7642355779603144
         1.055791753185437
          1.08033053905598
         1.150830004563664
         1.596787376702286
         1.604924663848772
         1.765397587797043
          1.91022111247254
         1.998055690418698
          2.03072229746819
         2.773358409228115
         2.869139404190017
         2.921121628425076
        0.6646409711003818
        0.7030228684532455
        0.7616009674137098
        0.8117730782925222
         0.805794518522984
         0.879917070616412
         1.116732885944547
         1.114001897149747
         1.166192860336503
         1.191897291957939
         1.489298250627962
         1.541150498696093
         1.549811152266979
         1.670035196922413
         1.899743345700858
         1.869775030172367
          1.94872296651847
         1.974808987943843
         2.687306304371148
         2.839325852083613
         2.949102856214103
        0.6670774013537267
        0.6952925320676028
        0.7349137518546264
        0.7496516212633102
        0.7904228573381763
         0.800082183483635
        0.8210049744667893
        0.8579426035429071
         1.016720578156079
          1.20062432213772
         1.226726903416762
         1.283948595037808
         1.268561502874791
         1.302046713853142
         1.368513457943876
          1.40326370921026
         1.454487775829801
         1.618386701809167
         1.785360825975781
         1.831497140026884
         2.785125498827856
          2.95808380771962
        0.8656093319337632
        0.9132471732494408
        0.9367516618525081
          1.28988950893371
          1.33546566496515
         1.371359009941175
         1.453192215990306
          1.52397887747323
         1.725620281018797
         1.831593794531027
           1.8601547507736
          3.03399604777536
        0.9592073204282725
         1.001298398851163
         1.003816842725317
         1.146936313745299
         1.385118252489562
         1.420769964416376
         1.602808883762133
         1.923855305941985
         2.841041227594255
         2.946846989200493
          3.04991399074265
         1.029749397507906
         1.047272618470146
         1.081928435870183
         1.260741028567215
         1.497684932969003
         1.614270229641252
         1.895509161330976
         1.959610889951523
          2.91847106804315
         3.017459879788199
          1.08377647601311
         1.117851510068788
         1.124781173247555
         1.188722780014546
         1.197967181614473
         1.373184503168499
         1.433160843615833
         1.537856290588713
         1.991931226285166
          3.08468627014755
         1.309630458880787
         1.701710865106975
         1.831983759895403
         1.944095319137527
         2.050631397841529
         2.972069178324088
         3.074137264211608
         3.106704048370191
         1.114798914651953
          1.17077114837532
         1.269590149746549
         1.516486827706365
         1.908531602276822
         1.999835077625382
         1.164740905548739
         1.683801741118706
         1.938478968546994
         2.016686150550761
         2.077449880846176
         1.144237390843472
         1.488197440855252
         1.793215735921092
         2.027019017224876
         2.067968826270955
         1.195406958010572
         1.253671768755444
         2.011642877213824
         2.116887124805995
         1.157629889381403
         1.203418789220427
         1.885414073580846
          2.08997906389087
         2.131353404274885
         1.822054995241977
         1.718237448278128
         1.876939824436523
           2.1017797418565
          2.14848092509072
         1.233111499416044
         1.215008648168899
         1.244740343251177
         1.276008996525579
         1.366573735230689
         1.648675587890338
         2.021086843670854
         2.107357577629121
         2.165471521273697
         1.284337376148938
         1.282746211127755
         1.328086770810066
         1.413677233017599
         1.922157329509414
         2.035708340494734
          2.13164320001436
         2.136010232701137
         2.193341379627443
         1.259806648343795
         1.333722401989055
         1.428502347649773
         1.728433513870446
         2.130252223942401
         2.207705475998172
         1.299260545230537
         1.318193431983075
         1.414479571302888
         1.580175187305875
         2.050422937110869
         2.154622116917215
         2.214620792464343
         1.345486083347685
         1.394107445079414
         1.993877481414594
         2.207835378762098
         1.399966707072841
         1.406179115723944
         1.532488509855301
         1.700751123370654
         1.811548707519626
         1.942771519101143
         2.111060063654068
         2.203759670646095
         1.440197859327622
         1.469690291881598
         1.476153515157914
         1.583622787636234
         1.802153747883439
         1.917681288540201
         2.192354361812683
         2.145460109404319
         1.693891449799057
         1.853857496399387
         2.028867102406648
         2.109946061331651
         1.526288021148324
         1.551597644770868
         1.627387014648382
         1.646147067879905
         1.811598720430346
         1.878317266723555
         1.935719949358211
         2.055641391660272
         2.152787047794554
         2.184811625966606
         1.516535782783512
         1.567252785578387
          1.71188541794661
          1.72880682239662
         1.764658608084998
         1.835104574446681
         1.780901923590728
         1.875242234554755
         1.990170466911268
         1.992079343598961
         2.074775771747857
         2.113443705331839
         2.094517146101289
         2.161973879152185
         1.559843008959949
          1.59568709390343
         1.664065865143279
         1.698692851490377
          1.77000534050041
         1.812177660036989
         1.597774433334787
         1.616778013682253
         1.664156611728324
         1.726589212502646
         1.738368363328487
         1.765404295989706
         1.630180745325073
         1.680866617412335
         1.774207780580422
         1.790208298371188
         1.714088503664112
          1.68345814169205
         1.761135604364693
         1.835003015264626
         1.810593161552848
         1.755022273657284
         1.747309950757932
         1.808518093131597
         1.834342873742832
         1.830676005672172
         1.821551694463186
         1.875984186966105
         1.873590194021871
