        0.2121212121212121        0.9595959595959596
        0.8383838383838383        0.5757575757575758
        0.4343434343434344        0.1111111111111111
         0.303030303030303        0.1717171717171717
        0.1212121212121212        0.6666666666666666
        0.1515151515151515        0.5151515151515151
        0.4747474747474748        0.7878787878787878
        0.8282828282828283         0.101010101010101
        0.9191919191919192        0.4646464646464646
        0.2525252525252525         0.202020202020202
        0.8888888888888888        0.8787878787878788
        0.3131313131313131        0.2323232323232323
       0.04040404040404041        0.9393939393939394
        0.3434343434343434        0.5252525252525253
                         0       0.08080808080808081
        0.1313131313131313         0.696969696969697
        0.9090909090909091        0.6363636363636364
        0.9494949494949495        0.7373737373737373
        0.4848484848484849        0.8484848484848485
        0.6262626262626263        0.5050505050505051
        0.7474747474747475        0.3838383838383838
        0.7777777777777778        0.3333333333333333
        0.5555555555555556        0.3737373737373738
        0.2727272727272727        0.4141414141414141
        0.3232323232323233        0.1616161616161616
        0.5353535353535354        0.8585858585858586
        0.5656565656565656         0.898989898989899
        0.1919191919191919        0.6868686868686869
        0.0101010101010101        0.3939393939393939
        0.0303030303030303        0.7575757575757576
        0.9797979797979798        0.1414141414141414
        0.2929292929292929        0.8181818181818182
        0.6565656565656566        0.4242424242424243
        0.5959595959595959        0.0707070707070707
        0.4444444444444444        0.2222222222222222
         0.404040404040404        0.7070707070707071
        0.2424242424242424        0.7676767676767676
         0.797979797979798        0.8080808080808081
        0.3636363636363636        0.6767676767676768
        0.3535353535353535        0.0202020202020202
        0.6464646464646465        0.2626262626262627
       0.06060606060606061        0.6060606060606061
                         1        0.9898989898989899
        0.1818181818181818        0.2828282828282828
        0.8686868686868687        0.9292929292929293
        0.4545454545454545        0.7171717171717171
       0.09090909090909091        0.7272727272727273
        0.0505050505050505        0.6161616161616161
        0.5454545454545454        0.9696969696969697
        0.5858585858585859         0.494949494949495
        0.5454545454545454        0.8383838383838383
        0.1616161616161616        0.7272727272727273
        0.7878787878787878        0.3939393939393939
        0.5555555555555556        0.4242424242424243
        0.3232323232323233        0.8888888888888888
       0.04040404040404041        0.9292929292929293
        0.2323232323232323        0.3838383838383838
        0.2424242424242424        0.8080808080808081
        0.0707070707070707         0.898989898989899
        0.7373737373737373        0.9595959595959596
        0.0101010101010101        0.2222222222222222
        0.2929292929292929                         1
        0.6666666666666666        0.7777777777777778
        0.1212121212121212        0.7171717171717171
        0.3131313131313131        0.6868686868686869
        0.2828282828282828        0.1818181818181818
        0.8181818181818182         0.202020202020202
        0.6464646464646465        0.4343434343434344
        0.4848484848484849        0.9191919191919192
         0.404040404040404        0.8686868686868687
         0.494949494949495        0.9393939393939394
        0.7070707070707071        0.5151515151515151
        0.9494949494949495         0.696969696969697
         0.101010101010101        0.5959595959595959
        0.2525252525252525       0.08080808080808081
        0.5353535353535354        0.3535353535353535
        0.8282828282828283        0.0303030303030303
        0.5252525252525253        0.7676767676767676
        0.6767676767676768        0.1717171717171717
        0.9090909090909091        0.7575757575757576
        0.0505050505050505        0.3333333333333333
         0.303030303030303       0.09090909090909091
        0.1111111111111111        0.9696969696969697
        0.0202020202020202        0.6060606060606061
        0.6161616161616161        0.1919191919191919
        0.4545454545454545        0.6262626262626263
                         0        0.8484848484848485
        0.6363636363636364        0.2727272727272727
        0.7474747474747475        0.4444444444444444
        0.5757575757575758        0.8585858585858586
        0.3737373737373738        0.1515151515151515
         0.797979797979798        0.9797979797979798
        0.3434343434343434        0.5858585858585859
        0.4141414141414141        0.4747474747474748
        0.6565656565656566        0.5050505050505051
        0.9898989898989899        0.2121212121212121
        0.8787878787878788       0.06060606060606061
        0.5656565656565656        0.2626262626262627
        0.4646464646464646        0.1313131313131313
        0.1414141414141414        0.3636363636363636
