1  0
2  0
3  0
3  2
4  0
4  2
4  3
5  0
5  2
5  3
6  0
6  2
6  3
6  5
6  16
7  2
7  3
7  5
7  6
8  2
8  3
8  5
8  6
8  7
9  3
9  5
9  6
9  7
9  8
10  5
10  6
10  7
10  8
11  5
11  6
11  7
11  8
11  10
11  49
12  6
12  7
12  8
12  10
12  11
13  7
13  8
13  10
13  11
13  12
14  4
14  8
14  10
14  11
14  12
14  13
15  10
15  11
15  12
15  13
15  14
16  10
16  11
16  12
16  13
16  14
16  15
17  11
17  12
17  13
17  14
17  15
18  12
18  13
18  14
18  15
18  17
19  13
19  14
19  15
19  17
19  18
19  62
20  14
20  15
20  17
20  18
20  19
21  15
21  17
21  18
21  19
21  20
22  17
22  18
22  19
22  20
23  17
23  18
23  19
23  20
23  22
24  18
24  19
24  20
24  22
24  23
24  87
25  19
25  20
25  22
25  23
25  24
26  20
26  22
26  23
26  24
26  25
26  48
27  22
27  23
27  24
27  25
27  26
28  22
28  23
28  24
28  25
28  26
28  27
29  23
29  24
29  25
29  26
29  27
30  24
30  25
30  26
30  27
30  29
31  9
31  25
31  26
31  27
31  29
31  30
32  26
32  27
32  29
32  30
32  31
33  27
33  29
33  30
33  31
33  32
34  29
34  30
34  31
34  32
34  33
35  29
35  30
35  31
35  32
35  33
35  34
36  30
36  31
36  32
36  33
36  34
36  35
37  31
37  32
37  33
37  34
37  35
38  1
38  32
38  33
38  34
38  35
38  37
39  33
39  34
39  35
39  37
39  38
40  34
40  35
40  37
40  38
40  39
41  35
41  37
41  38
41  39
41  40
42  21
42  37
42  38
42  39
42  40
42  41
43  37
43  38
43  39
43  40
43  41
43  42
44  36
44  38
44  39
44  40
44  41
44  42
44  43
45  39
45  40
45  41
45  42
45  43
45  44
46  40
46  41
46  42
46  43
46  44
46  45
47  41
47  42
47  43
47  44
47  45
47  46
48  42
48  43
48  44
48  45
48  46
48  47
49  43
49  44
49  45
49  46
49  47
50  44
50  45
50  46
50  47
51  45
51  46
51  47
51  50
52  46
52  47
52  50
53  47
53  50
53  52
53  56
54  50
54  52
54  53
55  50
55  52
55  53
55  54
56  50
56  52
56  53
56  54
56  55
57  52
57  53
57  54
57  55
58  52
58  53
58  54
58  55
58  57
59  53
59  54
59  55
59  57
59  58
60  54
60  55
60  57
60  58
60  59
60  64
61  55
61  57
61  58
61  59
61  60
62  57
62  58
62  59
62  60
62  61
63  57
63  58
63  59
63  60
63  61
64  58
64  59
64  60
64  61
64  63
65  59
65  60
65  61
65  63
66  60
66  61
66  63
66  65
67  51
67  61
67  63
67  65
67  66
68  63
68  65
68  66
68  67
69  63
69  65
69  66
69  67
69  68
70  65
70  66
70  67
70  68
70  69
71  65
71  66
71  67
71  68
71  69
71  70
72  66
72  67
72  68
72  69
72  70
73  67
73  68
73  69
73  70
73  72
73  93
74  68
74  69
74  70
74  72
74  73
75  69
75  70
75  72
75  73
75  74
75  95
76  70
76  72
76  73
76  74
76  75
77  72
77  73
77  74
77  75
77  76
78  72
78  73
78  74
78  75
78  76
78  77
78  98
79  73
79  74
79  75
79  76
79  77
79  78
80  74
80  75
80  76
80  77
80  78
80  79
81  75
81  76
81  77
81  78
81  79
82  76
82  77
82  78
82  79
82  81
83  77
83  78
83  79
83  81
83  82
84  28
84  78
84  79
84  81
84  82
84  83
85  79
85  81
85  82
85  83
85  84
86  81
86  82
86  83
86  84
86  85
87  81
87  82
87  83
87  84
87  85
87  86
88  82
88  83
88  84
88  85
88  86
89  83
89  84
89  85
89  86
89  88
90  84
90  85
90  86
90  88
90  89
91  71
91  85
91  86
91  88
91  89
91  90
92  86
92  88
92  89
92  90
92  91
93  88
93  89
93  90
93  91
93  92
94  88
94  89
94  90
94  91
94  92
95  89
95  90
95  91
95  92
95  94
96  90
96  91
96  92
96  94
97  91
97  92
97  94
97  96
98  92
98  94
98  96
98  97
99  94
99  96
99  97
100  80
100  94
100  96
100  97
100  99
100  100
