               0               0
          0.1875    -1.66533e-16
            0.25    -1.66533e-16
          0.1875     4.16334e-16
               0               0
               0               0
          0.1875     4.60743e-15
            0.25    -2.22045e-17
          0.1875    -7.43453e-17
               0               0
               0    -1.66533e-16
          0.1875     2.37709e-16
            0.25     5.12092e-16
          0.1875     1.06413e-15
               0               0
    -8.32667e-17               0
          0.1875    -4.62783e-16
            0.25     5.71106e-16
          0.1875     9.77545e-16
               0               0
               0               0
          0.1875    -5.41347e-16
            0.25    -2.53239e-17
          0.1875     3.87646e-16
               0               0
              -0               0
          0.1875    -7.38691e-16
            0.25    -4.07384e-16
          0.1875     2.40744e-17
               0               0
               0               0
          0.1875    -7.40567e-16
            0.25    -5.58255e-16
          0.1875    -1.55468e-16
               0               0
     3.33067e-16               0
          0.1875    -2.93663e-16
            0.25    -2.18442e-16
          0.1875    -3.73458e-16
               0               0
               0               0
          0.1875     1.12004e-16
            0.25    -1.77681e-16
          0.1875    -4.92086e-16
               0               0
              -0               0
          0.1875     1.10781e-16
            0.25    -1.69951e-16
          0.1875    -2.52876e-16
               0               0
               0               0
          0.1875     3.73364e-17
            0.25     5.07604e-17
          0.1875     3.88617e-17
               0               0
              -0               0
          0.1875     9.60449e-18
            0.25     8.01594e-17
          0.1875     5.19991e-17
               0               0
               0               0
          0.1875               0
            0.25               0
          0.1875               0
               0               0
