         0.19509        0.980785
        0.187381        0.982287
        0.179661        0.983729
        0.171929        0.985109
        0.164187        0.986429
        0.156434        0.987688
        0.148672        0.988886
        0.140901        0.990024
        0.133121          0.9911
        0.125333        0.992115
        0.117537        0.993068
        0.109734        0.993961
        0.101924        0.994792
       0.0941083        0.995562
       0.0862864         0.99627
       0.0784591        0.996917
        0.070627        0.997503
       0.0627905        0.998027
       0.0549502        0.998489
       0.0471065         0.99889
       0.0392598        0.999229
       0.0314108        0.999507
       0.0235598        0.999722
       0.0157073        0.999877
       0.0078539        0.999969
     6.12323e-17               1
      -0.0078539        0.999969
      -0.0157073        0.999877
      -0.0235598        0.999722
      -0.0314108        0.999507
      -0.0392598        0.999229
      -0.0471065         0.99889
      -0.0549502        0.998489
      -0.0627905        0.998027
       -0.070627        0.997503
      -0.0784591        0.996917
      -0.0862864         0.99627
      -0.0941083        0.995562
       -0.101924        0.994792
       -0.109734        0.993961
       -0.117537        0.993068
       -0.125333        0.992115
       -0.133121          0.9911
       -0.140901        0.990024
       -0.148672        0.988886
       -0.156434        0.987688
       -0.164187        0.986429
       -0.171929        0.985109
       -0.179661        0.983729
       -0.187381        0.982287
        -0.19509        0.980785
         0.19509        0.980785
