       0.0134754        0.952222
       -0.161821        0.926708
        0.186613        0.928016
         0.32592        0.944091
        -0.17058        0.980273
        0.206806        0.955435
       0.0720615        0.971997
      -0.0175739        0.940208
        0.278218        0.939654
       -0.110498        0.975756
       0.0557477         0.99546
        0.120564        0.955613
       -0.112068        0.964483
      -0.0770605        0.991971
        0.257092        0.938644
         0.23301        0.924058
       -0.246242        0.962833
       -0.165865         0.95529
      -0.0687615        0.975095
       -0.285119        0.925871
       -0.213012        0.933299
        0.124176        0.934924
       -0.177015        0.937191
        0.321437        0.932399
        -0.22987        0.956678
       0.0734086        0.968569
       0.0176511        0.933421
        0.241027        0.959304
     -0.00419169        0.941842
       0.0855692        0.971963
        0.103476        0.939187
        0.108086        0.946583
        -0.12587        0.956864
        0.237089        0.928088
       -0.204826        0.947976
       0.0417605        0.968234
        0.312654        0.948067
        0.208515        0.967103
        0.134234        0.943037
       -0.244474        0.924625
       0.0477244        0.940249
      -0.0824747        0.940427
       -0.357978        0.927007
      -0.0672428        0.961886
       -0.266333        0.957982
      -0.0468816        0.941427
       -0.113545        0.981434
       0.0998431        0.963541
      -0.0264981        0.995643
        0.073526        0.939011
       -0.183752        0.938579
       -0.005387        0.968607
      -0.0730416        0.930729
       -0.266088        0.941411
      -0.0520945        0.941748
         0.16206         0.97008
        0.116605         0.98363
       -0.133073        0.954176
     -0.00141444           0.948
       -0.219923        0.948282
       -0.108248        0.940541
      0.00560573         0.95004
      -0.0458035        0.953134
        -0.16073        0.937423
      -0.0948944        0.956688
       -0.202289        0.926763
       -0.174023        0.966103
        0.132392        0.943363
        0.362516        0.925312
       -0.205704        0.959873
      -0.0557624        0.980989
        0.236375        0.924131
      -0.0617128        0.950979
       0.0398391        0.930312
       -0.137797        0.936662
       -0.189698        0.939015
        0.156315        0.953753
       0.0302655        0.953747
       0.0230443        0.984393
        0.282968        0.939127
        0.109562        0.973703
        0.230808        0.933458
        0.358425        0.924155
       -0.282773        0.955009
       -0.230701        0.948002
        -0.19204        0.977705
       -0.344809        0.924283
       -0.094799        0.943449
     -0.00723893        0.947477
       -0.149595        0.931908
      -0.0566904        0.932595
       0.0420827        0.945031
       -0.228931        0.969268
       -0.111583        0.958001
       0.0364541        0.985514
        0.186408        0.954746
      -0.0792048        0.950452
      -0.0343246        0.972272
        -0.24763        0.963096
       -0.218675        0.941156
