      -0.0594174        0.992242
      -0.0835182        0.990023
       0.0199753        0.992014
       -0.038203        0.982298
       0.0698957        0.981405
       0.0186509        0.987054
       0.0682676        0.987318
       -0.103469        0.985928
      -0.0423341        0.992923
        0.111572        0.988767
      -0.0329813        0.982608
        0.130172        0.989028
      -0.0848977        0.989005
      -0.0813321        0.989529
      -0.0826636        0.990128
       0.0362162        0.987286
       -0.100329        0.990563
       -0.146916        0.986482
      -0.0104383        0.989019
        0.146666        0.987894
        0.036004        0.986544
       -0.137751        0.985952
        0.126795        0.988917
      -0.0293634        0.995915
       0.0548666        0.992938
        -0.16762        0.985687
       -0.100459        0.988455
       0.0799096        0.985113
       0.0762928        0.987308
     -0.00899154        0.996264
       0.0131081        0.991395
         0.12322        0.991242
       0.0670846        0.981826
       0.0709178        0.996763
       0.0662415        0.994988
      -0.0826847        0.981325
      -0.0977958        0.983923
        0.102311        0.983192
       0.0218949        0.981898
        0.110998        0.990047
       -0.137914        0.983614
        0.187637        0.982088
        0.116562        0.985646
       0.0200043        0.988009
      -0.0603302        0.988472
       0.0927182        0.993547
        0.125145        0.986192
        0.116746        0.981685
      -0.0816147        0.990374
       0.0510903         0.98836
       0.0315073        0.984901
        0.137666        0.987206
        0.110228        0.982423
       0.0590331        0.995216
      -0.0626618        0.989652
       0.0491439        0.990659
        0.158403        0.987177
      0.00835676        0.995261
       0.0354464        0.995771
       0.0697659         0.99751
       -0.183268        0.982348
    -0.000794636        0.987197
       0.0411173        0.988417
      -0.0978482        0.983036
      -0.0610411        0.982848
         0.08532          0.9963
      -0.0243128        0.991444
      -0.0379676        0.995764
        0.041437        0.981779
        0.152602        0.985916
      -0.0730463        0.986006
      -0.0203455        0.984153
      -0.0607663        0.988226
       0.0907705         0.99291
       0.0629291        0.982691
      -0.0976587        0.992753
      -0.0103068        0.997938
       -0.123491        0.991327
      -0.0904023         0.99515
       0.0526947        0.980943
       0.0387788        0.984965
         0.09794        0.991481
      -0.0510326        0.986145
       -0.058421         0.99051
       0.0160739        0.987356
       0.0515594        0.981005
       -0.150188        0.981459
       0.0780586        0.990833
       -0.117718        0.983855
        0.106399         0.99116
       -0.156835          0.9872
       0.0574113         0.98465
       0.0467673        0.983673
      -0.0333976        0.996359
       0.0950275        0.983592
       -0.153425        0.987756
        0.147549        0.983985
       0.0418804        0.986921
       0.0838566        0.983437
      -0.0416452         0.98454
