        0.382683         0.92388
        0.368125        0.929776
        0.353475        0.935444
        0.338738        0.940881
        0.323917        0.946085
        0.309017        0.951057
         0.29404        0.955793
        0.278991        0.960294
        0.263873        0.964557
         0.24869        0.968583
        0.233445         0.97237
        0.218143        0.975917
        0.202787        0.979223
        0.187381        0.982287
        0.171929        0.985109
        0.156434        0.987688
        0.140901        0.990024
        0.125333        0.992115
        0.109734        0.993961
       0.0941083        0.995562
       0.0784591        0.996917
       0.0627905        0.998027
       0.0471065         0.99889
       0.0314108        0.999507
       0.0157073        0.999877
     6.12323e-17               1
      -0.0157073        0.999877
      -0.0314108        0.999507
      -0.0471065         0.99889
      -0.0627905        0.998027
      -0.0784591        0.996917
      -0.0941083        0.995562
       -0.109734        0.993961
       -0.125333        0.992115
       -0.140901        0.990024
       -0.156434        0.987688
       -0.171929        0.985109
       -0.187381        0.982287
       -0.202787        0.979223
       -0.218143        0.975917
       -0.233445         0.97237
        -0.24869        0.968583
       -0.263873        0.964557
       -0.278991        0.960294
        -0.29404        0.955793
       -0.309017        0.951057
       -0.323917        0.946085
       -0.338738        0.940881
       -0.353475        0.935444
       -0.368125        0.929776
       -0.382683         0.92388
        0.382683         0.92388
