        0.377848        0.897027
        0.117788        0.952073
        0.163146        0.775331
       -0.161143        0.882608
        0.637698        0.742452
       -0.493947        0.832296
       -0.109532        0.856444
      0.00374653        0.970836
        0.397827        0.786879
        0.287466        0.944041
        0.248228        0.813501
      -0.0473279        0.985931
       -0.492072        0.723628
       -0.313424        0.844137
        0.339728        0.733603
       -0.012627        0.765778
      0.00278741        0.828902
        -0.17648        0.713838
        0.189002        0.947642
       -0.418103        0.733704
       0.0147271        0.773345
        0.212757        0.860367
      -0.0356559        0.968762
       -0.204971        0.897222
        0.400625        0.725858
         0.54664        0.828773
        0.114512        0.824102
       -0.138094        0.883504
       -0.401172        0.870409
        0.515188        0.834314
        0.286118        0.712914
       -0.289558        0.860929
       -0.127419        0.854467
       -0.148271        0.789897
        0.187751        0.836889
        0.457394        0.852337
        0.482597        0.833144
      -0.0673683        0.947802
       -0.646591        0.738214
       0.0132792        0.953631
      -0.0555673        0.992997
        0.124382        0.988289
       -0.264905        0.821035
       -0.597396        0.788401
        0.227413        0.793973
        0.422982        0.873801
        -0.59132        0.718415
        0.599176        0.743444
       -0.298284        0.873816
       0.0214627        0.967278
      -0.0601327        0.969996
       -0.568698        0.815144
       -0.371925          0.7758
       -0.398333        0.843959
       -0.300915        0.918653
        0.206918        0.779216
        0.375976        0.835776
        0.279767         0.89015
       -0.600112        0.786871
       0.0711087        0.788502
       -0.389535          0.8764
       -0.370729        0.755391
       -0.474095        0.778994
        0.210495          0.7436
       -0.597339        0.709809
       -0.330792        0.856689
       0.0157233        0.918599
         0.28982        0.908869
        0.492472        0.755109
       -0.522122         0.83239
       -0.213687        0.881942
        0.424416        0.756984
        0.288903        0.733905
        0.259652        0.793563
       -0.113966        0.786761
        0.533171        0.788026
       -0.304005        0.742294
         0.59635        0.723491
        0.511532          0.7999
        -0.19601        0.788846
       -0.111069        0.851711
      -0.0826086        0.976053
       -0.101131        0.976586
       -0.529428        0.835229
        0.469699        0.781402
        0.239175        0.850313
         0.11203        0.819181
         0.57862        0.789348
      -0.0176239        0.958726
        0.124467        0.859095
       -0.439663        0.809679
        0.584384         0.71332
        0.179275         0.74334
         0.23839        0.821412
        -0.46495        0.875317
        -0.27242        0.865293
     -0.00451732        0.758518
      -0.0939072        0.982749
        0.116497         0.71589
       0.0810209        0.948924
