       0.0603791        0.667387
        0.664171       0.0343148
       -0.702069        0.134308
        0.406525         0.35163
        0.484207        0.478115
       -0.143757        0.853039
       0.0484702        0.627034
       -0.146434        0.792382
       -0.211571        0.888688
        0.722014        0.291673
        0.266912        0.859719
        0.739769        0.447781
       -0.634693        0.490684
       -0.409684        0.193901
       -0.753754        0.159894
       0.0883698        0.986696
       -0.357567       0.0805874
         0.63677        0.536974
        0.209168        0.812673
        0.282536        0.949256
        0.583104        0.110893
        -0.94972        0.125327
       -0.501962        0.775744
        0.254378        0.965924
       0.0988359         0.62429
        0.408086       0.0687894
        0.608931        0.787633
        0.176141        0.536158
       -0.898827        0.139558
       0.0975855        0.617448
       -0.927972        0.244303
        0.204328        0.351658
         0.45484        0.109218
        0.445146        0.444047
      -0.0605869       0.0691883
       -0.690897        0.321419
       -0.425667        0.699083
        0.707336        0.188445
       -0.798516        0.494581
        0.389643        0.703093
       -0.646869        0.341023
        0.675113        0.521907
      -0.0245148        0.305466
       -0.597156        0.526978
        0.581729        0.673196
       -0.106745        0.226198
        0.123716        0.782506
       -0.439776        0.585787
        0.143218         0.13788
        0.276559        0.138152
       -0.443664        0.859512
       -0.969258        0.229175
        0.147688          0.8212
       -0.171619        0.175265
        0.251532        0.201409
       -0.049212        0.576767
       -0.481469       0.0791148
        0.500026         0.18681
        0.527425        0.188254
       -0.167882        0.485588
          0.3201       0.0481246
        0.157851        0.351301
       -0.134068        0.939226
         0.33742        0.403026
        0.253864        0.891999
        0.701803        0.520228
       -0.582789        0.612874
        0.189922        0.111307
     -0.00778039        0.915643
        0.241477        0.940094
        0.468553        0.740471
       -0.514576        0.786799
       -0.196195         0.53404
       -0.111139        0.780491
       0.0953691        0.679891
       -0.156186        0.673202
       0.0723502        0.308979
        0.544244         0.15017
       0.0185101        0.330414
       -0.288871         0.67048
        0.165306        0.183198
        0.116652        0.219088
       -0.544966        0.449116
        0.707564        0.113992
       0.0589494       0.0431966
       -0.310618       0.0714875
       0.0555083        0.387104
       -0.076334        0.913394
        0.349914        0.420293
       -0.609104        0.592607
        0.715835       0.0765413
        0.428989        0.263975
       -0.736533        0.480825
      -0.0107315        0.735159
      -0.0661352        0.131319
        0.756423       0.0279605
        0.164884        0.205029
       -0.585243        0.442028
        0.355152        0.275623
       -0.387913        0.485716
