01 July 2011 01:20:18 PM

JACOBI_TEST
  C++ version.
  Test the JACOBI library.

JACOBI_TEST01:
0  0
1  1.70702
2  0.320724
3  -0.372423
4  -0.842427
5  -1.1991
6  -1.48678
7  -1.72795
8  -1.93559
9  -2.11791
10  -2.28043
11  -2.42703
12  -2.56056
13  -2.68316
14  -2.79649
15  -2.90185
16  -3.00029
17  -3.09267
18  -3.17968
19  -3.26192
20  -3.33988
21  -3.41398
22  -3.4846
23  -3.55204
24  -3.61658
25  -3.67846
26  -3.73788
27  -3.79504
28  -3.8501
29  -3.90321
30  -3.95451
31  -4.00411
32  -4.05213
33  -4.09866
34  -4.1438
35  -4.18763
36  -4.23023
37  -4.27167
38  -4.31202
39  -4.35133
40  -4.38967
41  -4.42708
42  -4.46363
43  -4.49936
44  -4.53431
45  -4.56852
46  -4.60204
47  -4.63491
48  -4.66716
49  -4.69882
50  -4.72993
51  -4.76052
52  -4.79062
53  -4.82025
54  -4.84945
55  -4.87823
56  -4.90663
57  -4.93466
58  -4.96234
59  -4.9897
60  -5.01675
61  -5.04352
62  -5.07001
63  -5.09626
64  -5.12226
65  -5.14804
66  -5.17361
67  -5.19898
68  -5.22417
69  -5.24918
70  -5.27403
71  -5.29872
72  -5.32327
73  -5.34769
74  -5.37198
75  -5.39616
76  -5.42022
77  -5.44418
78  -5.46804
79  -5.49181
80  -5.5155
81  -5.53911
82  -5.56264
83  -5.5861
84  -5.6095
85  -5.63284
86  -5.65612
87  -5.67934
88  -5.70252
89  -5.72565
90  -5.74874
91  -5.77178
92  -5.79479
93  -5.81776
94  -5.8407
95  -5.8636
96  -5.88648
97  -5.90933
98  -5.93216
99  -5.95496
100  -5.97774
101  -6.0005
102  -6.02324
103  -6.04596
104  -6.06866
105  -6.09135
106  -6.11402
107  -6.13668
108  -6.15933
109  -6.18196
110  -6.20459
111  -6.2272
112  -6.2498
113  -6.2724
114  -6.29498
115  -6.31756
116  -6.34013
117  -6.36269
118  -6.38525
119  -6.4078
120  -6.43034
121  -6.45288
122  -6.47542
123  -6.49795
124  -6.52047
125  -6.54299
126  -6.56551
127  -6.58802
128  -6.61054
129  -6.63304
130  -6.65555
131  -6.67805
132  -6.70055
133  -6.72305
134  -6.74554
135  -6.76803
136  -6.79052
137  -6.81301
138  -6.8355
139  -6.85799
140  -6.88047
141  -6.90296
142  -6.92544
143  -6.94792
144  -6.9704
145  -6.99288
146  -7.01535
147  -7.03783
148  -7.06031
149  -7.08278
150  -7.10526
151  -7.12773
152  -7.1502
153  -7.17267
154  -7.19515
155  -7.21762
156  -7.24009
157  -7.26256
158  -7.28503
159  -7.3075
160  -7.32997
161  -7.35244
162  -7.37491
163  -7.39737
164  -7.41984
165  -7.44231
166  -7.46478
167  -7.48724
168  -7.50971
169  -7.53218
170  -7.55465
171  -7.57711
172  -7.59958
173  -7.62204
174  -7.64451
175  -7.66698
176  -7.68944
177  -7.71191
178  -7.73437
179  -7.75684
180  -7.7793
181  -7.80177
182  -7.82423
183  -7.8467
184  -7.86916
185  -7.89163
186  -7.91409
187  -7.93656
188  -7.95902
189  -7.98149
190  -8.00395
191  -8.02642
192  -8.04888
193  -8.07135
194  -8.09381
195  -8.11628
196  -8.13874
197  -8.16121
198  -8.18367
199  -8.20613
200  -8.2286
201  -8.25106
202  -8.27353
203  -8.29599
204  -8.31846
205  -8.34092
206  -8.36338
207  -8.38585
208  -8.40831
209  -8.43078
210  -8.45324
211  -8.47571
212  -8.49817
213  -8.52063
214  -8.5431
215  -8.56556
216  -8.58803
217  -8.61049
218  -8.63295
219  -8.65542
220  -8.67788
221  -8.70035
222  -8.72281
223  -8.74528
224  -8.76774
225  -8.7902
226  -8.81267
227  -8.83513
228  -8.8576
229  -8.88006
230  -8.90252
231  -8.92499
232  -8.94745
233  -8.96992
234  -8.99238
235  -9.01484
236  -9.03731
237  -9.05977
238  -9.08224
239  -9.1047
240  -9.12716
241  -9.14963
242  -9.17209
243  -9.19456
244  -9.21702
245  -9.23948
246  -9.26195
247  -9.28441
248  -9.30688
249  -9.32934
250  -9.35181
251  -9.37427
252  -9.39673
253  -9.4192
254  -9.44166
255  -9.46413
256  -9.48659
257  -9.50905
258  -9.53152
259  -9.55398
260  -9.57645
261  -9.59891
262  -9.62137
263  -9.64384
264  -9.6663
265  -9.68877
266  -9.71123
267  -9.73369
268  -9.75616
269  -9.77862
270  -9.80109
271  -9.82355
272  -9.84601
273  -9.86848
274  -9.89094
275  -9.91341
276  -9.93587
277  -9.95833
278  -9.9808
279  -10.0033
280  -10.0257
281  -10.0482
282  -10.0707
283  -10.0931
284  -10.1156
285  -10.138
286  -10.1605
287  -10.183
288  -10.2054
289  -10.2279
290  -10.2504
291  -10.2728
292  -10.2953
293  -10.3178
294  -10.3402
295  -10.3627
296  -10.3852
297  -10.4076
298  -10.4301
299  -10.4525
300  -10.475
301  -10.4975
302  -10.5199
303  -10.5424
304  -10.5649
305  -10.5873
306  -10.6098
307  -10.6323
308  -10.6547
309  -10.6772
310  -10.6996
311  -10.7221
312  -10.7446
313  -10.767
314  -10.7895
315  -10.812
316  -10.8344
317  -10.8569
318  -10.8794
319  -10.9018
320  -10.9243
321  -10.9468
322  -10.9692
323  -10.9917
324  -11.0141
325  -11.0366
326  -11.0591
327  -11.0815
328  -11.104
329  -11.1265
330  -11.1489
331  -11.1714
332  -11.1939
333  -11.2163
334  -11.2388
335  -11.2612
336  -11.2837
337  -11.3062
338  -11.3286
339  -11.3511
340  -11.3736
341  -11.396
342  -11.4185
343  -11.441
344  -11.4634
345  -11.4859
346  -11.5084
347  -11.5308
348  -11.5533
349  -11.5757
350  -11.5982
351  -11.6207
352  -11.6431
353  -11.6656
354  -11.6881
355  -11.7105
356  -11.733
357  -11.7555
358  -11.7779
359  -11.8004
360  -11.8228
361  -11.8453
362  -11.8678
363  -11.8902
364  -11.9127
365  -11.9352
366  -11.9576
367  -11.9801
368  -12.0026
369  -12.025
370  -12.0475
371  -12.07
372  -12.0924
373  -12.1149
374  -12.1373
375  -12.1598
376  -12.1823
377  -12.2047
378  -12.2272
379  -12.2497
380  -12.2721
381  -12.2946
382  -12.3171
383  -12.3395
384  -12.362
385  -12.3844
386  -12.4069
387  -12.4294
388  -12.4518
389  -12.4743
390  -12.4968
391  -12.5192
392  -12.5417
393  -12.5642
394  -12.5866
395  -12.6091
396  -12.6316
397  -12.654
398  -12.6765
399  -12.6989
400  -12.7214

JACOBI_TEST
  Normal end of execution.

01 July 2011 01:20:20 PM
