                         0
                         0
                         0
                         0
                         0
                         0
                         0
                         0
                         0
                         0
                         0
                         0
                         0
                         0
                         0
                         0
                         0
        0.2774523979004008
        0.1641170154038083
        0.5306444392513432
        0.5059249312745465
       0.01261754604684449
        0.4128040179293458
                         0
                         0
       0.06381670099904552
        0.1249010595104702
        0.5501118373590179
        0.4087341064657488
        0.3255623704860752
       0.03519656813127423
        0.7310178986626331
        0.6872112470291181
        0.6416271051802404
         0.307696048666099
        0.4789169222195522
        0.9500051491177171
        0.9263961480044408
        0.6659060483198277
       0.02595551336225912
                         0
                         0
        0.1384047706916893
        0.2424243020062632
       0.07014829252372429
        0.4472496934943301
        0.9373473664917296
         1.078833105918027
        0.8152613359433251
        0.5799300286987492
        0.8702140136893936
        0.5180944689000468
         1.079308338706725
         0.374149469985637
        0.2263009952926986
       0.01803862652838182
                         0
                         0
        0.6501199874062439
            1.068410436034
        0.1121770948741686
        0.4755520121816489
       0.04672341851810452
         1.134334852231451
        0.8207159912075891
        0.6115069007075805
        0.7070116757951639
        0.4520373932456914
        0.4032970975768066
        0.8613922448960877
        0.2133543387923265
                         0
                         0
       0.01367999855669699
        0.3722554935196843
         1.065223156065669
        0.8354057963297721
        0.3627388252969488
                         0
                         0
                         0
                         0
                         0
                         0
                         0
                         0
                         0
        0.2442340477148786
        0.8406852131983092
                         0
                         0
        0.2574899180043196
      0.003117017501382935
        0.3528307200392959
         0.899167903672638
                         0
                         0
                         0
                         0
                         0
                         0
                         0
                         0
        0.9396598136561186
        0.2703905607226298
        0.3096613856626517
      0.005226040054115992
        0.3486166621948742
        0.8905484294254619
                         0
                         0
                         0
        0.7927067021607812
        0.1612790790833833
        0.5203733807784759
       0.01736036683881446
        0.6386737539003418
        0.3951837639879754
                         0
                         0
         1.048892333364244
        0.3101508635941767
        0.4238798312922854
        0.8479659044760539
       0.04303409845700618
        0.9488875807404576
        0.5950644628020505
       0.09944855714952681
        0.8248123402871244
         1.012019794823563
                         0
                         0
        0.5875559333794976
        0.1890647793997429
        0.5384666869610034
       0.01994724435418598
        0.7788037403592583
        0.9116505990111589
        0.2712090724333218
        0.3708698720211646
       0.04931488152758137
        0.7421109489253204
        0.9998984213360192
        0.8983733568581931
        0.6529585219049358
       0.08966616045286563
                         0
                         0
        0.7435385035595775
        0.6300148924571937
        0.6187940781087597
        0.4095947414939635
        0.1173156893533127
        0.0205294864322565
                         0
                         0
       0.03886778985349349
        0.7770296127779295
         0.463313276136069
        0.8624218043618798
        0.4902225188394579
        0.3908661448493289
        0.5027440985244195
       0.04803700915430993
                         0
                         0
                         0
                         0
                         0
                         0
       0.01595097780192283
         0.563862522824069
        0.3724675958244794
        0.5837230839396125
       0.02276629006946177
        0.3083963296526362
        0.2417540448861543
       0.01992634277990728
                         0
                         0
        0.6994954558454404
                         0
                         0
                         0
                         0
       0.01014939552590672
        0.4299817620302936
        0.3174507344284649
                         0
                         0
        0.5881043654571843
       0.01667617002163936
                         0
                         0
       0.01234199633790305
        0.2048623625842375
        0.2707559785897085
        0.3820327067460113
       0.01611054599106664
        0.5460641458824466
      0.005624406064354644
       0.09612539416497176
        0.3201809560871163
        0.2547599826867984
        0.3049452708453379
        0.4849067807875227
        0.2667834395404409
       0.01592166523156129
       0.04081196426986918
                         0
                         0
       0.01061970622640497
      0.005728413834385687
        0.1495279450137287
        0.3909574341857138
        0.2523609260063247
        0.3762367075320288
       0.02345266764478543
        0.2053875027054902
        0.0712274307654272
        0.1512542331951165
       0.01079522233274242
          0.31110086139626
        0.2433713639107391
        0.2877575920655581
      0.002300164323460756
                         0
                         0
         0.035471139806763
      0.004434223540140105
        0.1906183824332925
       0.06720385717171576
        0.1431484310921203
        0.2285224250202321
       0.01437321592596385
       0.08931170022481023
       0.03392066238197911
                         0
                         0
                         0
      0.001137550602254718
        0.1533908436539977
        0.1651901281321489
                         0
                         0
       0.01851195830482495
                         0
                         0
                         0
                         0
                         0
                         0
       0.01575358715500221
       0.08009493745091487
                         0
                         0
       0.01096572791588791
       0.01129815329456947
       0.05717472880335805
     0.0001982542027003901
                         0
                         0
                         0
                         0
                         0
                         0
       0.03432312397631689
      0.005159586782389839
                         0
                         0
      0.003118836392591121
                         0
                         0
                         0
      0.005432567956320037
       0.03006133368265539
     9.593613565140258e-05
       0.01153055243694858
      0.001818222788569361
      0.002455336903115466
      0.009144606113718297
      0.000229285833597276
      0.002054652563600221
       0.01787527557262825
      0.003075948933313893
                         0
                         0
      0.001353003861169501
      0.003746920569958458
      0.005072279416490941
     0.0007991640785894189
     0.0001442478120302938
       0.01297947539717213
      0.002819433226010751
      0.008404018529238751
       0.00142565755712363
      0.002611703359713926
      0.006404001963240616
     0.0003901256132557063
      0.002812041514459184
                         0
                         0
      0.001450033863070507
      0.007828037533644919
      0.001538339606404345
      0.003350477813392325
      0.004111583209854774
     0.0006658768052614634
     0.0001619056085213957
      0.001512882084174988
      0.005172278643352362
      0.003643266654619926
     0.0006483432865876052
      0.001660467801114091
     0.0002909613439364782
      0.001838413690172771
      0.003077733076102379
                         0
                         0
     0.0007783541729234917
     0.0001128308775378276
      0.002344551039320785
      0.002052512263023284
                         0
                         0
     0.0003900784958657994
                         0
                         0
                         0
                         0
     0.0008143433613518436
     0.0001134343381745202
                         0
                         0
      0.001119817986276318
     0.0001848054203381108
     0.0009306456061262429
      0.000698544753914625
      0.001123356107365499
     0.0008879959525317806
     0.0001542014847496809
     0.0003762806681645621
                         0
                         0
                         0
                         0
     7.496022625049619e-05
     0.0005708860036013851
                         0
                         0
     0.0005082921398378395
     9.593047559374522e-05
     0.0005324912382611744
     7.432649569965234e-05
     0.0003275189065919205
     0.0003570522705846477
                         0
                         0
     0.0002127651121632835
     3.202144564831339e-05
     0.0001611721942487725
     3.769817655176086e-05
     0.0001471900264101802
     0.0001357401015089185
                         0
                         0
     4.877727649744535e-05
     0.0002467219730209422
     0.0002529566135600659
     0.0002560192279247973
     4.769343827357382e-05
     4.175138054275847e-05
     9.355526736406284e-05
     7.401920642224201e-05
     0.0001406819952590293
     0.0001086064581840888
     1.762089583342697e-05
     0.0001156185791015422
     9.815131122301198e-05
     0.0001283051920876317
                         0
                         0
     3.412005952291415e-05
     2.585004165853736e-05
       0.00012394548444615
     9.720435909953044e-05
      0.000110222574802423
      2.41862055130677e-05
     3.707934485486662e-05
     7.745250661601306e-05
     5.428501573150051e-05
     7.159790944325929e-05
     6.581581289594344e-05
                         0
                         0
     9.739735730419763e-06
     5.094171709929616e-05
     4.746486426677211e-05
     1.954217101725886e-05
     5.747976374997985e-05
                         0
                         0
                         0
     3.660548351712465e-05
     2.448697172716833e-05
      1.79780415547317e-05
     3.941209850544199e-05
     2.049859107231432e-06
     1.110631268579121e-05
                         0
                         0
                         0
                         0
                         0
                         0
                         0
                         0
     1.814784320293235e-05
     9.316878162924963e-06
     7.885386365402547e-06
     1.390160061006812e-05
                         0
                         0
     2.225521084481936e-06
      4.11939844847625e-07
                         0
                         0
                         0
                         0
                         0
                         0
                         0
                         0
                         0
     8.770912405309291e-06
     6.750482776561528e-06
     4.576768336719908e-06
     3.501098674910632e-06
                         0
                         0
      3.88188766393049e-06
     2.181271865051863e-06
     5.989948151094488e-07
     1.632054580010592e-07
     2.867868872033781e-06
     2.707932059832218e-07
     6.152514142951368e-07
     1.868622936331925e-06
     4.678208642566337e-06
     1.471389579913049e-06
     7.179588766821796e-07
     1.774759549860609e-06
     2.403401203660413e-06
     3.864815781183675e-06
     2.259186684289816e-06
                         0
                         0
     1.403625259836173e-06
     2.642702872827255e-06
     1.566677377351342e-07
     3.676538748807506e-07
     2.040876160852815e-06
     2.669379600367679e-06
     7.096980697644546e-07
     1.289673042176054e-06
      3.64313926025139e-07
     1.480681982069579e-06
      1.44053725462614e-06
     6.904034356986222e-07
     1.428092857344327e-06
                         0
                         0
      1.36007838076348e-06
     1.058295549785623e-06
     2.063055945789392e-06
     1.267931202218457e-07
     1.558335819553168e-06
     2.666018453708639e-07
     1.108172070277561e-06
     6.979893847140601e-07
     1.222901618499025e-06
     3.771504419713198e-07
     7.585252287113879e-07
     8.397503179161139e-07
     2.937824661780829e-07
     7.259103218319917e-07
     1.594048090557246e-07
                         0
                         0
     4.429198563968148e-07
     5.781105736305925e-07
      5.57921918450299e-08
     8.217462134940614e-07
     6.534588271043384e-07
     1.261045085363095e-07
                         0
                         0
                         0
                         0
                         0
                         0
                         0
                         0
                         0
                         0
                         0
                         0
                         0
                         0
                         0
                         0
                         0
