#  lcvt02.txt
#  created by routine LCVT_WRITE.C
#  at 24 September 2006 11:02:16 AM
#
#  Dimension DIM_NUM =        2
#  Number of points N =       85
#  EPSILON (unit roundoff) =  2.22045e-16
#
#  Initialization by RANDOM (C++ STDLIB intrinsic).
#  Sampling by RANDOM (C++ STDLIB intrinsic).
#  Number of sample points    240000
#  Number of CVT iterations   10
#  Energy of CVT dataset      0.00199222
#  Number of Latin iterations 2
#  Energy of Latin dataset    0.00214263
#
  0.852941    0.452941  
  0.782353    0.758824  
  0.876471    0.147059  
  0.358824    0.664706  
  0.323529    0.488235  
  0.511765    0.476471  
  0.405882    0.405882  
  0.947059    0.782353  
  0.723529    0.558824  
  0.111765         0.5  
 0.0411765    0.347059  
  0.158824    0.747059  
  0.135294    0.358824  
  0.288235   0.0882353  
  0.935294    0.252941  
  0.582353    0.805882  
       0.5    0.264706  
  0.735294    0.464706  
  0.594118    0.935294  
  0.264706    0.711765  
  0.558824    0.723529  
  0.347059    0.876471  
  0.311765    0.335294  
  0.829412    0.864706  
0.00588235    0.817647  
  0.605882         0.1  
  0.217647    0.523529  
  0.923529    0.394118  
 0.0882353   0.0411765  
  0.394118   0.0764706  
  0.276471    0.970588  
       0.9    0.688235  
  0.229412    0.417647  
  0.441176    0.617647  
  0.629412    0.547059  
  0.676471  0.00588235  
  0.382353    0.982353  
  0.970588    0.641176  
       0.3    0.605882  
  0.617647    0.311765  
  0.747059    0.111765  
  0.464706    0.841176  
  0.864706         0.3  
  0.252941    0.829412  
  0.417647    0.535294  
  0.958824    0.511765  
       0.7    0.794118  
  0.488235    0.947059  
  0.370588    0.770588  
  0.770588    0.911765  
  0.452941    0.170588  
  0.888235    0.994118  
  0.123529    0.852941  
  0.641176    0.429412  
  0.688235    0.217647  
  0.794118    0.229412  
  0.429412    0.288235  
  0.205882    0.276471  
  0.535294    0.370588  
  0.182353    0.923529  
  0.194118   0.0647059  
  0.547059    0.594118  
  0.982353    0.888235  
  0.711765    0.323529  
  0.805882    0.382353  
  0.335294    0.194118  
  0.570588    0.205882  
 0.0529412    0.582353  
 0.0647059         0.7  
  0.170588    0.629412  
 0.0764706    0.958824  
 0.0294118    0.441176  
  0.241176    0.182353  
  0.841176    0.570588  
  0.664706         0.9  
  0.758824    0.676471  
  0.147059    0.158824  
  0.523529   0.0529412  
       0.1    0.241176  
  0.476471    0.735294  
  0.652941    0.652941  
 0.0176471    0.123529  
  0.994118    0.135294  
  0.817647   0.0176471  
  0.911765   0.0294118  
