#  lcvt01.txt
#  created by routine LCVT_WRITE.C
#  at 24 September 2006 10:22:57 AM
#
#  Dimension DIM_NUM =        2
#  Number of points N =       85
#  EPSILON (unit roundoff) =  2.22045e-16
#
#  Initial SEED      =        123456789
#
#  Initialization by UNIFORM.
#  Sampling by UNIFORM.
#  Number of sample points    10000
#  Number of CVT iterations   40
#  Energy of CVT dataset      0.00193688
#  Number of Latin iterations 5
#  Energy of Latin dataset    0.00214576
#
  0.217647    0.958824  
  0.758824    0.558824  
       0.5   0.0647059  
  0.405882   0.0764706  
  0.158824    0.523529  
  0.229412    0.358824  
  0.476471    0.652941  
  0.923529         0.1  
  0.935294    0.311765  
  0.205882   0.0176471  
  0.817647    0.864706  
  0.311765   0.0882353  
  0.323529    0.935294  
  0.335294    0.382353  
  0.911765    0.194118  
  0.652941         0.5  
  0.876471    0.488235  
  0.888235    0.605882  
  0.288235         0.7  
       0.3    0.264706  
  0.511765    0.229412  
  0.629412    0.276471  
  0.276471    0.582353  
 0.0529412    0.252941  
  0.794118    0.782353  
 0.0647059    0.688235  
  0.135294    0.876471  
  0.805882    0.135294  
  0.958824    0.794118  
  0.723529    0.323529  
  0.982353    0.547059  
 0.0294118    0.464706  
 0.0882353    0.347059  
  0.394118    0.747059  
0.00588235    0.111765  
  0.123529    0.170588  
  0.370588    0.205882  
  0.241176    0.182353  
  0.676471    0.735294  
  0.688235    0.123529  
  0.782353    0.664706  
  0.488235    0.805882  
  0.994118         0.9  
  0.711765   0.0529412  
  0.417647         0.3  
       0.9    0.723529  
  0.464706    0.147059  
  0.864706    0.982353  
  0.735294    0.441176  
  0.641176    0.394118  
  0.594118    0.841176  
  0.170588    0.641176  
  0.841176    0.241176  
  0.441176    0.405882  
  0.358824    0.817647  
  0.770588    0.947059  
  0.182353    0.288235  
  0.194118    0.758824  
  0.429412    0.911765  
  0.617647    0.970588  
  0.852941   0.0411765  
 0.0176471    0.888235  
  0.558824    0.711765  
  0.970588    0.676471  
  0.147059    0.417647  
 0.0411765    0.570588  
  0.664706    0.629412  
  0.605882   0.0294118  
  0.252941    0.829412  
 0.0764706    0.770588  
  0.111765    0.994118  
  0.582353    0.158824  
  0.947059    0.429412  
  0.747059    0.217647  
  0.452941    0.535294  
       0.1  0.00588235  
  0.523529    0.335294  
  0.547059    0.452941  
  0.382353    0.617647  
  0.829412    0.370588  
  0.570588    0.594118  
  0.347059    0.511765  
       0.7    0.852941  
  0.264706    0.476471  
  0.535294    0.923529  
