         1.054914474712484
         0.981110508353522
        0.9529249812936463
        0.8809400837498145
        0.8164925937724484
        0.7835523247809871
        0.6936230674702115
        0.5309457106211647
        0.4644208837046176
        0.4093167824197192
        0.3928474306878753
        0.3705355097117383
        0.3894109323364585
        0.3789995209528356
        0.3621721969100947
         0.381449074905442
        0.3844530646626831
          0.39997874338805
        0.4467872695091668
         0.498370140798416
          0.56311930666058
        0.7211489203119508
        0.7658625458373711
        0.8405394724622535
        0.8917191491727701
        0.9493214371863119
         1.000542768129409
         1.061131076935223
          1.10930234210324
         1.121767960102146
         1.125732537122368
         1.194450029370106
         1.254378090928546
         1.264628931727936
         1.356894145947124
         1.485324622750365
         1.673989882356066
         1.794657708499959
         1.879214796054616
         1.872001825281119
         1.746226161851527
         1.788765497222461
          1.85896427142625
         1.907644025157971
         2.037292437405146
         2.154660443185047
         2.178039562872016
         2.200662025385343
         2.221008198000629
         2.180961265764673
         2.103673021925375
         2.025421260229686
         1.893358748941558
         1.874940919950014
         1.926250286365875
         2.024446368706869
         2.047956436743898
         2.024731405627985
         2.026711154429978
         2.080522291997055
         2.129877231059552
          2.22893688651039
          2.21300743726678
         2.311974841561278
         2.477951413442804
         2.576794045126841
         2.744587654512935
         2.864488954893703
         3.023844968138042
         3.129051309239252
         3.065485298595078
         3.018302568654178
          2.94810140069461
         2.896091996982492
          2.95471031833107
         2.894567511843792
         2.710630060983976
         2.557631735580296
         2.394327607588072
         2.215210394070227
         2.056816936500514
         1.901835351568724
         1.825366620932212
         1.771239934712914
         1.580391292065354
         1.554114647507636
         1.548983200921172
         1.335667064310114
         1.232259839466242
           1.1128458257397
        0.5120929266864371
        0.5528287930928659
        0.5953419293671683
        0.6192442198118815
        0.6212766011873417
        0.6408785695581796
        0.6393467885955477
        0.5999433213071876
        0.5543132059320335
        0.5099479231407941
        0.4973779496179217
        0.4334122556489006
        0.4853399882577604
        0.3985368012510029
        0.4543797823220758
        0.5088199359265092
        0.4182948770846917
        0.4937289903875516
        0.5340503764931992
        0.5617471209739736
          0.59738365091685
        0.4216824358149908
        0.4555738938897847
        0.5138855629151878
        0.5757216119159717
        0.6281319249447014
        0.6590159491917379
        0.3780089280963038
        0.3847556607435584
        0.5705444553954021
        0.6174095621717925
        0.6598894104538332
        0.3721420391697365
        0.4149197052015636
        0.7099168579031134
        0.7257197027221057
        0.3746453279341849
        0.3977961082620167
        0.4639500281132135
        0.5579921310688892
        0.6925226178378556
        0.7548291801976179
        0.3980302480372604
         0.496836080607974
        0.6202464782983665
        0.7457565788661944
        0.7489612351441587
        0.7872505959998641
           0.3780778560173
         0.403890749206965
        0.4359305464864886
         0.440598891615489
        0.6687549233873963
        0.7964306534212648
        0.7915818632474418
        0.3839900208059732
        0.3967066464757366
        0.4357892566363198
        0.4892758777386051
        0.6276288494406225
        0.4142436627760072
        0.4580288043502351
        0.5645324741654927
        0.7163678865891776
        0.7674646064237148
        0.8019736558147913
        0.3817162153400633
        0.3852874478329591
        0.4081083920107056
        0.4174723803490513
        0.5053877506845242
        0.5516994857922978
        0.7268062859414725
        0.7760183562377301
        0.8086926984179779
        0.3668674091323148
        0.3730649256160166
        0.4172016312565437
        0.4538393832705279
        0.5002316526181705
        0.5300996820950126
        0.5871834029961642
        0.6160493025059942
        0.6919670162968808
        0.7855701556766079
        0.8360229753545192
         1.939844678555014
         2.017955768637529
         2.149420624867638
        0.3669002852297403
        0.3896089225533665
        0.4667557601537696
         0.486931391371544
         0.530878482628336
        0.5745385799862749
        0.5535272318143672
        0.6215230075997492
        0.6213858719938998
        0.6749387547326211
        0.8247060301065279
        0.8586212602545535
         1.852100655994713
         1.875285126023873
         1.998040915700363
         1.980517745967563
         2.206529996281179
        0.3756475396801863
          0.37123375839855
        0.3906017994319746
        0.4151173450168764
        0.4517744198349111
        0.4706492367243914
        0.6653540389771372
        0.7694894471557436
        0.8502154585844651
         1.876450685194925
         1.930444120956686
         2.075469159182843
         2.120294891830701
         2.289689091506078
         2.275976245131192
         2.339070573847855
         2.449440030475899
        0.4059830392616572
        0.4091165263306965
        0.5034429670269291
        0.6455394237691489
         0.750240333449309
         0.890028044140211
        0.9036802218923421
         1.788921386377569
         1.806735876912625
          1.95832676670132
          1.94288033874714
         2.040227790492867
         2.143864772175045
         2.190634795238825
         2.501207581678142
        0.3824576682129154
        0.4076497796384793
        0.4854860649430294
        0.5311451083364592
        0.6270339351989812
         0.688058448479534
        0.7223208247053566
        0.8403818417243837
        0.8272240597320512
         0.929405568284476
         1.723862183958579
         1.748144619308309
         1.834201766758131
          1.86214328681043
         2.052037123469648
         2.240551387142262
         2.300299031709154
         2.382881595549078
         2.477857619737487
         2.605997922302556
        0.3940206538201366
        0.3890718754949289
        0.4232893969884109
        0.4104997245490015
        0.4463545262746055
        0.4949489157451605
        0.5273042079375565
        0.5694138145169712
        0.6339714775120919
         0.662486699654064
         0.887123823326791
        0.9234039154631503
         0.961496600670696
         1.671909889884486
         1.697988926719691
          1.76415102261565
         1.814578777353526
         2.000916016450999
         2.193352768442546
         2.260883113761348
         2.365878246022019
         2.418736140932643
          2.38895674463915
         2.563199819204302
        0.4253849987710137
        0.4503076201749935
        0.5669241496629659
        0.5834960055653473
        0.6191550851263107
        0.6564264673465519
        0.6770975255156739
        0.7071644768051822
        0.7232167093884012
         0.942744111128755
        0.9701625361586161
         1.624716854064791
         1.648702086550807
         1.719438925976224
         1.800064801373254
         1.918331988866589
         2.127338041310215
         2.157099572704388
         2.472958980808636
         2.543335445729388
         2.656301773903612
          2.77082979357413
        0.4232308692386493
        0.4507067685987561
        0.4706110939089857
        0.5779257489463133
        0.5335854097122369
        0.6041729467650571
        0.6399462866471154
          0.67254935012428
        0.7827283136517582
         0.920521292025916
        0.9690087003620046
         1.602253945829628
         1.649591721528624
         1.684089014266315
         1.756371555092291
         1.897754048632653
         1.973339573921955
         2.104702284390972
         2.180953832404287
         2.509501959815394
         2.634197265282255
        0.4724311605181604
        0.4757073447665741
        0.5111933487165201
        0.5156784242898877
        0.5167077864806304
         0.618829933469535
        0.6676157371466089
        0.7830642536438397
         1.571314552679084
         1.622284951991152
         1.909776532269879
         1.983971118448852
         2.220432660035037
         2.706210049234368
         2.833088332043624
         2.913092996573171
        0.5480860413928079
        0.5698535299427312
        0.6688145855932749
        0.6164664981313477
        0.7046503623049409
        0.8418177748688117
        0.8921736911606259
        0.8912102801563719
         1.004556232831247
         1.562875229333778
         1.672149985399354
         1.710095750387976
         1.987904996937916
         2.039526629296279
         2.541683274641851
         2.598576878863089
         2.627041606479772
         2.803186671513849
         2.933793990255418
        0.5320834389405644
        0.5875199864600736
        0.5853362010731775
        0.6242868967773408
        0.7378967195009738
         0.918039650736536
        0.9644156219056672
        0.9802707656911306
         1.009047189497661
         1.035298079633281
         1.027477761810007
         1.551423257661507
         1.601987419961059
         1.805511070237396
          1.85693619891545
         1.955233357552833
         2.630733442650337
         2.704810220868796
         2.731037121607458
         2.821538485469206
         2.856546863533695
        0.6148457990600977
         0.641639982498906
        0.7263240908879515
        0.7070210126192547
        0.7542047338100915
        0.7642355820239531
         1.055791773195037
         1.080330558107147
         1.150829973089731
          1.59678742562858
         1.604924658478623
         1.765397563177464
         1.910221099322308
         1.998055646848504
         2.030722246837227
         2.773358399952581
         2.869139425286535
         2.921121533178557
        0.6646409846413945
        0.7030228845304014
        0.7616009815989522
        0.8117730713875133
        0.8057945151317439
        0.8799170662915625
         1.116732837000171
         1.114001883918707
         1.166192879517849
         1.191897268323288
         1.489298217188369
         1.541150518335255
         1.549811128782165
         1.670035209634084
         1.899743296435521
         1.869775099134515
         1.948722908308932
         1.974808919967709
         2.687306227097621
         2.839325819794805
         2.949102890333101
         0.667077376014565
        0.6952925224408144
        0.7349137357655456
        0.7496515934892978
        0.7904228548083554
        0.8000821801547886
        0.8210049677149156
        0.8579426022178549
           1.0167205744927
          1.20062427487107
         1.226726866377835
           1.2839485773108
         1.268561482773148
         1.302046695828732
         1.368513421547923
         1.403263665080227
         1.454487751153785
         1.618386712271956
         1.785360838856085
         1.831497142562731
         2.785125418447833
         2.958083818336032
        0.8656093149648099
        0.9132471999768095
        0.9367516664736433
         1.289889534444632
         1.335465703875546
         1.371359014834856
         1.453192208449178
         1.523978862088284
         1.725620297401726
         1.831593803184651
         1.860154803078415
          3.03399594376911
        0.9592073533224926
          1.00129838060536
         1.003816850857481
         1.146936342090828
         1.385118233657281
         1.420769989204794
         1.602808886074034
         1.923855241572435
         2.841041292926717
         2.946846948490296
         3.049913898350368
          1.02974936714956
          1.04727259806434
         1.081928405612502
         1.260741001989895
         1.497684947659391
         1.614270238044161
         1.895509184048196
         1.959610832683824
         2.918470983694283
         3.017459976647399
         1.083776461314309
          1.11785148386947
         1.124781181845937
         1.188722776128663
         1.197967164614873
         1.373184474694219
         1.433160838689326
         1.537856256371727
         1.991931182971427
         3.084686179870046
         1.309630509866903
         1.701710878153485
         1.831983763710142
          1.94409533360225
         2.050631346031894
         2.972069070828568
         3.074137176597812
         3.106703966331022
         1.114798889084603
         1.170771201382615
         1.269590134167804
          1.51648684984439
         1.908531601713464
         1.999835097568299
         1.164740908014517
         1.683801749469356
         1.938478994901743
         2.016686170099078
         2.077449816154807
         1.144237393295873
         1.488197434112609
         1.793215735708335
         2.027018983301177
            2.067968864793
          1.19540695227354
         1.253671757987646
         2.011642890646533
         2.116887071730409
         1.157629883036938
         1.203418810529894
         1.885414063268669
         2.089979078731486
         2.131353339906759
         1.822055007350467
         1.718237420532316
         1.876939847633135
         2.101779740131311
         2.148480852819626
         1.233111459105798
         1.215008634873509
         1.244740357091977
          1.27600897179535
         1.366573774509236
         1.648675625007738
         2.021086831360545
         2.107357606246118
         2.165471463378766
         1.284337349845431
         1.282746214060645
         1.328086738174387
         1.413677216034593
          1.92215733579432
          2.03570831995609
         2.131643231686114
         2.136010234576747
         2.193341319705708
         1.259806625340773
         1.333722406756613
         1.428502346600263
         1.728433527866173
         2.130252239951352
         2.207705428757027
         1.299260530104469
          1.31819346333647
         1.414479584631835
         1.580175160073052
         2.050422946547019
          2.15462213638941
         2.214620721088171
         1.345486099951872
          1.39410741937089
         1.993877479706512
         2.207835319672563
         1.399966666597117
          1.40617914216037
         1.532488511973072
         1.700751123882655
         1.811548680954569
         1.942771527077344
         2.111060094512783
         2.203759617431295
         1.440197835375107
         1.469690290087093
         1.476153549784634
         1.583622788809596
         1.802153749461799
         1.917681281734505
         2.192354293136948
         2.145460121407388
         1.693891412422285
         1.853857515732901
         2.028867083777454
          2.10994605589048
         1.526288044770387
         1.551597638860826
         1.627387018683744
         1.646147060524336
         1.811598725249371
         1.878317315157067
         1.935719941437395
         2.055641360565498
         2.152787030847889
         2.184811562479441
         1.516535745841754
         1.567252798122795
         1.711885425518524
         1.728806841081545
         1.764658627651929
          1.83510450407036
         1.780901927710747
         1.875242163374905
         1.990170391485261
         1.992079362799269
         2.074775710139847
         2.113443634651004
           2.0945171623794
          2.16197381709629
         1.559842949719629
         1.595687074279579
         1.664065871465649
         1.698692851999286
          1.77000528622184
         1.812177606217918
         1.597774372826501
         1.616778023335232
         1.664156610991071
         1.726589214831721
         1.738368381212939
         1.765404261771131
         1.630180718985733
         1.680866609182305
         1.774207825251197
         1.790208253198913
         1.714088445782112
         1.683458146840106
         1.761135588938487
         1.835002960770177
         1.810593108059627
         1.755022221134598
         1.747309951483584
         1.808518099175463
         1.834342891082405
         1.830675957504869
         1.821551700509356
         1.875984133542579
         1.873590144028649
