        0.2154053860180046        0.9583228093978853
        0.8314575576415716        0.5771712831856489
        0.4377565075628819        0.1136226162375938
        0.3053111084525981        0.1737997675283668
        0.1226928526313918        0.6687741781900541
        0.1576128480242332        0.5191367500406229
        0.4713579408550654        0.7829119522881609
        0.8211821097047292        0.1077178084323383
        0.9132063291561059        0.4687741295144798
        0.2567947576455886        0.2094917554354369
         0.887933611807895        0.8702136623301494
         0.311022783010689        0.2399140615569382
         0.045632596255743        0.9370452752691911
        0.3499414555443519        0.5260433427409075
     0.0004614517932800318        0.0856202900665734
        0.1302151538851628        0.6960913481215951
        0.9072878850514356        0.6374840659446249
        0.9446963379504923        0.7313519380899141
        0.4820234783840338        0.8486012022512156
        0.6204062438105979        0.5077397250788577
        0.7415594072273852        0.3889572720452872
        0.7748712730893489        0.3314868170075669
        0.5589334474959974        0.3744520731521526
        0.2759934721772159        0.4122868877845013
        0.3257229961431931        0.1663961837234307
        0.5306598453738657        0.8500211991462945
         0.566294051788552        0.8941284157771899
        0.1962839708922299        0.6846987912823289
       0.01258508626944015         0.397544932773658
       0.03768513356187101        0.7540397811837409
        0.9766023587183347        0.1458429849078789
         0.293047351903609        0.8168434466589558
        0.6578080031401119        0.4291087827869115
        0.5913123077019879       0.07595554847516141
         0.444903227321034        0.2285415889683987
        0.4084857994539309        0.7008314297444826
        0.2438397162563188        0.7641111233568029
        0.7956502614333339        0.8039439150567618
        0.3653803624933448        0.6777524304189132
         0.355098057549689       0.02305324214636681
        0.6458407566953351        0.2655977836786598
       0.06195029220158663        0.6085610337963284
        0.9952950224861012        0.9834429286015465
        0.1853010092464742        0.2840624101942414
        0.8669281382188866        0.9212190509732259
        0.4585897080868557        0.7172238234041282
       0.09079995959098883        0.7249208464586936
       0.05466643562733078         0.618783592687821
        0.5458423119993787        0.9617377787416526
        0.5868473124951455        0.4927811119856619
        0.2192745240350362       0.07692546508095248
        0.6862916217118401        0.2832861164784588
         0.839759656371853        0.4705446503919004
        0.3939391371530912        0.1050781354981021
        0.6582233211059548        0.1693578350768877
         0.567134145552444        0.1135843062555315
        0.9214352398977022       0.05207696195311915
        0.8874995479158356        0.7649018281019974
        0.5450249146178622        0.9737399868682567
        0.2479592981082653         0.891923312676002
        0.7551161472706758        0.1370871827873792
        0.1842811137688327       0.06267911656870294
        0.9379121725666408        0.5998843345505949
        0.6160108006165035        0.4535259669055819
        0.4909257852429621        0.2596725792850256
        0.1770400520070652       0.09215408898978955
       0.01377365330389975        0.7437910819907492
          0.62671502188591        0.5893728424461141
        0.6493630001546358        0.4139436072686206
        0.9002073672042152        0.4252206014304556
        0.4026482462987062        0.3790755447037736
        0.7026798443740122        0.7801443964010701
        0.7768703129124322        0.6093491253435096
        0.9607496566607918        0.3894794985923939
        0.6319328507742443        0.5054229644382411
        0.5137633183288094        0.1500911556370933
        0.8420527927073743        0.7112870346620405
        0.2711915660561325        0.5266507064764838
        0.3384237561642513        0.6780698600444733
         0.550137774623056        0.3555780898243868
        0.5309556834170815        0.9121711917370209
        0.8712195260362147        0.2265740917417355
         0.990759909181238        0.4417936097418844
        0.3151989334424071        0.7284743711480469
         0.128755892742315        0.8202893278562727
       0.08273328063191075        0.4882475829484466
        0.4671266218583653         0.197133579867112
      0.004076832879155273        0.3293302035789343
        0.9527315594267202        0.9893192873095455
        0.2092618197985981       0.02340536325379245
        0.3439402095105003        0.8131012464746599
        0.6926495023594933        0.4301861583535397
         0.948763448106018       0.04727232561746984
        0.7959766592668831       0.03971230380638101
         0.144690082461647        0.8662159370610079
        0.8012541898717694        0.3691691759406263
        0.2363400422388787        0.5770899144589372
        0.8501923176460763        0.6622826777733973
        0.2649653395146143         0.302461226527664
        0.2958342526318379        0.7362839884756001
