24 December 2011 10:10:34 AM

SIMPLE_GA:
  C++ version

  A simple example of a genetic algorithm.

 Generation  Best  Average  Standard 
 number      value fitness  deviation 

         0 22.1711 13.2513 5.93808
         1 23.9405 15.0133 5.07715
         2 24.7165 16.703 4.51433
         3 24.957 16.605 5.58645
         4 24.957 18.8598 5.27695
         5 24.957 21.6011 3.42284
         6 26.28 21.0815 4.1051
         7 26.28 21.8655 3.32323
         8 26.28 21.7864 4.61288
         9 26.28 20.2361 5.98134
        10 26.28 22.3893 3.55592
        11 26.28 22.2079 3.87453
        12 26.28 22.2991 3.15438
        13 26.28 22.7236 3.35492
        14 26.28 21.525 5.04339
        15 26.48 21.8075 4.49987
        16 26.48 21.7458 5.52932
        17 26.48 21.9678 5.00292
        18 26.48 23.0801 4.37407
        19 26.48 21.8519 4.99269
        20 26.48 22.9187 2.97007
        21 26.48 22.8654 2.97808
        22 26.48 21.9308 4.82288
        23 26.588 21.6227 4.93549
        24 26.588 20.8645 5.12581
        25 26.588 20.7992 3.96108
        26 26.588 21.7221 4.29827
        27 26.588 20.9205 5.33028
        28 26.588 20.1417 6.41641
        29 26.588 21.7613 4.31644
        30 26.588 21.4367 4.78555
        31 26.588 21.453 5.17819
        32 26.588 20.644 4.63267
        33 26.588 21.0814 5.22545
        34 26.588 21.2312 4.26361
        35 26.588 22.2111 4.49931
        36 26.6937 23.1739 3.07204
        37 26.6937 21.3184 4.95236
        38 26.6937 19.9536 5.80944
        39 26.6937 21.8463 3.60139
        40 26.6937 21.8983 4.05407
        41 26.6937 23.061 4.01115
        42 26.6937 22.3105 5.21261
        43 26.6937 22.9525 3.83437
        44 26.6937 23.3714 3.10125
        45 26.6937 22.8861 3.39671
        46 26.6937 21.2634 5.84574
        47 26.6937 21.8342 4.22817
        48 26.6937 21.1696 5.1329
        49 26.6937 22.4651 3.74057
        50 26.6937 21.2827 5.31731
        51 26.6937 21.2533 5.77186
        52 26.6937 22.6431 3.15848
        53 26.6937 22.7881 3.96985
        54 26.6937 22.459 4.24715
        55 26.6937 22.8244 4.02762
        56 26.6937 22.535 4.20975
        57 26.6937 22.5889 4.02867
        58 26.6937 20.9819 4.6563
        59 26.6937 20.0851 6.17926
        60 26.6937 20.4167 5.34205
        61 26.6937 20.1548 5.72946
        62 26.6937 22.096 5.60777
        63 26.6937 20.453 7.3432
        64 26.6937 21.8295 6.10027
        65 26.6937 23.1362 4.45671
        66 26.6937 21.5676 5.80198
        67 26.6937 22.1124 4.93796
        68 26.6937 22.4179 4.07328
        69 26.6937 22.8879 4.17587
        70 26.6937 22.2102 4.36489
        71 26.6937 20.5975 6.0552
        72 26.6937 21.8755 5.74832
        73 26.6937 22.7761 4.95225
        74 26.6937 23.4511 4.58532
        75 26.6937 23.0795 4.72245
        76 26.6937 23.7458 3.50734
        77 26.6937 23.8333 3.53727
        78 26.6937 22.5826 5.69298
        79 26.6937 21.9786 6.9147
        80 26.6937 23.5923 3.64667
        81 26.6937 20.9631 7.03252
        82 26.6937 20.6776 7.00005
        83 26.6937 22.7927 4.43022
        84 26.6937 22.2385 5.38041
        85 26.6937 21.8987 5.19797
        86 26.6937 22.5888 4.58446
        87 26.6937 20.7027 6.00077
        88 26.6937 21.3349 6.12373
        89 26.6937 22.2864 4.50698
        90 26.6937 22.6327 4.55261
        91 26.6937 21.243 6.17827
        92 26.6937 21.4694 5.79131
        93 26.6937 21.0781 5.86359
        94 26.6937 21.4922 6.35654
        95 26.7177 20.1335 6.36876
        96 26.7177 21.7014 4.97781
        97 26.7177 20.7259 5.32091
        98 26.7177 19.6868 5.55334
        99 26.7177 21.9791 4.50963
       100 26.7177 21.0734 4.87278
       101 26.7177 22.2209 4.23526
       102 26.8672 22.4131 3.76899
       103 26.8672 21.586 4.28878
       104 26.8672 20.7417 5.86213
       105 26.8672 20.7447 5.0357
       106 26.8672 18.5815 6.14973
       107 26.8672 19.5812 5.27388
       108 26.8672 19.4611 4.63919
       109 26.8672 20.8193 4.52419
       110 26.8672 21.8281 4.352
       111 26.8672 21.5448 5.00069
       112 26.8672 21.3995 4.79143
       113 26.8672 21.6125 4.12484
       114 26.8672 22.0023 4.78193
       115 26.8672 23.1155 4.83234
       116 26.8672 22.0032 5.69354
       117 26.8672 22.9494 4.57219
       118 26.8672 21.3847 5.19275
       119 26.8672 21.5195 5.26231
       120 26.8672 21.6396 5.87316
       121 26.8672 21.7915 5.01122
       122 26.8672 22.1812 4.78924
       123 26.8672 22.7516 3.85671
       124 26.8672 21.9113 5.83935
       125 26.8672 22.2501 5.24088
       126 26.8672 21.7899 3.85175
       127 26.8672 22.0078 4.36846
       128 26.8672 22.35 5.05616
       129 26.8672 23.1868 4.92241
       130 26.8672 22.83 4.55409
       131 26.8672 23.1827 4.69099
       132 26.8672 23.5275 5.10932
       133 26.8672 24.1866 3.33747
       134 26.8672 22.4349 5.71279
       135 26.8672 23.1326 4.67509
       136 26.8672 22.0918 4.16656
       137 26.8672 19.8111 6.74575
       138 26.8672 19.8572 5.18101
       139 26.8672 20.5957 4.78237
       140 26.8672 20.4522 5.71848
       141 26.8672 20.5789 5.43772
       142 26.8672 19.2019 6.40391
       143 26.8672 19.567 6.74195
       144 26.8672 21.6274 4.29415
       145 26.8672 20.0042 5.80939
       146 26.8672 20.7302 5.036
       147 26.8672 19.9138 5.35233
       148 26.8672 20.6381 5.93123
       149 26.8672 21.0245 5.72359
       150 26.8672 21.7286 5.29575
       151 26.8672 21.4495 5.37209
       152 26.8672 18.5717 6.3256
       153 26.8672 20.8637 4.24928
       154 26.8672 21.3982 4.52271
       155 26.8672 21.3328 5.04283
       156 26.8672 21.2422 5.11252
       157 26.8672 21.9004 5.52342
       158 26.8672 23.3241 4.16593
       159 26.8672 23.0959 5.13028
       160 26.8672 23.778 4.86209
       161 26.8672 23.2365 4.66596
       162 26.8672 21.9563 6.01095
       163 26.8672 22.3786 6.15932
       164 26.8672 24.566 3.63618
       165 26.8672 23.4013 5.41094
       166 26.8672 23.4889 4.82313
       167 26.8672 22.9453 6.29819
       168 26.8672 22.3442 5.55156
       169 26.8672 20.2203 7.4812
       170 26.8672 21.2378 6.72954
       171 26.8672 23.546 4.37359
       172 26.8672 23.9711 3.04197
       173 26.8672 22.6737 5.06379
       174 26.8672 23.6263 4.19998
       175 26.8672 24.421 3.34346
       176 26.8672 23.2399 4.96684
       177 26.8672 22.5665 5.50379
       178 26.8672 21.9845 5.41156
       179 26.8921 22.3721 5.4216
       180 26.8921 23.0047 4.84373
       181 26.8921 22.8598 4.9942
       182 26.8921 22.738 4.98863
       183 26.8921 23.4682 4.07537
       184 26.8921 21.779 6.74482
       185 26.8921 23.8304 3.56697
       186 26.8921 23.5464 2.82944
       187 26.8921 21.5699 5.5238
       188 26.8921 22.1229 5.17037
       189 26.8921 23.5301 2.18832
       190 26.8921 23.3244 3.32629
       191 26.8921 23.9953 2.69744
       192 26.8921 23.929 2.5028
       193 26.8921 23.4264 3.41989
       194 26.8921 23.1857 4.50399
       195 26.8921 21.8472 5.29071
       196 26.8921 22.8348 4.33321
       197 26.8921 21.3984 5.64153
       198 26.8921 21.7374 5.48581
       199 26.8921 23.2134 4.7806
       200 26.8921 23.6869 3.9187
       201 26.8921 22.3403 5.84096
       202 26.8921 23.5111 4.60533
       203 26.8921 22.1012 6.01996
       204 26.8921 23.1864 4.97525
       205 26.8921 23.8354 3.44026
       206 26.8921 21.6678 5.77408
       207 26.8921 22.116 4.90966
       208 26.8921 21.8895 5.12792
       209 26.8921 23.0232 4.40709
       210 26.8921 23.2109 3.92614
       211 26.8921 23.2869 4.63577
       212 26.8921 21.4996 6.05347
       213 26.8921 21.3639 5.71456
       214 26.8921 21.4906 5.4294
       215 26.8921 22.498 4.96497
       216 26.8921 21.9423 5.77656
       217 26.8921 23.0816 4.57126
       218 26.8921 23.356 5.13683
       219 26.8921 23.2205 5.64186
       220 26.8921 23.4758 3.86522
       221 26.8921 22.321 5.65436
       222 26.8921 24.2167 2.0691
       223 26.8961 22.115 5.31602
       224 26.8961 22.0533 5.75188
       225 26.8961 22.5657 5.61755
       226 26.8961 23.9432 3.49513
       227 26.8961 23.9136 3.83414
       228 26.8961 23.6064 3.76875
       229 26.8961 22.8132 4.75386
       230 26.8961 24.2139 3.70402
       231 26.8961 23.7638 4.42076
       232 26.8961 21.9943 6.23459
       233 26.8961 22.7564 5.0721
       234 26.8961 23.0994 5.08367
       235 26.8961 22.4857 5.42214
       236 26.8961 22.4245 4.90072
       237 26.8961 23.2112 4.10241
       238 26.8961 21.4363 6.39563
       239 26.8961 22.365 3.90199
       240 26.8961 21.6416 4.98453
       241 26.8961 22.1171 5.62874
       242 26.8961 23.8211 3.99156
       243 26.8961 24.517 3.24975
       244 26.8961 23.5827 5.44506
       245 26.8961 23.7987 5.42922
       246 26.8961 24.5087 3.98186
       247 26.8961 23.0332 5.16724
       248 26.8961 24.2754 3.69944
       249 26.8961 22.7815 5.44952
       250 26.8961 22.7119 4.92023
       251 26.8961 22.6519 5.22919
       252 26.8961 22.4565 5.48019
       253 26.8961 22.0109 5.73269
       254 26.8961 20.6699 6.9516
       255 26.8961 22.4534 4.41748
       256 26.8961 22.1783 5.46692
       257 26.8961 21.6764 5.32441
       258 26.8961 22.0868 4.94495
       259 26.8961 21.3455 6.16589
       260 26.8961 22.1962 6.07985
       261 26.8961 21.6331 5.75639
       262 26.8961 21.3197 5.5997
       263 26.8961 21.4691 5.43989
       264 26.8961 21.3487 5.64558
       265 26.8961 22.6823 3.93311
       266 26.8961 22.2584 5.01346
       267 26.8961 22.75 3.89078
       268 26.8961 22.6981 4.11118
       269 26.8961 22.5661 5.00384
       270 26.8961 22.3362 5.05034
       271 26.8961 24.153 2.25014
       272 26.8961 23.4811 3.60847
       273 26.8961 23.0392 4.18873
       274 26.8961 22.9967 4.75104
       275 26.8961 22.4494 4.54801
       276 26.8961 21.736 5.08595
       277 26.8961 22.4317 4.90358
       278 26.8961 21.8536 4.75174
       279 26.8961 21.8811 4.7918
       280 26.8961 21.9033 4.38036
       281 26.8961 22.5844 4.28126
       282 26.8961 21.3776 5.48778
       283 26.8961 21.6201 5.01198
       284 26.8961 21.6539 5.9032
       285 26.8961 21.5761 5.83002
       286 26.8961 22.0841 4.97439
       287 26.8961 21.3074 5.4741
       288 26.8961 22.5377 4.28663
       289 26.8961 21.8178 4.40808
       290 26.8961 22.4938 3.27992
       291 26.8961 22.1668 3.85192
       292 26.8961 20.9073 5.57951
       293 26.8961 20.995 5.82437
       294 26.8961 22.3386 4.19122
       295 26.8961 21.5975 6.30576
       296 26.8961 22.2253 4.57992
       297 26.8961 22.3774 5.63151
       298 26.8961 22.4695 4.54089
       299 26.8961 20.4699 6.60043
       300 26.8961 20.045 6.09832
       301 26.8961 20.1682 7.11091
       302 26.8961 21.7059 6.36535
       303 26.8961 22.8084 4.8807
       304 26.8961 20.6377 6.41534
       305 26.8961 21.5793 5.62227
       306 26.8961 22.6479 5.38496
       307 26.8961 22.76 5.02689
       308 26.8961 22.0022 5.31532
       309 26.8961 23.6676 3.40808
       310 26.8961 22.0307 5.52717
       311 26.8961 22.1249 4.7323
       312 26.8961 21.2033 4.90691
       313 26.8961 22.1167 4.33559
       314 26.8961 20.83 5.75096
       315 26.8961 22.7359 4.0714
       316 26.8961 23.0768 4.66344
       317 26.8961 21.7386 4.48507
       318 26.8961 21.9737 4.20956
       319 26.8961 21.8795 5.26851
       320 26.8961 23.9857 2.40174
       321 26.8961 23.894 2.82803
       322 26.8961 22.7815 4.23209
       323 26.8961 21.8595 5.00597
       324 26.8961 22.9645 3.90619
       325 26.8961 21.7152 4.78922
       326 26.8961 21.4015 4.7725
       327 26.8961 22.1798 5.55652
       328 26.8961 23.7587 3.5905
       329 26.8961 21.0871 6.11435
       330 26.8961 19.5117 6.93963
       331 26.8961 21.5661 5.56488
       332 26.8961 22.491 4.40504
       333 26.8961 23.0468 2.95975
       334 26.8961 22.9797 3.70597
       335 26.8961 22.6742 3.70512
       336 26.8961 21.7025 4.07159
       337 26.8961 22.2441 3.32878
       338 26.8961 22.0946 4.88571
       339 26.8961 23.1832 3.08583
       340 26.8961 22.1256 4.71373
       341 26.8961 21.3186 4.93097
       342 26.8961 20.9991 5.14216
       343 26.8961 22.4936 4.41955
       344 26.8961 22.7943 3.26105
       345 26.8961 23.0177 3.57901
       346 26.8961 19.8639 5.55336
       347 26.8961 20.8406 5.46441
       348 26.8961 20.6548 5.50679
       349 26.8961 20.9101 6.44478
       350 26.8961 21.9271 5.06324
       351 26.8961 22.3894 5.28653
       352 26.8961 23.9003 2.64582
       353 26.8961 23.3294 4.86369
       354 26.8961 23.2357 4.06433
       355 26.8961 23.171 4.95106
       356 26.8961 22.4932 5.75622
       357 26.8961 23.1111 4.94529
       358 26.8961 23.7014 6.09939
       359 26.8961 23.1058 4.96927
       360 26.8961 23.1104 4.82741
       361 26.8961 23.3869 3.94358
       362 26.914 22.8904 4.29887
       363 26.914 24.4431 3.65966
       364 26.946 22.9493 5.72866
       365 26.946 22.1489 4.9718
       366 26.946 23.0585 4.46063
       367 26.946 23.5396 4.4612
       368 26.946 23.1755 4.99563
       369 26.946 24.3153 4.75094
       370 26.946 24.9946 2.85594
       371 26.946 24.5166 3.51611
       372 26.946 22.7982 5.65549
       373 26.946 21.427 5.42474
       374 26.946 21.2317 5.29062
       375 26.946 21.0934 5.6505
       376 26.946 20.9923 5.3789
       377 26.946 21.9647 4.92194
       378 26.946 22.0957 5.55813
       379 26.946 23.3838 3.43465
       380 26.946 21.4137 5.28978
       381 26.946 22.1029 4.49576
       382 26.946 22.3836 4.72999
       383 26.946 21.9318 4.68133
       384 26.946 22.5045 4.60569
       385 26.946 22.4571 3.52557
       386 26.946 21.8882 4.64768
       387 26.946 21.1816 5.1542
       388 26.946 22.3779 5.12163
       389 26.946 22.7995 4.95939
       390 26.946 23.4864 4.21737
       391 26.946 23.6864 3.4771
       392 26.946 22.4143 4.83231
       393 26.946 23.781 4.01207
       394 26.946 23.4599 3.60271
       395 26.946 22.612 6.18596
       396 26.946 22.8235 5.02825
       397 26.946 22.3044 6.20135
       398 26.946 21.5438 5.88296
       399 26.946 23.2197 4.17229
       400 26.946 23.7564 3.18412
       401 26.946 22.6958 4.89959
       402 26.946 19.4842 5.62112
       403 26.946 20.721 5.99638
       404 26.946 19.3397 6.61868
       405 26.946 21.3805 5.07901
       406 26.946 22.3534 3.82617
       407 26.946 21.8839 3.33986
       408 26.946 20.8925 5.66174
       409 26.946 21.4145 4.41577
       410 26.946 22.0747 4.42416
       411 26.946 21.276 5.41601
       412 26.946 20.2948 6.86657
       413 26.946 22.1598 4.32644
       414 26.946 22.0932 4.63588
       415 26.946 21.5432 5.43685
       416 26.946 22.0829 4.68788
       417 26.946 22.1833 5.64345
       418 26.946 22.987 4.38659
       419 26.946 21.7966 5.16032
       420 26.946 21.2082 6.28198
       421 26.946 20.0285 6.63256
       422 26.946 20.164 6.70687
       423 26.946 23.0751 5.00454
       424 26.946 23.6528 4.06543
       425 26.946 22.3457 6.6629
       426 26.946 23.6652 4.20478
       427 26.946 22.8519 5.6119
       428 26.946 23.6532 4.44324
       429 26.946 23.6822 3.08814
       430 26.946 21.453 6.94642
       431 26.946 21.7534 5.98461
       432 26.946 21.9084 5.09488
       433 26.946 22.238 3.64078
       434 26.946 21.4055 4.29717
       435 26.946 22.2805 4.02061
       436 26.946 23.1023 3.93078
       437 26.946 21.1907 6.22139
       438 26.946 22.2584 4.94041
       439 26.946 21.886 4.70232
       440 26.946 21.1717 4.83587
       441 26.946 21.546 4.00951
       442 26.946 21.7913 4.09309
       443 26.946 21.7677 4.1754
       444 26.946 22.2604 5.03265
       445 26.946 22.2028 5.60838
       446 26.946 22.3278 3.37044
       447 26.946 20.9015 5.64528
       448 26.946 21.0523 5.00999
       449 26.946 19.4726 6.42704
       450 26.946 20.0641 6.19496
       451 26.946 20.6374 5.473
       452 26.946 21.2075 5.4878
       453 26.946 21.4168 5.18515
       454 26.946 21.5393 4.04518
       455 26.946 20.6288 5.21598
       456 26.946 21.1953 4.8936
       457 26.946 21.2292 6.21888
       458 26.946 22.9211 3.415
       459 26.946 21.0281 5.25641
       460 26.946 21.8983 4.28045
       461 26.946 20.9418 4.85285
       462 26.946 20.7713 5.94801
       463 26.946 20.888 5.60855
       464 26.946 19.7076 5.28051
       465 26.946 20.5359 4.79616
       466 26.946 20.0636 4.87955
       467 26.946 21.0153 4.56193
       468 26.946 20.1224 4.8631
       469 26.946 19.8543 3.97955
       470 26.946 20.9225 4.58909
       471 26.946 21.5274 4.61
       472 26.946 21.3911 4.25563
       473 26.946 22.5261 3.04381
       474 26.946 21.4375 4.59744
       475 26.946 20.6555 5.61645
       476 26.946 21.5061 4.31248
       477 26.946 20.363 5.45256
       478 26.946 21.2725 3.6864
       479 26.946 21.7756 3.08004
       480 26.946 21.4665 4.64167
       481 26.946 21.4893 5.34158
       482 26.946 20.7029 4.41221
       483 26.946 20.947 5.14969
       484 26.946 21.9933 3.6965
       485 26.946 23.6424 1.56956
       486 26.946 23.1893 2.99992
       487 26.946 21.4929 5.6115
       488 26.946 21.3615 5.21564
       489 26.946 22.5043 3.1165
       490 26.946 21.7175 3.92098
       491 26.946 20.7478 5.17074
       492 26.946 21.7434 4.4673
       493 26.946 22.766 4.46665
       494 26.946 22.7978 2.66493
       495 26.946 22.9581 2.90142
       496 26.946 22.4287 4.33136
       497 26.946 22.293 4.17737
       498 26.946 23.2843 2.73007
       499 26.946 22.7392 3.66948
       500 26.946 22.1576 4.30931
       501 26.946 22.6137 4.62182
       502 26.946 22.2886 4.88379
       503 26.946 22.2271 5.02798
       504 26.946 22.5581 4.87215
       505 26.946 23.6424 3.715
       506 26.946 22.7605 3.98562
       507 26.946 21.9587 5.0797
       508 26.946 22.6555 4.80271
       509 26.946 22.3326 5.68035
       510 26.946 24.1405 3.9198
       511 26.946 24.4292 4.21769
       512 26.946 23.94 4.11362
       513 26.946 23.5411 4.53383
       514 26.946 23.3111 4.65305
       515 26.946 21.812 6.67342
       516 26.946 23.4361 4.67068
       517 26.946 21.9462 6.79881
       518 26.946 22.1464 5.73857
       519 26.946 21.1163 5.73095
       520 26.946 21.3208 5.89868
       521 26.946 21.3305 6.80583
       522 26.946 23.4591 4.83789
       523 26.946 22.4018 5.60224
       524 26.946 22.6017 4.8434
       525 26.946 22.0844 5.66276
       526 26.946 22.7695 5.44434
       527 26.946 22.718 5.53219
       528 26.946 21.3685 6.64768
       529 26.946 20.8669 6.17928
       530 26.946 21.5661 6.25108
       531 26.946 21.7475 5.73648
       532 26.946 23.0592 4.6246
       533 26.946 22.6903 4.29336
       534 26.946 22.3313 4.20292
       535 26.946 21.8533 5.10486
       536 26.946 21.5754 5.51562
       537 26.946 21.3422 5.9747
       538 26.946 22.2097 4.35248
       539 26.946 21.1384 4.23187
       540 26.946 21.6902 4.90885
       541 26.946 22.0442 4.44206
       542 26.946 20.9367 5.87168
       543 26.946 20.76 5.72132
       544 26.946 20.8013 5.73427
       545 26.946 22.7826 3.6209
       546 26.946 21.963 5.57736
       547 26.946 22.9386 3.95288
       548 26.946 21.7642 5.05158
       549 26.946 22.7617 3.84546
       550 26.946 21.6108 5.03234
       551 26.946 23.5386 3.54387
       552 26.946 23.0901 4.05036
       553 26.946 21.1723 5.72722
       554 26.946 21.0527 5.64216
       555 26.946 22.4925 3.6813
       556 26.946 22.1992 3.56561
       557 26.946 22.9667 2.35215
       558 26.946 22.9391 3.30938
       559 26.946 23.9559 2.71427
       560 26.946 22.653 5.15892
       561 26.946 22.5359 3.44645
       562 26.946 21.6745 3.62966
       563 26.946 22.5647 3.70481
       564 26.946 23.0621 3.57328
       565 26.946 23.5135 2.63335
       566 26.946 23.1424 4.4811
       567 26.946 23.91 4.16998
       568 26.946 21.9955 5.37705
       569 26.946 22.8888 4.17621
       570 26.946 22.6273 5.44328
       571 26.946 20.9538 5.92629
       572 26.946 22.5244 4.98558
       573 26.946 22.1859 4.58344
       574 26.946 22.057 5.08273
       575 26.946 22.6728 4.76702
       576 26.946 22.234 5.02316
       577 26.946 22.9128 3.98713
       578 26.946 22.8029 4.84717
       579 26.946 22.2631 4.35957
       580 26.946 22.4895 4.84168
       581 26.946 20.7548 4.90914
       582 26.946 19.8679 5.18434
       583 26.946 20.4306 5.99121
       584 26.946 21.0511 5.572
       585 26.946 20.8634 4.34168
       586 26.946 20.8794 4.58794
       587 26.946 21.1649 4.2231
       588 26.946 21.4867 4.22427
       589 26.946 21.3716 6.20934
       590 26.946 21.2815 6.71009
       591 26.946 23.3262 4.36484
       592 26.946 21.0097 6.63197
       593 26.946 23.2142 4.62663
       594 26.946 23.2854 4.32576
       595 26.946 23.4747 3.3567
       596 26.946 22.8465 4.59941
       597 26.946 21.8607 5.61443
       598 26.946 24.179 1.89966
       599 26.946 23.0391 5.07375
       600 26.946 23.0696 4.98404
       601 26.946 23.7116 2.52395
       602 26.946 22.6367 4.80038
       603 26.946 22.6749 4.97667
       604 26.946 23.398 3.27173
       605 26.946 22.0851 4.6951
       606 26.946 22.5223 4.11284
       607 26.946 23.1227 3.40909
       608 26.946 23.0829 4.06332
       609 26.946 23.4851 3.70111
       610 26.946 23.0604 4.50818
       611 26.946 23.3591 3.50795
       612 26.946 23.4524 3.81834
       613 26.946 23.6265 3.99585
       614 26.946 22.4807 6.11585
       615 26.946 22.9429 6.24409
       616 26.946 23.0512 6.30979
       617 26.946 22.6311 4.79068
       618 26.946 23.2579 4.66913
       619 26.946 22.1137 5.99692
       620 26.946 22.6288 5.96712
       621 26.946 24.2823 3.79961
       622 26.946 21.5906 6.51147
       623 26.946 22.8397 5.4346
       624 26.946 24.0606 3.38242
       625 26.946 21.5085 6.84469
       626 26.946 22.7749 4.53363
       627 26.946 22.3678 5.19668
       628 26.946 21.7519 6.14644
       629 26.946 21.0524 6.47049
       630 26.946 18.7416 7.78771
       631 26.946 21.2078 6.65488
       632 26.946 21.5977 6.17755
       633 26.946 21.4425 7.12004
       634 26.946 20.3065 5.82752
       635 26.946 22.125 5.19889
       636 26.946 22.8031 4.74687
       637 26.946 22.5898 4.22309
       638 26.946 21.1923 5.40928
       639 26.946 21.1846 5.50382
       640 26.946 22.9694 4.55769
       641 26.946 21.5438 5.92867
       642 26.946 21.8651 5.18035
       643 26.946 22.6353 4.43308
       644 26.946 21.6629 4.97351
       645 26.946 22.2344 4.06853
       646 26.946 21.5263 4.74974
       647 26.946 22.5965 4.39648
       648 26.946 21.0454 6.26855
       649 26.946 21.1413 6.47224
       650 26.946 21.4363 5.21834
       651 26.946 21.8218 5.46842
       652 26.946 21.6927 5.91077
       653 26.946 22.1235 4.66148
       654 26.946 21.4478 5.77102
       655 26.946 21.434 4.93581
       656 26.946 22.3213 5.42586
       657 26.946 22.6845 4.86957
       658 26.946 22.5156 5.79269
       659 26.946 22.4123 5.93757
       660 26.946 22.573 5.2486
       661 26.946 22.3546 5.60364
       662 26.946 21.3102 5.89255
       663 26.946 22.9063 5.15407
       664 26.946 23.367 3.88141
       665 26.946 23.814 3.63505
       666 26.946 22.4651 5.30254
       667 26.946 22.4486 5.33815
       668 26.946 23.7246 3.55145
       669 26.946 24.7134 2.07859
       670 26.946 23.9215 3.08427
       671 26.946 22.2948 3.70169
       672 26.946 22.7744 3.57195
       673 26.946 22.6469 3.19621
       674 26.946 22.0467 4.50674
       675 26.946 22.341 4.36084
       676 26.946 22.1865 3.74628
       677 26.946 21.4013 5.08162
       678 26.946 21.4799 6.66593
       679 26.946 21.0828 6.04409
       680 26.946 22.1983 4.78455
       681 26.946 21.749 4.13548
       682 26.946 21.411 4.44189
       683 26.946 22.4942 4.09202
       684 26.946 20.1894 5.67048
       685 26.946 20.1022 6.38162
       686 26.946 20.1177 6.07002
       687 26.946 21.6851 4.60865
       688 26.946 21.266 4.73782
       689 26.946 22.3333 2.6138
       690 26.946 21.0715 6.20515
       691 26.946 21.4489 3.66479
       692 26.946 20.453 5.74387
       693 26.946 21.493 5.05677
       694 26.946 22.9561 4.41114
       695 26.946 23.1729 3.30397
       696 26.946 22.044 3.69068
       697 26.946 22.6655 3.64889
       698 26.946 22.5844 3.99454
       699 26.946 20.8951 6.04569
       700 26.946 22.0588 5.43654
       701 26.946 22.9894 4.3435
       702 26.946 23.0236 5.34963
       703 26.946 23.4733 3.07074
       704 26.946 22.81 4.02212
       705 26.946 21.2263 6.18007
       706 26.946 21.2338 5.01673
       707 26.946 20.7333 5.19799
       708 26.946 20.1847 6.106
       709 26.946 20.1243 5.54639
       710 26.946 21.0525 5.5114
       711 26.946 21.1382 5.93127
       712 26.946 21.6945 4.32563
       713 26.946 21.3641 5.44833
       714 26.946 21.2407 4.67006
       715 26.946 22.2875 4.12619
       716 26.946 22.3831 4.25519
       717 26.946 22.6763 4.23674
       718 26.946 21.7695 5.23223
       719 26.946 22.2752 4.19546
       720 26.946 22.3165 4.33138
       721 26.946 21.8148 5.31885
       722 26.946 22.6491 4.62811
       723 26.946 23.086 3.79672
       724 26.946 22.1185 5.3535
       725 26.946 22.6741 3.98923
       726 26.946 22.932 3.39928
       727 26.946 23.8421 2.23932
       728 26.946 23.6308 2.45778
       729 26.946 23.0426 4.3916
       730 26.946 22.1315 5.16974
       731 26.946 22.4072 4.62169
       732 26.946 21.3744 5.64431
       733 26.946 21.8956 5.36956
       734 26.946 21.1491 5.92864
       735 26.946 21.4557 3.96226
       736 26.946 20.8768 4.64546
       737 26.946 21.5265 4.57227
       738 26.946 21.9265 4.45647
       739 26.946 21.7592 4.60632
       740 26.946 22.9171 4.81719
       741 26.946 23.1705 4.53569
       742 26.946 22.7992 4.46926
       743 26.946 21.1763 6.72783
       744 26.946 21.5189 6.09758
       745 26.946 22.4014 5.22014
       746 26.946 22.5942 3.68069
       747 26.946 21.5157 4.32459
       748 26.946 21.544 4.54307
       749 26.946 20.7551 4.74503
       750 26.946 19.392 5.71812
       751 26.946 21.4818 4.11977
       752 26.946 20.3043 6.13026
       753 26.946 21.695 4.65187
       754 26.946 21.6447 4.42482
       755 26.946 22.4308 4.0047
       756 26.946 21.4248 4.8867
       757 26.946 22.3275 4.17585
       758 26.946 20.7089 5.51215
       759 26.946 21.961 4.68739
       760 26.946 22.285 4.7352
       761 26.946 22.4497 4.01016
       762 26.946 22.1763 4.61119
       763 26.946 21.5991 5.04397
       764 26.946 22.6715 4.41453
       765 26.946 21.9825 4.50691
       766 26.946 22.5013 3.65776
       767 26.946 22.5476 4.579
       768 26.946 20.5414 6.07882
       769 26.946 23.1009 6.07836
       770 26.946 22.7313 4.86772
       771 26.946 22.1852 6.01185
       772 26.946 22.5886 4.86923
       773 26.946 23.8989 3.396
       774 26.946 21.7335 5.11599
       775 26.946 20.7681 5.70258
       776 26.946 20.2294 5.96617
       777 26.946 19.2115 5.52483
       778 26.946 20.1643 4.18602
       779 26.946 20.9109 4.98279
       780 26.946 20.9941 4.7004
       781 26.946 19.9224 5.75623
       782 26.946 20.7068 5.67173
       783 26.946 22.3724 3.39712
       784 26.946 22.8518 3.85423
       785 26.946 21.8179 4.7018
       786 26.946 21.5055 4.95881
       787 26.946 21.9725 4.9249
       788 26.946 22.4482 3.81736
       789 26.946 21.6013 4.94494
       790 26.946 21.1538 5.5518
       791 26.946 21.356 4.7793
       792 26.946 19.8694 5.65482
       793 26.946 21.8489 4.9283
       794 26.946 22.2832 5.26398
       795 26.946 22.8995 4.54439
       796 26.946 22.7778 3.31156
       797 26.946 21.1237 4.8577
       798 26.946 20.9697 6.19856
       799 26.946 21.7661 4.98349
       800 26.946 21.9565 4.60722
       801 26.946 22.0707 5.20629
       802 26.946 22.8251 4.21112
       803 26.946 22.746 4.44006
       804 26.946 21.8675 5.86291
       805 26.946 22.4482 4.60232
       806 26.946 21.0432 6.14882
       807 26.946 21.7612 5.14518
       808 26.946 21.8201 5.13979
       809 26.946 22.2856 4.95428
       810 26.946 22.6489 4.73509
       811 26.946 22.1377 5.25438
       812 26.946 22.5692 4.41968
       813 26.946 21.7582 5.01505
       814 26.946 22.8471 4.08402
       815 26.946 23.0699 4.05004
       816 26.946 22.2134 4.88066
       817 26.946 21.4125 4.40009
       818 26.946 19.9067 4.76311
       819 26.946 21.4484 4.71535
       820 26.946 22.0972 4.01646
       821 26.946 22.5473 2.43434
       822 26.946 21.7917 3.25215
       823 26.946 21.7381 4.27702
       824 26.946 21.8892 5.36666
       825 26.946 22.0595 4.45646
       826 26.946 22.2923 4.24342
       827 26.946 22.3234 4.55245
       828 26.946 21.3545 5.04738
       829 26.946 20.0293 6.02053
       830 26.946 22.6335 3.70735
       831 26.946 21.12 5.35342
       832 26.946 22.3034 3.33519
       833 26.946 22.3766 3.93595
       834 26.946 23.1258 3.21822
       835 26.946 21.6416 5.58218
       836 26.946 21.3451 4.04541
       837 26.946 21.5494 3.89996
       838 26.946 20.5475 4.89275
       839 26.946 21.857 4.20894
       840 26.946 21.3524 5.77421
       841 26.946 21.4857 5.49405
       842 26.946 21.8603 4.38513
       843 26.946 22.1917 4.55207
       844 26.946 21.7687 4.43829
       845 26.946 20.8133 4.71207
       846 26.946 19.6351 6.47084
       847 26.946 21.6556 5.37919
       848 26.946 22.8731 4.00312
       849 26.946 23.0897 4.77904
       850 26.946 22.3958 5.12624
       851 26.946 22.8473 3.76703
       852 26.946 22.5572 4.12339
       853 26.946 21.8592 5.21336
       854 26.946 22.9992 5.31121
       855 26.946 22.7329 5.14225
       856 26.946 23.8436 3.33391
       857 26.946 22.8899 5.39036
       858 26.946 23.1969 4.25879
       859 26.946 22.9696 4.74709
       860 26.946 23.3905 4.04258
       861 26.946 22.6925 4.19714
       862 26.946 23.1791 4.49562
       863 26.946 23.8357 3.09168
       864 26.946 22.5589 4.54414
       865 26.946 21.7697 6.19834
       866 26.946 22.6748 4.293
       867 26.946 22.739 4.52513
       868 26.946 21.8089 5.58734
       869 26.946 22.6282 4.32332
       870 26.946 22.8757 4.71739
       871 26.946 23.6831 4.75913
       872 26.946 23.6044 4.65022
       873 26.946 22.3307 6.0642
       874 26.946 23.0756 4.14336
       875 26.946 24.2057 3.39553
       876 26.946 23.6882 5.68559
       877 26.946 22.7085 5.86962
       878 26.946 21.9473 6.57807
       879 26.946 23.2862 4.9992
       880 26.946 23.5235 4.75935
       881 26.946 23.1552 4.06496
       882 26.946 23.6461 3.30744
       883 26.946 24.3398 2.65924
       884 26.946 23.0814 4.483
       885 26.946 23.3214 5.53827
       886 26.946 22.5406 5.0905
       887 26.946 23.1632 4.85974
       888 26.946 21.049 5.80627
       889 26.946 21.9718 5.044
       890 26.946 23.1021 5.102
       891 26.946 24.4356 2.80817
       892 26.946 23.4948 3.57917
       893 26.946 22.7396 4.20795
       894 26.946 22.0087 4.97839
       895 26.946 21.3873 5.70711
       896 26.946 22.2996 5.13016
       897 26.946 22.4238 5.33106
       898 26.946 23.8114 4.78388
       899 26.946 23.0923 4.17913
       900 26.946 22.858 5.63924
       901 26.946 23.3529 4.31639
       902 26.946 24.0445 4.26508
       903 26.946 23.7451 5.60853
       904 26.946 24.1286 4.63702
       905 26.946 24.2197 4.27801
       906 26.946 22.4563 5.0316
       907 26.946 23.2782 4.40984
       908 26.946 23.1371 4.24109
       909 26.946 23.1041 4.44613
       910 26.946 22.6548 5.39531
       911 26.946 21.935 6.01738
       912 26.946 21.6026 5.98945
       913 26.946 23.9694 3.0987
       914 26.946 23.9162 3.56915
       915 26.946 23.279 3.78217
       916 26.946 23.9779 2.53772
       917 26.946 21.2945 5.04536
       918 26.946 22.8416 3.26351
       919 26.946 22.58 4.39641
       920 26.946 21.7462 4.73319
       921 26.946 21.9164 3.60205
       922 26.946 20.3104 5.76594
       923 26.946 21.2802 5.5561
       924 26.946 21.4573 4.60686
       925 26.946 21.35 5.88711
       926 26.946 22.5643 4.2405
       927 26.946 23.2442 4.07366
       928 26.946 22.1902 4.85323
       929 26.946 22.5936 5.59751
       930 26.946 22.9445 5.22695
       931 26.946 24.539 3.61859
       932 26.946 23.4599 4.40937
       933 26.946 23.5514 3.85661
       934 26.946 21.5771 6.20964
       935 26.946 20.5476 7.02031
       936 26.946 22.3401 5.85859
       937 26.946 23.6855 2.82981
       938 26.946 23.1271 5.0806
       939 26.946 24.0909 3.86557
       940 26.946 23.8658 3.50276
       941 26.946 23.9794 2.99531
       942 26.946 22.0521 5.09725
       943 26.946 21.9656 4.96502
       944 26.946 23.0795 3.29109
       945 26.946 23.0551 3.30288
       946 26.946 22.152 4.86914
       947 26.946 22.5034 5.07049
       948 26.946 22.5681 5.19474
       949 26.946 22.9894 4.04566
       950 26.946 22.11 4.59869
       951 26.946 21.4479 5.55423
       952 26.946 22.8319 3.73842
       953 26.946 21.5108 5.82021
       954 26.946 21.9828 5.39371
       955 26.946 22.3535 4.87897
       956 26.946 22.0088 4.36788
       957 26.946 21.8734 5.07988
       958 26.946 22.0161 4.42156
       959 26.946 22.2533 6.51773
       960 26.946 21.4516 6.70738
       961 26.946 21.2824 6.33222
       962 26.946 21.9266 5.8798
       963 26.946 21.1961 5.67294
       964 26.946 21.3249 4.90436
       965 26.946 19.8954 6.36095
       966 26.946 20.5882 6.22472
       967 26.946 18.9589 5.52216
       968 26.946 21.5941 4.93957
       969 26.946 22.3588 5.14234
       970 26.946 20.3113 6.21018
       971 26.946 22.8369 4.8725
       972 26.946 22.0537 5.62634
       973 26.946 23.8994 4.09434
       974 26.946 21.7365 5.41657
       975 26.946 22.2053 4.7814
       976 26.946 22.6409 4.4625
       977 26.946 23.1988 4.77547
       978 26.946 22.9872 5.08742
       979 26.946 21.4904 5.40736
       980 26.946 20.8778 5.20968
       981 26.946 22.126 5.27765
       982 26.946 22.5775 4.18515
       983 26.946 21.851 5.13127
       984 26.946 21.1169 4.37731
       985 26.946 20.407 5.02462
       986 26.946 20.0459 6.1128
       987 26.946 22.3806 6.19977
       988 26.946 23.6505 4.86886
       989 26.946 23.6522 4.53586
       990 26.946 23.873 4.46651
       991 26.946 23.9423 3.40347
       992 26.946 24.2693 4.26351
       993 26.946 23.4379 3.21303
       994 26.946 21.2719 6.52313
       995 26.946 21.0344 5.29401
       996 26.946 22.2812 4.06179
       997 26.946 21.8179 4.73536
       998 26.946 22.8151 3.58707
       999 26.946 22.7326 3.7055


Simulation completed.

Best member:

var(0) = 4.995
var(1) = 0
var(2) = 1.996


Best fitness = 26.946

SIMPLE_GA:
  Normal end of execution.

24 December 2011 10:10:34 AM
